0.612844732386277
0.629485081203576
0.552475893214887
0.711444981339662
0.580686371290866
0.589846583733494
0.767022992750514
0.917260383180404
0.982001979203970
0.581598231941375
1.02139651755780
1.02126886796533
1.01010190741605
0.592311792927797
0.620833021925611
0.602001048017803
0.607528883175692
0.602772754671489
0.554518319588774
0.647947578758536
0.580686371290866
0.711444981339662
0.884995051682883
1.02159665728999
1.02114097264741
1.02160461772145
1.13390344217076
0.581598231941375
0.592311792927797
0.602772754671489
0.602772754671489
0.563729635266926
0.627470665746376
0.511635067330716
0.580686371290866
0.711444981339662
0.580686371290866
0.877231306782726
1.01043188146451
0.633834062242505
1.64718718737781
1.64198546485422
1.65201037370952
1.65204720642282
0.627313217489492
0.592311792927797
0.592311792927797
0.592311792927797
0.580686371290866
0.580686371290866
0.589833914248693
0.778626893911339
0.950915300057008
1.02154451234928
1.06812287631240
1.11663473275420
0.592311792927797
0.563729635266926
0.563729635266926
0.711444981339662
0.580686371290866
0.580686371290866
0.604045603071187
0.609227515485345
0.582887792884634
0.950340350065897
0.950878785075522
0.663570006635700
0.663570006635700
1.02166252922291
1.11648567140202
1.11636559016118
1.13388174073876
0.633834062242505
0.633834062242505
0.574202456620455
0.580686371290866
0.591156301726176
1.11912306159769
1.11897921179298
1.20202105770655
1.66822761093467
0.602772754671489
0.602772754671489
0.701907226490080
0.590093880216687
1.02151711278696
1.11612868730327
1.11778960945591
1.62088824674560
0.711444981339662
0.580686371290866
1.05486483281544
0.555432126194179
0.555432126194179
0.633834062242505
0.633834062242505
0.551663264743201
0.633834062242505
0.633834062242505
0.602772754671489
0.613835860290958
0.602772754671489
0.602599216110472
0.943425220588788
0.943851556116241
0.591156301726176
0.592311792927797
0.701907226490080
0.701907226490080
0.701907226490080
0.525721708013098
0.526069257890113
0.506005368846919
0.528253218490487
0.511692133735715
0.510520151510430
0.527080678817015
0.540415252431997
0.666325351475146
0.647930147094464
0.591156301726176
0.580686371290866
0.580686371290866
0.613671997173246
0.638037240700286
0.943776635781537
0.663570006635700
0.592311792927797
0.592311792927797
0.551663264743201
0.571069613385872
0.518884081727335
0.576703184801726
0.580686371290866
0.605282955889009
0.733480556304531
0.917738264114149
0.950783748330488
0.663570006635700
0.555432126194179
0.592311792927797
0.541964713437632
0.580686371290866
1.02124542368309
1.02136786445613
0.701907226490080
1.84560836723997
0.592311792927797
1.83381171049579
2.01188545579080
2.53754890584999
0.627157641799623
0.582489678414540
1.22734934413677
0.633834062242505
0.641766140418432
0.592311792927797
0.711444981339662
0.660271632744015
0.623266214420418
0.591156301726176
0.711444981339662
0.580686371290866
0.580686371290866
0.591156301726176
0.580686371290866
1.61248074349181
0.633834062242505
0.555432126194179
2.08217932241982
0.602772754671489
0.592311792927797
0.711444981339662
0.711444981339662
0.591156301726176
0.591156301726176
0.711444981339662
2.41578621254156
0.580686371290866
0.580686371290866
0.580686371290866
2.03604344974962
2.50563567739605
0.628421236789393
0.563729635266926
0.571069613385872
0.633834062242505
0.633834062242505
0.592311792927797
0.592311792927797
0.592311792927797
0.711444981339662
0.633834062242505
0.633834062242505
0.563729635266926
0.563729635266926
0.633834062242505
0.633834062242505
0.616785997425202
0.884847351349259
0.591156301726176
1.13400503937953
1.59924016558595
1.68139649931578
1.83376812809261
0.627470665746376
0.608492575045581
0.592311792927797
0.580686371290866
0.972693485821041
1.75381505230597
1.83271145760997
0.711444981339662
0.981894017813615
0.973192753307002
0.982040647900902
0.633834062242505
0.633834062242505
0.633834062242505
0.633834062242505
0.551663264743201
1.64727972825834
0.701907226490080
0.613916822764685
0.592311792927797
0.711444981339662
0.581598231941375
0.581598231941375
0.581598231941375
0.581598231941375
0.663570006635700
0.591156301726176
0.663570006635700
0.571069613385872
0.555432126194179
0.592311792927797
0.633834062242505
0.633834062242505
0.633834062242505
0.633834062242505
0.633834062242505
0.633834062242505
0.633834062242505
0.633834062242505
0.633834062242505
0.592311792927797
0.563729635266926
0.563729635266926
0.563729635266926
0.563729635266926
0.563729635266926
0.563729635266926
0.563729635266926
0.627470665746376
0.557420465253443
0.711444981339662
0.563729635266926
0.633834062242505
0.633834062242505
0.633834062242505
0.633834062242505
0.633834062242505
0.633834062242505
0.633834062242505
0.633834062242505
0.633834062242505
0.633834062242505
0.633834062242505
0.633834062242505
0.633834062242505
0.592311792927797
0.580686371290866
0.591156301726176
0.581598231941375
0.663570006635700
0.591156301726176
1.02150328527008
1.11627673326879
1.11666717870240
1.59893207554740
0.877169116800978
0.943880283371221
0.950566927700888
0.944084137329612
0.591156301726176
0.563729635266926
0.581598231941375
0.563729635266926
1.83371601308908
0.592311792927797
0.592311792927797
0.711444981339662
0.580686371290866
0.603442945045193
0.943489137645683
0.981851976270389
0.665493010182821
0.663570006635700
1.02158602835980
1.02157568757570
0.711444981339662
0.711444981339662
0.711444981339662
0.711444981339662
0.711444981339662
0.711444981339662
0.711444981339662
0.663570006635700
1.11905426338134
1.11896322046718
0.592311792927797
0.711444981339662
0.551663264743201
0.701907226490080
0.877163624826497
0.633834062242505
0.633834062242505
0.633834062242505
0.604955095214326
0.663570006635700
0.663570006635700
1.02153116554945
0.633834062242505
0.633834062242505
0.633834062242505
0.633834062242505
0.592311792927797
0.592311792927797
0.711444981339662
0.711444981339662
0.711444981339662
0.663570006635700
0.663570006635700
0.581598231941375
0.663570006635700
0.663570006635700
0.663570006635700
0.663570006635700
0.663570006635700
0.663570006635700
0.663570006635700
0.663570006635700
0.663570006635700
0.663570006635700
0.663570006635700
0.663570006635700
0.663570006635700
0.663570006635700
0.711444981339662
0.580686371290866
0.663570006635700
1.02142559554793
0.563729635266926
0.701907226490080
0.701907226490080
0.711444981339662
0.711444981339662
1.01008918456781
0.580686371290866
0.580686371290866
0.711444981339662
0.711444981339662
0.711444981339662
0.580686371290866
1.01018964531473
0.701907226490080
0.607585010217117
0.582919425669066
0.884958976849703
0.591156301726176
1.11902596596719
1.12190459826157
1.75419013526563
1.74448170065629
1.76504579097444
1.73386221402949
0.711444981339662
0.711444981339662
0.711444981339662
0.711444981339662
0.711444981339662
0.711444981339662
0.711444981339662
0.711444981339662
0.711444981339662
0.711444981339662
0.711444981339662
0.663570006635700
0.663570006635700
0.663570006635700
0.663570006635700
0.663570006635700
0.663570006635700
0.663570006635700
0.663570006635700
0.663570006635700
0.701907226490080
0.580686371290866
0.711444981339662
0.701907226490080
0.701907226490080
0.711444981339662
0.711444981339662
0.711444981339662
0.580686371290866
0.711444981339662
0.711444981339662
0.711444981339662
0.982063329336910
0.973460832511052
0.973460832511052
0.982058188810243
0.981303808085496
0.592311792927797
0.592311792927797
0.592311792927797
0.627470665746376
0.592311792927797
0.551663264743201
0.592311792927797
0.982034617269398
0.982003908382166
0.972887810032449
0.982021930571252
0.972947164650858
0.981705889655425
0.972924860920307
0.981751466582716
0.972878777717287
0.964900027300929
0.991162718474139
0.663570006635700
0.622930428870585
0.711444981339662
0.598098669076910
0.719300875472423
0.944065736506517
0.581598231941375
0.633834062242505
2.01712575862325
0.608576590778820
0.711444981339662
0.580686371290866
0.711444981339662
0.711444981339662
0.606974831010267
0.982023556705643
0.972739440647921
0.563729635266926
0.633834062242505
0.633834062242505
1.73318698320621
1.75493187999319
1.70883366191730
1.75440187145816
0.711444981339662
0.701907226490080
0.701907226490080
0.592311792927797
0.615546003337910
0.647776419204450
0.580686371290866
0.711444981339662
0.711444981339662
0.711444981339662
0.711444981339662
0.631370922148800
0.592311792927797
0.592311792927797
0.602772754671489
0.617911603301282
0.701907226490080
0.542691394569489
0.617916895401020
0.973315494790229
0.973141442699936
0.617911603301282
0.627470665746376
0.701907226490080
0.701907226490080
0.546728041702422
0.518044093581679
0.503566129563239
0.663570006635700
0.663570006635700
1.02154176040101
0.592311792927797
0.544304940706254
0.580686371290866
0.711444981339662
0.580686371290866
0.583489137200996
0.791257325226361
0.877280251437511
0.581598231941375
0.663570006635700
0.633834062242505
0.633834062242505
0.701907226490080
0.701907226490080
0.544881681082902
0.619060556646634
0.711444981339662
0.711444981339662
0.580686371290866
0.701907226490080
0.600653773059476
0.611585715089161
0.595500372754292
0.663570006635700
0.613921388258323
0.619168752135333
0.597923810988086
0.597750373988063
0.593506522557846
0.711444981339662
0.687831680731510
0.877168089766771
0.877462732058261
0.884963157561576
0.592311792927797
0.701907226490080
0.592311792927797
0.510618677295337
0.608026376459326
0.652314508864458
0.711444981339662
0.619957316104257
0.917227449149854
0.917785326383201
0.927130468822361
0.917337283075562
0.663570006635700
0.633834062242505
0.701907226490080
0.536468442154004
0.676360461943512
0.662392137818313
0.571069613385872
0.551663264743201
0.633834062242505
0.602772754671489
0.581598231941375
0.591156301726176
0.595136814060163
1.11650168521513
0.549735557299733
0.711444981339662
0.711444981339662
0.711444981339662
0.711444981339662
0.711444981339662
0.711444981339662
0.663570006635700
0.594340394933753
0.701907226490080
0.701907226490080
0.592311792927797
0.701907226490080
0.592311792927797
0.701907226490080
0.592311792927797
0.701907226490080
0.535717328607482
0.592311792927797
0.580686371290866
0.711444981339662
0.711444981339662
0.711444981339662
0.711444981339662
0.663570006635700
0.563729635266926
0.701907226490080
0.637943872575945
0.709449894357757
0.638591009955478
0.917440972615551
0.633834062242505
0.563729635266926
0.701907226490080
0.711444981339662
0.711444981339662
0.593185687197195
0.602569918437319
0.585538322823391
0.583671583750217
0.663750089067065
0.633834062242505
0.633834062242505
0.583410032884852
0.614652219000349
0.701907226490080
0.711444981339662
0.591156301726176
0.711444981339662
0.711444981339662
0.592311792927797
0.711444981339662
0.711444981339662
0.711444981339662
0.711444981339662
0.711444981339662
0.711444981339662
0.711444981339662
0.711444981339662
0.633834062242505
0.701907226490080
0.701907226490080
0.701907226490080
0.711444981339662
0.592311792927797
0.711444981339662
0.592311792927797
0.701907226490080
0.711444981339662
0.711444981339662
0.711444981339662
0.711444981339662
0.633834062242505
0.580686371290866
0.877168317998040
0.591156301726176
0.663570006635700
1.11627595695197
1.12312282447577
0.544906085922362
0.711444981339662
0.711444981339662
0.580686371290866
0.580686371290866
0.711444981339662
0.711444981339662
0.687918150889182
0.686938791168113
0.688027378578062
0.746795313576956
0.746353159729158
0.633834062242505
0.633834062242505
0.633834062242505
0.633834062242505
0.633834062242505
0.592311792927797
0.605261497058391
0.605511727010908
0.701907226490080
0.701907226490080
0.592311792927797
0.572064964828650
0.580686371290866
0.580686371290866
0.580686371290866
0.580686371290866
0.620907062860690
0.592311792927797
0.592311792927797
0.592311792927797
0.592311792927797
0.592311792927797
0.701907226490080
0.592311792927797
0.701907226490080
0.592311792927797
0.592311792927797
0.534819996636187
0.605877982322142
0.617646693247416
0.624364892974634
0.628856508345422
0.580686371290866
0.580686371290866
0.711444981339662
0.580686371290866
0.580686371290866
0.711444981339662
0.711444981339662
0.711444981339662
0.711444981339662
0.711444981339662
0.580686371290866
0.711444981339662
0.711444981339662
0.608947901073510
0.943513711083591
0.633834062242505
0.583758023260952
0.608693524170886
0.594543576672067
0.592311792927797
0.711444981339662
0.711444981339662
0.711444981339662
0.711444981339662
0.614828676271361
0.602140350074994
0.592311792927797
0.592311792927797
0.511645330265335
0.592311792927797
0.571069613385872
0.602772754671489
0.917512529470101
1.11644326235880
0.563729635266926
0.633834062242505
0.592311792927797
1.01058773719707
1.02152948928205
1.02141086098236
1.02138700221845
1.06864603483869
0.600261415626237
0.592311792927797
0.625738003094651
0.663570006635700
0.592311792927797
0.711444981339662
0.580686371290866
0.592311792927797
1.11648732038079
0.680396572313087
0.598278385457532
0.648496617719357
0.551663264743201
0.591156301726176
0.943585214659813
1.06891044961534
0.711444981339662
1.06878247656882
0.512146934943835
0.633834062242505
0.555432126194179
1.84582906288507
0.627470665746376
2.57935911033360
0.577909214877144
0.600032168755883
0.660711780597297
0.615196789973542
0.592311792927797
0.617972537717767
0.509957064687192
0.592311792927797
0.711444981339662
1.64718718737781
2.78328422791151
0.592311792927797
0.711444981339662
0.711444981339662
0.711444981339662
0.627470665746376
1.06884161919724
0.563729635266926
3.03474692497537
0.711444981339662
0.637010040601260
0.592311792927797
0.592311792927797
0.632166431037799
0.633834062242505
1.16691454363197
0.514725496207298
0.644103054634705
0.555432126194179
0.571069613385872
0.580249984013079
1.14320162655408
0.633834062242505
0.711444981339662
1.74329711284693
0.551663264743201
0.633834062242505
0.633834062242505
0.711444981339662
0.563729635266926
0.633834062242505
0.633834062242505
0.633834062242505
0.633834062242505
0.633834062242505
0.633834062242505
0.633834062242505
0.633834062242505
0.633834062242505
0.633834062242505
0.633834062242505
0.633834062242505
0.633834062242505
0.633834062242505
0.633834062242505
0.633834062242505
0.633834062242505
0.633834062242505
0.563729635266926
0.633834062242505
0.633834062242505
0.633834062242505
1.13412155596563
1.59926248800509
1.11645056102603
0.591156301726176
1.11633145938463
0.592311792927797
1.02157847971939
1.16694349043869
0.581598231941375
0.563729635266926
0.711444981339662
1.02106282578221
0.591156301726176
1.02152112811428
0.972741104739719
0.972823795075998
1.02161966800458
0.604387351534495
0.917422153404576
0.592311792927797
1.11915660566874
1.11751453186153
0.711444981339662
0.711444981339662
0.580686371290866
1.11728825060115
1.11702127724235
0.711444981339662
1.02153251067686
1.11296399295414
0.711444981339662
0.877368429647221
0.596420176939677
0.627470665746376
0.582994418231269
1.11658430750510
0.877403313975216
0.633834062242505
1.01020002699131
0.711444981339662
0.591156301726176
0.663570006635700
0.711444981339662
0.663570006635700
0.633834062242505
0.711444981339662
0.711444981339662
1.64690847610999
0.972817220581318
0.585432656488035
0.591165684338170
0.982042821834568
0.585234507053652
0.580686371290866
0.580686371290866
0.982002697923192
0.982073533754273
0.623026152886792
0.620878998649651
0.623016137339072
0.622867445434921
0.566891785264491
0.614291991993660
0.566796736477393
0.602772754671489
0.566895874463675
0.641766140418432
0.525287536737330
0.592311792927797
0.670633410905680
0.611294651400245
1.75484462094530
0.982057905315105
0.637060198115459
0.663570006635700
0.648677306841793
0.663570006635700
0.586644221160145
0.549407844695736
1.02137130668857
0.583867838421029
0.917569796162389
0.711444981339662
0.711444981339662
0.592311792927797
0.547396684103951
0.585994497813555
0.701907226490080
0.534056713282515
0.563729635266926
1.11672089721148
1.75494751286875
0.600091242195393
0.711444981339662
0.711444981339662
0.701907226490080
0.711444981339662
0.711444981339662
0.711444981339662
0.592311792927797
0.711444981339662
0.580686371290866
0.711444981339662
0.711444981339662
0.591156301726176
0.580686371290866
0.580686371290866
0.711444981339662
0.592311792927797
0.701907226490080
0.592311792927797
0.701907226490080
0.711444981339662
0.711444981339662
0.591156301726176
0.528890122587308
0.615343206866401
0.614636860645567
0.592311792927797
0.711444981339662
0.592311792927797
0.580686371290866
0.711444981339662
0.701907226490080
0.701907226490080
0.663570006635700
0.592311792927797
0.591156301726176
0.591156301726176
0.591156301726176
0.591156301726176
0.663570006635700
0.592311792927797
0.701907226490080
0.884919145414093
0.701907226490080
0.624337769157967
0.711444981339662
0.563729635266926
0.711444981339662
0.711444981339662
0.711444981339662
0.711444981339662
0.580686371290866
0.547977665165444
0.582552728713091
0.711444981339662