   4.9952864e-05
  -4.6039922e-05
   5.0142449e-05
  -4.6740142e-05
   5.2496540e-05
  -4.0486451e-05
   6.0039316e-05
  -3.7760479e-05
   6.3646371e-05
  -3.3842396e-05
   6.9355584e-05
  -2.9918845e-05
   7.5299549e-05
  -2.6930267e-05
   7.5803937e-05
  -7.7738182e-05
   5.8682676e-05
   1.6471870e-05
   1.4731244e-04
   5.4517865e-05
   1.5779785e-04
   1.4066103e-05
   8.7274038e-05
  -5.7585128e-06
   9.5332526e-05
  -7.4905801e-06
   1.2708617e-05
  -2.3550154e-04
  -1.7094252e-04
  -2.6553571e-04
  -1.0565913e-04
  -1.7907194e-05
   1.7540261e-04
   1.9765098e-05
  -1.0391558e-04
  -6.8851196e-04
  -8.9764737e-04
  -5.7484901e-04
   4.3677240e-04
   1.0423188e-03
   1.1523339e-03
   4.8319299e-04
   4.3670016e-04
   2.1026523e-04
   5.7235766e-04
   1.0113526e-03
   1.3227128e-03
   8.6364188e-04
   4.9823350e-04
  -2.3849988e-04
  -1.0045710e-03
  -1.2746365e-03
  -6.9805303e-04
  -1.3018083e-04
   4.9001621e-04
   7.5661406e-05
  -1.0412840e-03
  -1.9628491e-03
  -1.6531160e-03
  -8.9012386e-04
   1.3182742e-03
   3.3415066e-03
   4.5146082e-03
   4.5954339e-03
   3.6675102e-03
   1.1288782e-03
  -7.2941618e-04
  -5.6567306e-03
  -8.2755375e-03
  -6.2298517e-03
  -2.4166613e-03
  -8.5351507e-04
   1.3108873e-04
   1.5009666e-03
   1.8308947e-03
   4.1748136e-04
  -3.6582946e-03
  -6.0861240e-03
  -4.4883605e-03
  -1.5773927e-04
   3.0847114e-03
   3.6069316e-03
   2.7402699e-03
   1.9187688e-03
   4.0221045e-03
   6.5432424e-03
   8.7656071e-03
   9.5003210e-03
   8.1881971e-03
   4.2634101e-03
  -1.5637385e-03
  -9.9076710e-03
  -1.7039973e-02
  -1.7552756e-02
  -6.7765624e-03
   5.7622225e-03
   1.1546443e-02
   3.5655783e-03
  -7.8275762e-03
  -1.6647787e-02
  -1.3733923e-02
  -9.5658588e-04
   1.1438146e-02
   1.6266926e-02
   1.5973340e-02
   1.5535856e-02
   1.1852199e-02
   4.8062224e-03
   4.1816342e-04
  -3.1415738e-04
   1.5556292e-03
   1.3349612e-03
  -2.6502937e-03
  -7.2536806e-03
  -7.4023285e-03
  -4.4964502e-03
  -2.5255375e-03
  -2.1130069e-03
  -4.0251894e-03
  -7.3743431e-03
  -1.3542126e-02
  -1.8697163e-02
  -2.0363595e-02
  -2.0350514e-02
  -1.4963913e-02
  -4.4342641e-03
   6.3984994e-03
   9.0562645e-03
   5.3283319e-03
   5.9457480e-04
  -1.1201116e-03
   4.4985589e-03
   1.8347932e-02
   2.1854370e-02
   1.6236272e-02
   1.1092234e-02
   9.0353081e-03
   8.9123025e-03
   9.0424020e-03
   7.8109151e-03
   2.6812533e-03
  -3.3607969e-03
  -4.9860642e-03
  -5.2852475e-03
  -6.3684509e-03
  -7.9595630e-03
  -1.0192015e-02
  -1.1867689e-02
  -1.0138192e-02
  -4.3846063e-03
  -5.1064795e-05
   8.1326168e-05
  -2.5497676e-05
   1.6531355e-03
   6.9987533e-03
   1.3575123e-02
   1.7724313e-02
   1.6345220e-02
   1.0773265e-02
   6.6442501e-03
   3.6789777e-03
  -4.6540795e-03
  -1.3291169e-02
  -1.5962145e-02
  -1.6090227e-02
  -1.3931513e-02
  -1.1948000e-02
  -9.6402479e-03
  -5.7999116e-03
  -2.6900720e-03
  -2.5363476e-03
  -6.0191934e-03
  -1.2356392e-02
  -1.3188989e-02
  -1.0154333e-02
  -9.1367062e-03
  -6.0674259e-03
   1.4352465e-03
   7.0976784e-03
   1.2458571e-02
   1.8881997e-02
   2.0790209e-02
   1.9045809e-02
   1.6121597e-02
   1.3615409e-02
   1.2219394e-02
   1.2840213e-02
   1.2622318e-02
   1.1890403e-02
   4.6811472e-03
  -2.4545717e-03
  -4.2267037e-03
  -6.8648790e-03
  -1.0715082e-02
  -1.2473410e-02
  -1.2913041e-02
  -1.0083914e-02
  -7.7950350e-03
  -5.9290479e-03
  -3.1652637e-03
   9.0571757e-04
   6.3650016e-03
   9.3745820e-03
   9.4779977e-03
   9.3963846e-03
   7.3968616e-03
   6.4283396e-03
   4.5368273e-03
   9.6329586e-04
  -1.9971800e-03
  -4.2986001e-03
  -6.6913046e-03
  -7.8790562e-03
  -8.4126008e-03
  -8.9384005e-03
  -9.4762405e-03
  -1.2325868e-02
  -1.7513251e-02
  -2.0044887e-02
  -1.8743437e-02
  -1.2681152e-02
  -2.2056255e-03
   4.6400738e-03
   5.8266084e-03
   4.7235353e-03
   1.8236251e-03
   1.2778971e-04
  -2.2749837e-03
  -4.5243770e-03
  -3.8980967e-03
  -9.2843779e-04
   1.1616797e-02
   2.2137998e-02
   2.1623523e-02
   1.8795958e-02
   1.4647548e-02
   1.0372358e-02
   6.9956944e-03
   3.8891675e-03
  -2.1026523e-03
  -8.3700370e-03
  -1.1488715e-02
  -1.0806067e-02
  -6.5740914e-03
  -1.2424468e-03
   7.4661742e-04
   6.4368719e-04
  -1.5390267e-03
  -2.1154735e-03
  -3.9443247e-05
   4.8835857e-03
   6.8027906e-03
   8.3652860e-03
   8.5897548e-03
   1.1297438e-02
   9.2042617e-03
   1.7914939e-03
  -1.4731244e-03
  -2.7615193e-03
  -1.2949096e-02
  -2.6050745e-02
  -3.6700810e-02
  -4.7645241e-02
  -4.9873398e-02
  -4.2286692e-02
  -2.3325880e-02
  -1.2956190e-03
   1.8196746e-02
   2.9274140e-02
   2.5027912e-02
   2.1047154e-02
   1.5356099e-02
   8.7847413e-03
   6.5860666e-03
   1.0603401e-02
   1.2708682e-02
   1.2673863e-02
   9.8260578e-03
   1.1246999e-02
   1.5291538e-02
   1.9579419e-02
   1.8792704e-02
   1.6973915e-02
   1.0967601e-02
   6.1264815e-03
   5.0258360e-03
   7.1751914e-03
   7.0229639e-03
  -9.9068249e-05
  -7.6429377e-03
  -5.9202813e-03
  -5.2900050e-03
  -4.3608383e-03
  -1.2883233e-02
  -2.5815277e-02
  -3.5209319e-02
  -3.2519598e-02
  -2.9223962e-02
  -2.7962993e-02
  -2.6718880e-02
  -2.4995826e-02
  -1.6313134e-02
   8.8263939e-03
   3.3031666e-02
   5.5833178e-02
   7.9335952e-02
   9.8965419e-02
   9.6623108e-02
   8.9997080e-02
   7.5506510e-02
   4.7946117e-02
   2.0870846e-02
  -3.6874189e-03
  -1.8161927e-02
  -1.6560382e-02
  -3.3252750e-03
   1.7615431e-02
   3.5917675e-02
   4.9156322e-02
   4.4322531e-02
   3.2151428e-02
   1.7525096e-02
   7.0597354e-03
  -4.4885297e-03
  -1.3171222e-02
  -1.9773234e-02
  -2.3115014e-02
  -2.3556141e-02
  -1.5739629e-02
  -1.2091962e-02
  -1.5818183e-02
  -2.7996185e-02
  -5.7390402e-02
  -9.3068313e-02
  -1.2762766e-01
  -1.4368931e-01
  -1.2818736e-01
  -1.1928996e-01
  -1.0150753e-01
  -5.5514731e-02
  -1.0233147e-03
   3.9765534e-02
   7.4680616e-02
   9.1426938e-02
   7.1445376e-02
   4.6703371e-02
   6.0170587e-02
   5.4849199e-02
   1.4621125e-02
  -5.0817547e-02
  -1.0292372e-01
  -1.6483259e-01
  -1.5304033e-01
  -1.2905231e-01
  -6.8325332e-02
   3.2913542e-02
   7.5050284e-02
   9.9364373e-02
   2.2445187e-01
   2.4157241e-01
   1.8759772e-01
   1.6019743e-01
   1.6440240e-01
   1.9210402e-01
   1.7718586e-01
   1.1723662e-01
   5.5338943e-02
   1.7147359e-04
  -2.8942872e-02
  -4.4649309e-02
  -7.7373070e-02
  -8.9750419e-02
  -8.0759301e-02
  -1.1234048e-01
  -1.6698682e-01
  -2.0896749e-01
  -2.4812945e-01
  -2.9017781e-01
  -3.1230123e-01
  -3.0038662e-01
  -2.8483456e-01
  -2.6528124e-01
  -1.8519554e-01
  -8.3947032e-02
  -3.0481807e-03
   2.0795611e-02
   1.5850464e-02
   1.6778928e-02
   1.4327279e-02
   1.2347085e-02
   1.0325629e-02
   1.4355004e-02
   2.3178274e-02
   4.1156993e-02
   5.0866229e-02
   4.7183418e-02
   2.9258651e-02
   2.1241230e-02
   2.2945214e-02
   4.1958937e-02
   7.8280317e-02
   1.1312342e-01
   1.4525584e-01
   1.7786662e-01
   2.0503587e-01
   2.1528047e-01
   2.0886336e-01
   1.9762821e-01
   1.9073794e-01
   1.7222919e-01
   1.3516939e-01
   9.4425279e-02
   7.8724829e-02
   8.0589437e-02
   9.8108285e-02
   1.1831113e-01
   1.2132899e-01
   1.1953923e-01
   1.1804494e-01
   8.7312436e-02
   4.1542281e-02
  -2.7480473e-05
  -2.4466838e-02
  -3.3397754e-02
  -4.7851487e-02
  -9.0097307e-02
  -1.3898777e-01
  -1.8152685e-01
  -2.2367674e-01
  -2.6575308e-01
  -2.8793378e-01
  -2.7813173e-01
  -2.6292265e-01
  -2.4468595e-01
  -2.3014592e-01
  -2.1828662e-01
  -2.0614162e-01
  -1.9592761e-01
  -1.8818346e-01
  -1.8320988e-01
  -1.7736354e-01
  -1.6778993e-01
  -1.3926697e-01
  -9.7913689e-02
  -6.1860253e-02
  -3.6155485e-02
  -9.2705154e-03
   3.1462011e-02
   9.2010726e-02
   1.4929225e-01
   2.0099882e-01
   2.5586383e-01
   2.9302581e-01
   3.1742711e-01
   3.3612200e-01
   3.2155593e-01
   3.0299447e-01
   2.9409381e-01
   2.8229049e-01
   2.6429134e-01
   2.5239820e-01
   2.6574397e-01
   2.5440664e-01
   2.0631539e-01
   1.6211801e-01
   1.2458896e-01
   9.2289278e-02
   6.2440787e-02
   5.3182507e-02
   5.5699564e-02
   5.2746130e-02
   4.6847983e-02
   4.1101674e-02
   3.7808120e-02
   3.2613773e-02
   1.0292958e-02
  -1.6650130e-02
  -4.0033869e-02
  -6.2761968e-02
  -8.4464436e-02
  -9.8181828e-02
  -9.6742208e-02
  -9.4228730e-02
  -9.4006800e-02
  -1.0055733e-01
  -1.3240209e-01
  -1.6860606e-01
  -2.0027640e-01
  -2.3181463e-01
  -2.6265712e-01
  -2.9052015e-01
  -2.9775860e-01
  -2.8557389e-01
  -2.7842070e-01
  -2.6442280e-01
  -2.5418015e-01
  -1.9313623e-01
  -9.7553784e-02
  -1.2030199e-02
   1.8210608e-02
   3.0490854e-02
   5.3443747e-02
   5.8878248e-02
   5.7117772e-02
   5.3341178e-02
   4.7660666e-02
   4.9127035e-02
   6.9944579e-02
   1.1890012e-01
   1.7189597e-01
   2.1090043e-01
   2.4218679e-01
   2.7063881e-01
   2.7587208e-01
   2.6371926e-01
   2.5260841e-01
   2.3379378e-01
   2.1050669e-01
   1.8046015e-01
   1.5165799e-01
   1.3076527e-01
   1.1007692e-01
   8.2293291e-02
   3.7026742e-02
  -2.1534946e-02
  -5.1343737e-02
  -5.3957637e-02
  -6.0795897e-02
  -7.2592777e-02
  -8.2217145e-02
  -9.2352408e-02
  -1.1450512e-01
  -1.5244288e-01
  -1.8410801e-01
  -2.1647018e-01
  -2.2816807e-01
  -2.2194164e-01
  -2.1899667e-01
  -1.9139007e-01
  -1.2303089e-01
  -1.1480775e-01
  -1.2177481e-01
  -1.3308220e-01
  -1.5475460e-01
  -1.6259116e-01
  -1.6833467e-01
  -1.7918844e-01
  -1.8851148e-01
  -1.8926123e-01
  -1.8727101e-01
  -1.8119493e-01
  -1.7068349e-01
  -1.5814213e-01
  -1.4355654e-01
  -1.2716232e-01
  -1.0190584e-01
  -4.6038880e-02
  -2.5819833e-03
   7.8071403e-03
   3.4172688e-02
   7.6111125e-02
   1.1234569e-01
   1.4619888e-01
   1.7968177e-01
   2.1326227e-01
   2.2985890e-01
   2.1864653e-01
   2.0110946e-01
   1.9309197e-01
   1.9608771e-01
   1.9492469e-01
   1.9339265e-01
   1.8667876e-01
   1.7128875e-01
   1.5079890e-01
   1.2641387e-01
   1.0508706e-01
   7.9568947e-02
   5.4280185e-02
   3.7501126e-02
   3.3489390e-02
   3.2634273e-02
   3.1618730e-02
   4.1042319e-02
   4.8431305e-02
   4.6576525e-02
   3.8060379e-02
   2.4161537e-02
   8.7741329e-03
  -5.2890027e-03
  -2.5597512e-02
  -6.0094571e-02
  -6.9310677e-02
  -7.0113793e-02
  -9.7139210e-02
  -1.2731331e-01
  -1.2809364e-01
  -1.2277968e-01
  -1.1828705e-01
  -1.0955300e-01
  -1.0240632e-01
  -9.6930296e-02
  -9.9785456e-02
  -1.0882148e-01
  -1.1889101e-01
  -1.2079922e-01
  -1.1985162e-01
  -1.1409249e-01
  -9.4635495e-02
  -7.4354554e-02
  -5.5873204e-02
  -3.8651261e-02
  -3.2588846e-02
  -3.1698911e-02
  -2.6521941e-02
  -2.0224319e-02
   4.8471851e-03
   4.3828621e-02
   7.8362972e-02
   1.1206583e-01
   1.4003234e-01
   1.5059780e-01
   1.5165213e-01
   1.5059129e-01
   1.4131706e-01
   1.0292893e-01
   5.1397560e-02
   2.8076431e-02
   2.6089209e-02
   2.4614444e-02
   2.3921969e-02
   2.6212344e-02
   2.5828164e-02
   2.2149258e-02
   1.8531464e-02
   1.7083513e-02
   1.8777865e-02
   2.5123518e-02
   3.9755707e-02
   3.3607904e-02
   4.4663562e-03
  -2.0315825e-02
  -4.4443974e-02
  -5.9991415e-02
  -6.8639679e-02
  -7.6696865e-02
  -7.2815358e-02
  -6.7842421e-02
  -7.1764279e-02
  -7.1644528e-02
  -7.3145976e-02
  -7.1923080e-02
  -5.1055683e-02
  -2.5390095e-02
  -5.1734426e-03
   1.6601839e-02
   2.7591698e-02
   3.1106011e-02
   4.2691959e-02
   5.7403679e-02
   6.8752271e-02
   8.1466746e-02
   8.5466703e-02
   8.4085006e-02
   8.4706542e-02
   9.0103165e-02
   9.9287576e-02
   1.1057219e-01
   1.1429165e-01
   1.1242639e-01
   1.0951526e-01
   1.0536236e-01
   9.9251130e-02
   8.7661928e-02
   7.0650071e-02
   5.6509774e-02
   5.3240756e-02
   5.7764104e-02
   6.0914282e-02
   5.9800854e-02
   5.3890407e-02
   4.5269022e-02
   3.3722449e-02
   1.7491579e-02
  -3.6598045e-04
  -4.4706321e-02
  -9.7080636e-02
  -1.1325684e-01
  -1.1758090e-01
  -1.2412818e-01
  -1.1572541e-01
  -9.5949506e-02
  -8.4795705e-02
  -8.1361963e-02
  -8.8305592e-02
  -1.0240111e-01
  -1.1727437e-01
  -1.3121564e-01
  -1.4469158e-01
  -1.5638947e-01
  -1.5486199e-01
  -1.0944887e-01
  -4.5787598e-02
  -2.2578085e-03
   5.3122176e-03
  -2.2147826e-02
  -8.8195603e-02
  -1.4493889e-01
  -1.4449633e-01
  -1.3413914e-01
  -1.3040341e-01
  -1.2002539e-01
  -1.0661129e-01
  -9.0227472e-02
  -4.7304015e-02
   1.5368530e-03
   4.4749601e-02
   7.2429420e-02
   7.8832215e-02
   8.1488874e-02
   8.0221071e-02
   6.6582428e-02
   3.3131958e-02
   7.3492865e-04
  -8.0758651e-03
  -7.0314897e-03
   4.2302311e-03
   4.9448802e-02
   9.7895466e-02
   1.4033757e-01
   1.8205922e-01
   1.9940625e-01
   1.9647495e-01
   1.8128995e-01
   1.5448841e-01
   1.3116162e-01
   1.0689830e-01
   9.0069973e-02
   1.0064714e-01
   9.1067033e-02
   4.1867887e-02
   7.7289114e-04
  -4.1151201e-02
  -6.7403766e-02
  -7.2766546e-02
  -7.0061076e-02
  -6.5556731e-02
  -5.3676156e-03
   9.1527165e-03
  -6.7124563e-03
  -2.3453637e-02
  -3.8273718e-02
  -4.8854015e-02
  -6.0023761e-02
  -7.1836521e-02
  -8.4128611e-02
  -8.7902082e-02
  -8.4897233e-02
  -8.1390600e-02
  -7.5580704e-02
  -7.3175263e-02
  -7.3231234e-02
  -9.6058844e-02
  -1.0636983e-01
  -1.0255471e-01
  -9.9497792e-02
  -9.4424628e-02
  -8.4262681e-02
  -6.9028220e-02
  -5.1179209e-02
  -3.4165985e-02
  -2.0856723e-02
   5.4611193e-03
   4.6660416e-02
   6.4464846e-02
   6.9761047e-02
   7.2301208e-02
   7.2466517e-02
   6.6488710e-02
   6.1231818e-02
   7.2434627e-03
  -3.1883940e-02
  -2.7498240e-02
   1.8884665e-02
   5.2744308e-02
   5.4097369e-02
   6.4535916e-02
   7.6127395e-02
   8.8706499e-02
   9.9734691e-02
   1.1074857e-01
   1.1615235e-01
   1.1632416e-01
   1.1089435e-01
   1.0681044e-01
   7.9181056e-02
   3.2952656e-02
  -8.2483982e-03
  -4.7910191e-02
  -7.0340930e-02
  -7.3166152e-02
  -7.1605479e-02
  -7.1456440e-02
  -4.9547336e-02
   2.5517396e-03
   5.1083799e-02
   6.7098531e-02
   6.1483427e-02
   5.7397431e-02
   4.5054446e-02
   2.5808118e-02
  -2.5847363e-03
  -1.0587976e-02
   5.6241700e-03
   7.0837508e-02
   1.0794352e-01
   8.9654097e-02
   6.6463978e-02
   5.1141592e-02
   4.6491007e-02
   4.0573140e-02
   5.3486506e-02
   9.0219011e-02
   1.2249006e-01
   1.4168087e-01
   1.5956028e-01
   1.7461902e-01
   1.7755358e-01
   1.8385875e-01
   1.9163413e-01
   1.9725203e-01
   2.0097474e-01
   1.9635259e-01
   1.8800969e-01
   1.7796424e-01
   1.6322962e-01
   1.4552789e-01
   1.1872115e-01
   9.0808006e-02
   7.1517617e-02
   6.0984376e-02
   3.4308450e-02
   5.5609881e-03
  -8.5205723e-03
  -3.3476894e-02
  -7.0970926e-02
  -1.0590840e-01
  -1.3798160e-01
  -1.7018171e-01
  -2.0010133e-01
  -2.2204447e-01
  -2.3630335e-01
  -2.4487143e-01
  -2.4523004e-01
  -2.4443864e-01
  -2.4005795e-01
  -2.3320999e-01
  -2.2360319e-01
  -2.1141719e-01
  -1.9732948e-01
  -1.8331791e-01
  -1.6958360e-01
  -1.5736896e-01
  -1.4933260e-01
  -1.4455230e-01
  -1.4085238e-01
  -1.3881986e-01
  -1.3516874e-01
  -1.3000056e-01
  -1.2374485e-01
  -1.1823823e-01
  -1.1308111e-01
  -1.1163759e-01
  -1.1191224e-01
  -1.1316702e-01
  -1.1482076e-01
  -1.1694114e-01
  -1.1718781e-01
  -1.1906738e-01
  -1.2313177e-01
  -1.3035460e-01
  -1.3855041e-01
  -1.4753307e-01
  -1.5397752e-01
  -1.6107084e-01
  -1.6697315e-01
  -1.7322300e-01
  -1.7475374e-01
  -1.7081756e-01
  -1.6333961e-01
  -1.5365341e-01
  -1.3859988e-01
  -1.1723727e-01
  -8.8368722e-02
  -6.0895278e-02
  -3.7849056e-02
  -2.0789103e-02
  -7.1034056e-03
   5.2716713e-03
   1.6162664e-02
   2.6803422e-02
   3.8941723e-02
   5.1734687e-02
   6.5744168e-02
   8.1817539e-02
   9.7439239e-02
   1.1262879e-01
   1.3137640e-01
   1.4696686e-01
   1.5771389e-01
   1.6949118e-01
   1.8164530e-01
   1.9137900e-01
   2.0075671e-01
   2.1220273e-01
   2.2021631e-01
   2.2960638e-01
   2.5101390e-01
   2.6821450e-01
   2.8328430e-01
   2.6584029e-01
   2.3637234e-01
   2.0756627e-01
   2.1030298e-01
   2.0302678e-01
   1.5040906e-01
   1.0855334e-01
   6.6806311e-02
   7.9834482e-02
   1.0499009e-01
   8.9464057e-02
   7.8359067e-02
   8.3194680e-02
   1.0868806e-01
   1.5119395e-01
   1.7704398e-01
   1.6837372e-01
   1.5566185e-01
   1.3957676e-01
   8.4252267e-02
   1.6990706e-02
  -1.2771422e-03
   2.1306247e-03
  -1.0600927e-04
   1.0817261e-03
   3.9010775e-03
  -4.1834175e-03
  -1.8640151e-02
  -3.2032197e-02
  -4.0698424e-02
  -3.9803152e-02
  -3.6424210e-02
  -3.1086682e-02
  -2.6435577e-02
  -2.4530228e-02
  -2.3201378e-02
  -2.4279336e-02
  -2.6798410e-02
  -2.7469018e-02
  -2.9179120e-02
  -3.1427843e-02
  -3.2854056e-02
  -3.7480756e-02
  -4.1895287e-02
  -4.6457034e-02
  -5.1653984e-02
  -5.9980872e-02
  -6.7367971e-02
  -7.4385143e-02
  -8.0525005e-02
  -8.5657394e-02
  -8.9170535e-02
  -8.7631340e-02
  -8.3807105e-02
  -7.6422869e-02
  -6.7819642e-02
  -5.7792220e-02
  -4.6872519e-02
  -3.5056571e-02
  -2.1316855e-02
  -1.2244711e-02
  -3.9352327e-03
   6.8588264e-03
   1.6909158e-02
   2.4863905e-02
   3.2963134e-02
   4.2246015e-02
   4.9600118e-02
   5.6251527e-02
   6.0865535e-02
   6.6503028e-02
   7.2782166e-02
   7.4159958e-02
   7.6109172e-02
   7.7680259e-02
   7.4543944e-02
   7.1426502e-02
   6.9858019e-02
   6.7459086e-02
   6.2655103e-02
   5.7617344e-02
   5.0724935e-02
   3.3699475e-02
   2.3349440e-02
   3.0325154e-02
   3.2137566e-02
   3.6241134e-02
   4.7520414e-02
   4.3212813e-02
  -1.1398185e-02
  -7.6172953e-02
  -9.8313294e-02
  -1.0163965e-01
  -1.0262304e-01
  -1.0091073e-01
  -9.7684600e-02
  -9.4520950e-02
  -8.7175764e-02
  -7.8157312e-02
  -7.2082532e-02
  -6.6922808e-02
  -6.1315710e-02
  -5.3887673e-02
  -4.2622712e-02
  -3.4737928e-02
  -2.7939758e-02
  -2.0530987e-02
  -1.4151947e-02
  -1.0998840e-02
  -1.0876421e-02
  -1.1209317e-02
  -1.3206171e-02
  -2.2273630e-02
  -3.8753765e-02
  -5.4816593e-02
  -6.8418399e-02
  -7.0335072e-02
  -6.8616900e-02
  -6.8561580e-02
  -6.7841770e-02
  -6.6909141e-02
  -6.7699891e-02
  -6.9865829e-02
  -7.0696930e-02
  -6.9618516e-02
  -6.5578859e-02
  -6.0961206e-02
  -5.5323714e-02
  -4.9035985e-02
  -4.0983419e-02
  -3.4163252e-02
  -2.9090673e-02
  -2.3137792e-02
  -1.8352878e-02
  -1.4545564e-02
  -1.0212516e-02
  -6.3059459e-03
  -2.4529121e-03
  -2.5968937e-05
   2.5246914e-03
   6.2782209e-03
   1.0463213e-02
   1.5099350e-02
   2.1510540e-02
   2.5497936e-02
   2.7350438e-02
   3.5444657e-02
   5.0869548e-02
   5.4710704e-02
   4.9043079e-02
   3.9922513e-02
   2.2686512e-02
   1.3884524e-02
   1.4018528e-02
   1.9782280e-02
   3.6567521e-02
   5.0090578e-02
   5.5838385e-02
   5.7592873e-02
   4.8688901e-02
   3.4011284e-02
   2.3691903e-02
   2.2163055e-02
   2.3266785e-02
   2.6148434e-02
   2.9977420e-02
   3.1633764e-02
   3.0309860e-02
   2.8913585e-02
   2.5825821e-02
   1.8827914e-02
   5.5287528e-03
  -9.4168204e-03
  -2.5046395e-02
  -4.1759525e-02
  -5.8415578e-02
  -7.2576506e-02
  -8.1998468e-02
  -8.7587084e-02
  -9.1913754e-02
  -9.3775758e-02
  -9.3488745e-02
  -9.3677483e-02
  -9.1068335e-02
  -8.6049189e-02
  -7.9479133e-02
  -7.3680952e-02
  -6.7796863e-02
  -6.0057083e-02
  -5.2514047e-02
  -4.3764450e-02
  -3.2307235e-02
  -1.6712479e-02
  -3.7572847e-04
   1.5563321e-02
   3.0052199e-02
   4.0092052e-02
   4.6787262e-02
   5.3087682e-02
   5.9690865e-02
   6.4654300e-02
   6.7912059e-02
   7.1988813e-02
   7.5952975e-02
   8.0908991e-02
   8.5494688e-02
   9.0293205e-02
   9.5738639e-02
   9.7337711e-02
   9.7120336e-02
   9.6420051e-02
   9.3953432e-02
   9.1436701e-02
   9.0567852e-02
   9.1053366e-02
   9.2604927e-02
   9.3334500e-02
   9.4209857e-02
   9.1415223e-02
   8.4157898e-02
   7.4734635e-02
   6.5649148e-02
   5.7376995e-02
   5.0445537e-02
   4.1158425e-02
   3.0881282e-02
   1.9830441e-02
   9.0221614e-03
  -1.0172035e-03
  -1.2618218e-02
  -2.3279737e-02
  -3.0206314e-02
  -3.6867941e-02
  -4.5761109e-02
  -5.3962974e-02
  -6.1967443e-02
  -7.2500360e-02
  -8.2326483e-02
  -9.3227765e-02
  -1.0437441e-01
  -1.1193957e-01
  -1.1839769e-01
  -1.2365503e-01
  -1.2230523e-01
  -1.2133160e-01
  -1.1896911e-01
  -1.1445500e-01
  -1.0831189e-01
  -1.0220587e-01
  -9.6019795e-02
  -9.0664825e-02
  -8.6960341e-02
  -8.1771331e-02
  -7.4831607e-02
  -6.5017655e-02
  -5.3097965e-02
  -4.1111891e-02
  -2.9891511e-02
  -2.1050213e-02
  -1.3690448e-02
  -1.0172426e-02
  -9.0805402e-03
  -9.8738933e-03
  -1.2073805e-02
  -1.3836884e-02
  -1.5781933e-02
  -1.6740790e-02
  -1.7604952e-02
  -1.7197928e-02
  -1.6106823e-02
  -1.5229840e-02
  -1.4974392e-02
  -1.5896087e-02
  -1.6314826e-02
  -1.5973600e-02
  -1.5421572e-02
  -1.3405323e-02
  -8.5150403e-03
  -1.6222735e-03
   5.0534439e-03
   1.3730018e-02
   2.5981758e-02
   3.6658701e-02
   4.5708197e-02
   5.3373003e-02
   5.6701246e-02
   6.0695475e-02
   6.6693719e-02
   7.1779899e-02
   7.5032061e-02
   7.9656157e-02
   8.7423727e-02
   9.4737023e-02
   1.0251305e-01
   1.1003722e-01
   1.1454742e-01
   1.1460990e-01
   1.1155884e-01
   1.0769295e-01
   1.0389866e-01
   9.9203620e-02
   9.4407707e-02
   8.7671040e-02
   8.1693883e-02
   7.7976383e-02
   7.5511717e-02
   7.5484383e-02
   7.8143645e-02
   8.1812333e-02
   8.6006235e-02
   8.5762176e-02
   8.2314768e-02
   7.8169677e-02
   7.3608060e-02
   6.5149316e-02
   5.4157895e-02
   4.2088516e-02
   2.8112031e-02
   1.3969521e-02
   1.9913226e-03
  -7.3185676e-03
  -1.5241424e-02
  -2.3399293e-02
  -3.0501332e-02
  -3.4091401e-02
  -3.4316000e-02
  -3.3724662e-02
  -3.3537746e-02
  -3.4301486e-02
  -3.5516507e-02
  -3.6355808e-02
  -3.8126893e-02
  -3.8706385e-02
  -3.8871955e-02
  -3.9405499e-02
  -3.8533006e-02
  -3.7465331e-02
  -3.6571686e-02
  -3.5510455e-02
  -3.3458801e-02
  -3.2818847e-02
  -3.3112303e-02
  -3.2155073e-02
  -3.2295585e-02
  -3.1959826e-02
  -3.1015677e-02
  -2.9410683e-02
  -2.7703314e-02
  -2.6107822e-02
  -2.5803302e-02
  -2.5335035e-02
  -2.2443625e-02
  -1.7735638e-02
  -1.3013918e-02
  -9.4216365e-03
  -4.4620022e-03
   4.4125331e-04
   3.7711472e-03
   5.9593177e-03
   6.3254315e-03
   4.4724283e-03
   1.2460133e-03
  -1.0394226e-03
  -2.3266655e-03
   6.7938092e-05
   5.3397994e-03
   1.4288034e-02
   2.5610919e-02
   3.4115156e-02
   4.0217726e-02
   4.3271972e-02
   3.9485876e-02
   3.1596862e-02
   2.3390832e-02
   1.3063966e-02
   4.8307258e-03
   2.0286277e-03
   1.8783332e-03
   2.2162144e-03
   2.3499390e-03
  -2.2743394e-05
  -2.2802684e-03
  -4.3545969e-03
  -3.6387178e-03
  -8.3120487e-04
   3.2565612e-03
   6.8791321e-03
   1.0666726e-02
   9.0330302e-03
   4.1620444e-03
  -5.3368122e-04
  -6.7190947e-03
  -1.4174791e-02
  -2.0085824e-02
  -2.4867810e-02
  -2.8678898e-02
  -3.0286886e-02
  -3.1390876e-02
  -3.3430685e-02
  -3.5428451e-02
  -3.7110503e-02
  -3.9214287e-02
  -4.2062548e-02
  -4.4168806e-02
  -4.6511573e-02
  -4.8463716e-02
  -5.0162689e-02
  -4.9577079e-02
  -4.8861955e-02
  -4.7120353e-02
  -4.4768605e-02
  -4.1621876e-02
  -3.5973190e-02
  -2.7926351e-02
  -2.0183382e-02
  -1.2745779e-02
  -5.4545135e-03
   6.8760081e-04
   2.0519402e-03
   3.2396463e-03
   4.7731931e-03
   4.3067939e-03
   2.3641790e-03
   1.0398456e-03
   1.3789373e-04
   6.9024315e-06
   1.6072134e-03
   3.4613686e-03
   5.8114637e-03
   7.4066890e-03
   6.9617215e-03
   3.7654916e-03
  -4.9997185e-04
  -5.5743104e-03
  -1.2658113e-02
  -1.8619325e-02
  -2.3017520e-02
  -2.7479301e-02
  -2.9875045e-02
  -3.1202203e-02
  -3.2001609e-02
  -3.1783127e-02
  -3.1131914e-02
  -2.9722622e-02
  -2.8582251e-02
  -2.8029507e-02
  -2.8567998e-02
  -2.7827687e-02
  -2.6558127e-02
  -2.4819063e-02
  -2.2935712e-02
  -2.0029072e-02
  -1.7559655e-02
  -1.6213623e-02
  -1.3275939e-02
  -1.2817109e-02
  -1.5026653e-02
  -1.4864468e-02
  -1.5812066e-02
  -1.6980748e-02
  -1.6146263e-02
  -1.4932609e-02
  -1.3114796e-02
  -1.0543069e-02
  -8.7078140e-03
  -5.6112707e-03
  -1.6321790e-03
   3.1057200e-03
   6.8849244e-03
   9.7275232e-03
   1.3138811e-02
   1.4706708e-02
   1.5001271e-02
   1.6142879e-02
   1.6506559e-02
   1.6117237e-02
   1.4098124e-02
   1.3181765e-02
   1.1351521e-02
   9.7631883e-03
   7.7809772e-03
   6.7783847e-03
   5.5631358e-03
   4.7315339e-03
   4.0902847e-03
   2.6330469e-03
   2.6246968e-03
   2.6028747e-03
   2.0031415e-03
   3.2095132e-03
   5.4115592e-03
   7.7417326e-03
   1.0576847e-02
   1.2562638e-02
   1.4191387e-02
   1.6773917e-02
   1.8659025e-02
   1.8183208e-02
   1.6216682e-02
   1.4366783e-02
   1.2611059e-02
   1.2079402e-02
   1.3152999e-02
   1.4170886e-02
   1.7340133e-02
   2.0619499e-02
   2.3283447e-02
   2.5169531e-02
   2.6864143e-02
   2.6522462e-02
   2.6317127e-02
   2.6635379e-02
   2.6936775e-02
   2.8725952e-02
   3.2016057e-02
   3.4690028e-02
   3.6559972e-02
   3.8818522e-02
   3.9264856e-02
   3.7616062e-02
   3.4602947e-02
   3.0933218e-02
   2.4861171e-02
   1.5521018e-02
   7.2283636e-03
   1.5429837e-03
  -3.6211000e-03
  -3.5243813e-03
  -1.4454449e-03
   2.7386168e-03
   7.7589794e-03
   1.2029028e-02
   1.4883016e-02
   1.5056591e-02
   1.1577682e-02
   9.5598712e-03
   5.6710227e-03
   3.6991272e-03
   3.5609510e-03
   3.2152144e-03
   8.3596889e-04
  -4.8237035e-04
  -2.2907727e-03
  -5.7321805e-03
  -8.2878381e-03
  -8.5743303e-03
  -9.2084269e-03
  -8.3039785e-03
  -7.7919111e-03
  -6.2493634e-03
  -4.4109321e-03
  -4.4670395e-03
  -4.4564181e-03
  -4.5247936e-03
  -7.2009640e-03
  -1.2134331e-02
  -1.7047978e-02
  -2.2294651e-02
  -2.7527332e-02
  -3.2327736e-02
  -3.6757496e-02
  -3.7696569e-02
  -3.7763538e-02
  -3.5851681e-02
  -3.1266179e-02
  -2.7421053e-02
  -2.2911566e-02
  -1.9178121e-02
  -1.5555446e-02
  -1.2350404e-02
  -1.0401255e-02
  -9.5126866e-03
  -9.0110324e-03
  -7.1711563e-03
  -4.3782933e-03
   2.0070269e-04
   4.7846085e-03
   9.0563947e-03
   1.3426345e-02
   1.8299836e-02
   2.2175746e-02
   2.5771021e-02
   2.8657486e-02
   3.0500681e-02
   3.1334906e-02
   3.1876586e-02
   3.1565883e-02
   3.1625368e-02
   3.3029128e-02
   3.3720367e-02
   3.4225275e-02
   3.6168176e-02
   3.6463780e-02
   3.8612016e-02
   4.1622722e-02
   4.4707102e-02
   4.6932265e-02
   4.6754721e-02
   4.5405890e-02
   4.1287874e-02
   3.3755055e-02
   2.5828684e-02
   1.8995110e-02
   1.2520790e-02
   7.3117340e-03
   4.3078938e-03
   1.5061667e-03
  -2.6531313e-03
  -5.5255963e-03
  -1.0058857e-02
  -1.5381416e-02
  -1.9687065e-02
  -2.2690677e-02
  -2.6641887e-02
  -2.7365017e-02
  -2.5555859e-02
  -2.1654828e-02
  -1.8418090e-02
  -1.6565458e-02
  -1.5664329e-02
  -1.5220793e-02
  -1.5374778e-02
  -1.5868817e-02
  -1.7258064e-02
  -1.8440544e-02
  -2.0009352e-02
  -2.1782519e-02
  -2.2562530e-02
  -2.3828055e-02
  -2.4613533e-02
  -2.5678474e-02
  -2.6283479e-02
  -2.7997877e-02
  -2.8712415e-02
  -2.9522950e-02
  -2.9670687e-02
  -2.9556012e-02
  -2.8982116e-02
  -2.8974827e-02
  -2.6052047e-02
  -2.2283913e-02
  -1.6811534e-02
  -1.0144766e-02
  -3.3047741e-03
   3.8620021e-03
   1.1713053e-02
   1.9486872e-02
   2.4498403e-02
   3.0145267e-02
   3.5039975e-02
   3.7956052e-02
   3.9665373e-02
   3.8495584e-02
   3.5273750e-02
   3.0504391e-02
   2.6953371e-02
   2.4872496e-02
   2.1179987e-02
   1.8516885e-02
   1.7017324e-02
   1.5127986e-02
   1.3511602e-02
   1.1692097e-02
   1.0152706e-02
   8.5821401e-03
   6.2584814e-03
   1.4901695e-03
  -5.0636748e-03
  -1.4505279e-02
  -2.1530455e-02
  -2.8404706e-02
  -3.4214146e-02
  -3.6730748e-02
  -3.6140581e-02
  -3.4792662e-02
  -3.1990870e-02
  -2.7210902e-02
  -2.0967168e-02
  -1.6231065e-02
  -1.1466652e-02
  -7.7889824e-03
  -4.1647258e-03
  -3.5907392e-03
  -4.8619914e-03
  -4.5814607e-03
  -4.2540578e-03
  -2.7750499e-03
   5.4530231e-04
   3.8781035e-03
   7.6836792e-03
   1.0824029e-02
   1.3699169e-02
   1.5639402e-02
   1.3515052e-02
   1.0565783e-02
   5.9854482e-03
   5.4060597e-04
  -5.7640708e-03
  -9.8108285e-03
  -1.0883059e-02
  -9.9929287e-03
  -8.0829590e-03
  -7.2174298e-03
  -7.1305449e-03
  -7.6334357e-03
  -9.9939701e-03
  -1.1527764e-02
  -1.2666379e-02
  -1.2867483e-02
  -1.2331791e-02
  -1.2351771e-02
  -1.2850171e-02
  -1.2405399e-02
  -1.0786737e-02
  -7.3490261e-03
  -2.7592284e-03
   1.6776585e-03
   5.2254369e-03
   6.9828732e-03
   7.2512075e-03
   6.6729514e-03
   4.0889701e-03
   9.1743889e-04
  -3.3185976e-03
  -6.8119021e-03
  -1.0893668e-02
  -1.3401678e-02
  -1.5831330e-02
  -1.7708889e-02
  -1.6937143e-02
  -1.6159865e-02
  -1.4222821e-02
  -1.2198372e-02
  -1.0341575e-02
  -7.4249121e-03
  -5.1060564e-03
  -4.2660134e-03
  -2.6014234e-03
  -9.0369351e-04
   5.2457621e-04
   3.6886359e-03
   8.1764823e-03
   1.2188675e-02
   1.6180757e-02
   1.8931329e-02
   2.0646898e-02
   2.2566956e-02
   2.2629760e-02
   2.0324871e-02
   1.6783223e-02
   1.4075410e-02
   1.1270884e-02
   8.2167682e-03
   7.1863855e-03
   7.0717756e-03
   6.6184124e-03
   5.8498363e-03
   3.1688628e-03
   3.9361243e-04
  -2.1584083e-03
  -4.4256016e-03
  -5.4287539e-03
  -5.5245615e-03
  -3.6528862e-03
  -2.0767431e-03
  -2.2134614e-03
  -2.8745412e-03
  -5.8023587e-03
  -7.6551081e-03
  -8.8160458e-03
  -1.0052609e-02
  -9.3552525e-03
  -9.2055633e-03
  -7.2905823e-03
  -5.2649418e-03
  -3.1065856e-03
  -2.0545956e-03
  -1.9073404e-03
  -2.3687803e-03
  -3.7260713e-03
  -6.3474619e-03
  -8.5166674e-03
  -1.0612187e-02
  -1.2716557e-02
  -1.4075801e-02
  -1.4345241e-02
  -1.4127801e-02
  -1.2191473e-02
  -9.6879532e-03
  -7.4592755e-03
  -4.5977768e-03
   1.8713043e-04
   4.5186628e-03
   7.3329508e-03
   9.7689155e-03
   1.2782616e-02
   1.6926405e-02
   2.0930722e-02
   2.5581697e-02
   2.8343789e-02
   2.9603652e-02
   3.1233703e-02
   3.0863059e-02
   2.9220578e-02
   2.5634804e-02
   2.2637375e-02
   1.9304771e-02
   1.5843305e-02
   1.3491752e-02
   1.1206323e-02
   8.4860787e-03
   5.1830683e-03
   3.0189783e-03
   3.1530087e-04
  -1.2956125e-03
  -3.5982822e-03
  -5.8848505e-03
  -7.3194788e-03
  -8.5346951e-03
  -9.4486456e-03
  -1.0186809e-02
  -9.9931240e-03
  -9.6360175e-03
  -1.0126673e-02
  -1.1502252e-02
  -1.1571565e-02
  -1.0675577e-02
  -9.2606880e-03
  -8.8361563e-03
  -8.5552611e-03
  -8.3291002e-03
  -9.2646580e-03
  -1.1286699e-02
  -1.3349808e-02
  -1.4627959e-02
  -1.4641105e-02
  -1.4932218e-02
  -1.3456413e-02
  -1.0918919e-02
  -8.7074886e-03
  -6.5688848e-03
  -3.4398524e-03
  -9.8971276e-05
   1.3058239e-03
   4.7038284e-03
   1.0800860e-02
   1.6313199e-02
   1.9551954e-02
   2.4920591e-02
   3.2004277e-02
   3.6703869e-02
   4.1184588e-02
   4.3789832e-02
   4.6090556e-02
   4.7066595e-02
   4.5999831e-02
   4.1960629e-02
   3.7383393e-02
   3.3116924e-02
   3.0229874e-02
   2.7521605e-02
   2.4115849e-02
   2.0501700e-02
   1.5740215e-02
   1.1280907e-02
   3.9341003e-03
  -4.5662900e-03
  -1.0856375e-02
  -1.6626896e-02
  -2.1822740e-02
  -2.5983190e-02
  -2.8694322e-02
  -3.0946560e-02
  -3.1426151e-02
  -3.0151970e-02
  -2.8562531e-02
  -2.5461490e-02
  -2.2048966e-02
  -1.7400008e-02
  -1.2498662e-02
  -7.2666971e-03
  -3.0703152e-03
  -1.3187037e-03
   5.6585269e-04
   3.1721234e-03
   4.1759590e-03
   3.4773007e-03
   3.0051743e-03
   4.9050303e-04
  -4.5377645e-04
  -1.0345545e-03
  -2.1908844e-03
  -3.3774320e-03
  -4.0617006e-03
  -4.3356970e-03
  -6.2854320e-03
  -9.2323121e-03
  -1.0798908e-02
  -1.3177600e-02
  -1.4364115e-02
  -1.6674536e-02
  -1.8820494e-02
  -1.9790676e-02
  -2.0829845e-02
  -2.1170941e-02
  -2.1510605e-02
  -2.2725431e-02
  -2.3116901e-02
  -2.3665935e-02
  -2.3818097e-02
  -2.2681566e-02
  -2.1966116e-02
  -2.0730008e-02
  -1.8577737e-02
  -1.5858079e-02
  -1.3762950e-02
  -1.2479007e-02
  -1.1906868e-02
  -1.0059248e-02
  -1.0142748e-02
  -1.0604572e-02
  -1.0209848e-02
  -1.0791944e-02
  -1.3412742e-02
  -1.5486264e-02
  -1.9100543e-02
  -2.0815071e-02
  -2.3226044e-02
  -2.4015883e-02
  -2.3671272e-02
  -2.2780100e-02
  -2.1038824e-02
  -1.8160495e-02
  -1.6381731e-02
  -1.3290453e-02
  -9.7210801e-03
  -6.4047929e-03
  -3.2293372e-03
   5.9657088e-04
   3.4962787e-03
   6.0190437e-03
   7.9496054e-03
   1.1966874e-02
   1.5609985e-02
   1.8473866e-02
   2.0633621e-02
   2.3833847e-02
   2.6256796e-02
   2.8409913e-02
   3.0536346e-02
   3.1094231e-02
   3.1977463e-02
   3.3031861e-02
   3.6133748e-02
   3.8981813e-02
   4.2589715e-02
   4.4383643e-02
   4.4257058e-02
   4.4060314e-02
   4.2348390e-02
   3.8414231e-02
   3.4179067e-02
   3.1899625e-02
   2.9714943e-02
   2.8017336e-02
   2.7887107e-02
   2.6756758e-02
   2.5328462e-02
   2.2969099e-02
   1.7908561e-02
   1.2806891e-02
   8.4770973e-03
   2.6525716e-03
  -2.0748752e-03
  -5.5414764e-03
  -6.9749983e-03
  -9.4121995e-03
  -1.1001769e-02
  -1.1433395e-02
  -1.3000902e-02
  -1.4631603e-02
  -1.6089381e-02
  -1.8828955e-02
  -2.0849695e-02
  -2.1659123e-02
  -2.6547713e-02
  -3.0382817e-02
  -3.0857072e-02
  -3.1897347e-02
  -3.3675590e-02
  -3.4286843e-02
  -3.3458671e-02
  -3.1264617e-02
  -2.9230730e-02
  -2.7237521e-02
  -2.5910493e-02
  -2.4964131e-02
  -2.3741235e-02
  -2.2588563e-02
  -2.0121294e-02
  -1.7990370e-02
  -1.7023963e-02
  -1.6247206e-02
  -1.4309446e-02
  -1.3018539e-02
  -1.2168890e-02
  -9.9671562e-03
  -7.4327870e-03
  -6.1336015e-03
  -5.6822689e-03
  -5.2589022e-03
  -4.6685994e-03
  -4.7526857e-03
  -5.2302399e-03
  -4.7330699e-03
  -4.1364996e-03
  -2.6542507e-03
  -1.8854858e-03
  -5.3596170e-04
   1.7943901e-03
   2.0313807e-03
   3.3011230e-03
   5.4505630e-03
   7.2944221e-03
   9.4766961e-03
   1.2926513e-02
   1.4321291e-02
   1.6137347e-02
   1.9063576e-02
   2.1160658e-02
   2.2463215e-02
   2.2762918e-02
   2.2870174e-02
   2.1953165e-02
   2.0378369e-02
   1.8881802e-02
   1.7593368e-02
   1.6061396e-02
   1.4784677e-02
   1.2083241e-02
   9.5564870e-03
   7.1541047e-03
   4.3383458e-03
   2.5747722e-03
   1.0874598e-03
   6.8176293e-04
   8.6405840e-04
   9.1390492e-04
   1.0201257e-03
   1.1487543e-03
   1.1875173e-03
   1.6035363e-03
   2.6698834e-03
   4.1796557e-03
   7.4942247e-03
   1.0772549e-02
   1.2518967e-02
   1.3991324e-02
   1.6422993e-02
   1.7779894e-02
   1.8715126e-02
   1.8695406e-02
   1.7967786e-02
   1.7326270e-02
   1.6759664e-02
   1.6041676e-02
   1.5325836e-02
   1.3592239e-02
   1.1208340e-02
   9.4491663e-03
   8.4327112e-03
   6.3457242e-03
   5.1522388e-03
   5.2489381e-03
   6.1167843e-03
   5.9616541e-03
   6.1804673e-03
   7.5947768e-03
   8.8004912e-03
   9.3111918e-03
   1.0801771e-02
   1.1712338e-02
   1.4182145e-02
   1.5431595e-02
   1.5254636e-02
   1.4919592e-02
   1.2501265e-02
   1.0702000e-02
   9.2104445e-03
   7.8916171e-03
   5.8144120e-03
   2.8735519e-03
   2.0219308e-03
   1.3036632e-03
  -9.0717541e-04
  -1.8519619e-03
  -3.2208831e-03
  -5.1927265e-03
  -7.0413822e-03
  -7.9227265e-03
  -7.8388354e-03
  -7.8000464e-03
  -7.8119564e-03
  -7.7794804e-03
  -7.6135205e-03
  -7.5362679e-03
  -5.5674442e-03
  -4.4032589e-03
  -4.8094309e-03
  -4.7422530e-03
  -4.7316836e-03
  -4.7492689e-03
  -4.9306206e-03
  -4.9141808e-03
  -4.9388926e-03
  -5.5246461e-03
  -7.3150532e-03
  -8.9611143e-03
  -1.0365134e-02
  -1.0790577e-02
  -1.2063652e-02
  -1.2902823e-02
  -1.2602468e-02
  -1.2353203e-02
  -1.3293381e-02
  -1.4513154e-02
  -1.4189695e-02
  -1.3736852e-02
  -1.2627590e-02
  -1.1394996e-02
  -9.9896095e-03
  -8.2178746e-03
  -7.3701779e-03
  -6.2521033e-03
  -6.0478101e-03
  -5.9644592e-03
  -7.0299928e-03
  -8.2901810e-03
  -8.2695499e-03
  -8.5125021e-03
  -1.0158108e-02
  -1.1626950e-02
  -1.3647754e-02
  -1.4720376e-02
  -1.5924333e-02
  -1.6352249e-02
  -1.6422082e-02
  -1.5835886e-02
  -1.4945755e-02
  -1.3294553e-02
  -1.2956711e-02
  -1.3495527e-02
  -1.2856419e-02
  -1.3101324e-02
  -1.3136989e-02
  -1.2374940e-02
  -1.1327181e-02
  -8.5127624e-03
  -5.3933622e-03
  -1.4623338e-03
   2.6025884e-03
   4.8984765e-03
   7.0025932e-03
   7.2525742e-03
   6.9148622e-03
   7.8134533e-03
   8.2338198e-03
   7.8576442e-03
   7.7168712e-03
   7.5046379e-03
   7.2869376e-03
   7.0722963e-03
   6.7835913e-03
   5.5390098e-03
   5.5436241e-03
   6.4192086e-03
   6.3168212e-03
   5.9931279e-03
   6.1370248e-03
   7.2118978e-03
   8.9640430e-03
   9.4599699e-03
   1.0825852e-02
   1.2059682e-02
   1.3857580e-02
   1.6205423e-02
   1.6893017e-02
   1.9013723e-02
   2.2074999e-02
   2.2697706e-02
   2.3407754e-02
   2.3639577e-02
   2.2420716e-02
   2.1522710e-02
   1.9916610e-02
   1.8085260e-02
   1.7136165e-02
   1.6397286e-02
   1.5465307e-02
   1.4286928e-02
   1.1128615e-02
   8.5554564e-03
   6.1462405e-03
   2.4906078e-03
   7.7405611e-04
  -1.8711742e-03
  -4.0783291e-03
  -6.6285002e-03
  -8.1947053e-03
  -1.0318275e-02
  -1.3175192e-02
  -1.4335739e-02
  -1.5812586e-02
  -1.5606210e-02
  -1.4985130e-02
  -1.3394064e-02
  -9.8498779e-03
  -6.7550852e-03
  -4.3599922e-03
  -1.7808400e-03
  -6.0840283e-05
   1.3744011e-03
   2.7712686e-03
   4.2359519e-03
   5.6345766e-03
   6.8704110e-03
   8.0159894e-03
   8.1455031e-03
   8.7706184e-03
   9.7089747e-03
   9.7333806e-03
   1.0645964e-02
   1.0792855e-02
   1.1128615e-02
   1.1973383e-02
   1.1485656e-02
   1.0521202e-02
   9.7654011e-03
   7.9876135e-03
   4.7279023e-03
   2.6949597e-03
  -4.4794052e-04
  -5.2933437e-03
  -9.4645908e-03
  -1.2879718e-02
  -1.5898625e-02
  -1.8199023e-02
  -2.0497730e-02
  -2.1970672e-02
  -2.2979252e-02
  -2.4216206e-02
  -2.5184240e-02
  -2.6302679e-02
  -2.7199903e-02
  -2.8012520e-02
  -2.8427615e-02
  -2.8780621e-02
  -2.8661261e-02
  -2.8763505e-02
  -2.9648233e-02
  -2.8995718e-02
  -2.7520824e-02
  -2.6622949e-02
  -2.3367793e-02
  -2.1753297e-02
  -2.0002193e-02
  -1.7312408e-02
  -1.6449547e-02
  -1.5847666e-02
  -1.4186961e-02
  -1.4127085e-02
  -1.3926307e-02
  -1.3091822e-02
  -1.2566152e-02
  -1.1878037e-02
  -1.1330695e-02
  -1.0562659e-02
  -1.0175354e-02
  -8.1153049e-03
  -5.9826887e-03
  -5.6608308e-03
  -5.3107988e-03
  -4.7468218e-03
  -3.8835118e-03
  -1.8333158e-03
  -6.3231406e-04
  -4.0449809e-04
  -2.3315858e-04
   1.7909017e-04
  -2.8760771e-04
  -8.3110073e-04
  -2.3234309e-03
  -3.3214547e-03
  -3.8548235e-03
  -3.8839739e-03
  -2.8171712e-03
  -7.7005355e-04
   1.3882832e-03
   4.0035561e-03
   5.3763562e-03
   6.6202348e-03
   8.2296545e-03
   8.0899879e-03
   7.9930153e-03
   5.7095384e-03
   3.7246980e-03
   1.8859869e-03
   4.4086607e-05
  -7.5423856e-04
  -1.1358550e-03
  -1.9859663e-03
  -3.0109797e-03
  -3.2142186e-03
  -4.2903672e-03
  -4.9829077e-03
  -4.2491766e-03
  -3.7430252e-03
  -3.2299035e-03
  -2.7947503e-03
  -2.2368259e-03
  -1.8244646e-03
  -1.2332897e-03
  -1.0958685e-03
  -1.2134591e-03
  -3.1124560e-04
   1.3237541e-03
   2.3629424e-03
   4.6602753e-03
   6.2640199e-03
   9.0399289e-03
   1.2262738e-02
   1.3982408e-02
   1.5454829e-02
   1.7077070e-02
   1.8410085e-02
   1.9996206e-02
   2.2962135e-02
   2.4644252e-02
   2.5592826e-02
   2.7304816e-02
   2.6979730e-02
   2.6109254e-02
   2.5388468e-02
   2.4790232e-02
   2.3925744e-02
   2.4257143e-02
   2.5276136e-02
   2.6269096e-02
   2.6911654e-02
   2.8519316e-02
   2.9160962e-02
   3.0309404e-02
   3.2306975e-02
   3.1987616e-02
   3.1544991e-02
   3.0532181e-02
   3.0004624e-02
   2.8606982e-02
   2.6671370e-02
   2.5829596e-02
   2.3853567e-02
   2.1941710e-02
   1.8841060e-02
   1.4619173e-02
   1.1714160e-02
   9.0994792e-03
   5.5868192e-03
   3.4132598e-03
   5.2970339e-04
  -1.2632796e-03
  -3.8780904e-03
  -5.9807883e-03
  -8.3447200e-03
  -1.0752829e-02
  -1.2201626e-02
  -1.3651399e-02
  -1.5147706e-02
  -1.5721471e-02
  -1.5300063e-02
  -1.4780967e-02
  -1.4648460e-02
  -1.3656996e-02
  -1.2932565e-02
  -1.3300606e-02
  -1.3965291e-02
  -1.3998938e-02
  -1.3548569e-02
  -1.2603900e-02
  -1.0673039e-02
  -8.4961014e-03
  -6.5267115e-03
  -3.6112206e-03
  -1.3486090e-03
  -3.3981542e-04
  -3.0467034e-04
  -4.2605139e-04
  -4.5493881e-04
  -5.3093865e-04
  -1.7163564e-04
   1.4158520e-03
   2.9978396e-03
   4.4015668e-03
   5.7070522e-03
   5.8680203e-03
   5.3170922e-03
   6.3640318e-03
   7.7105582e-03
   7.2754832e-03
   8.0945437e-03
   9.2487779e-03
   8.7026074e-03
   8.0379872e-03
   7.5422554e-03
   6.0597461e-03
   3.6382167e-03
   2.2011153e-03
   4.6247144e-04
  -2.2584333e-03
  -4.0445970e-03
  -4.5759938e-03
  -6.0500554e-03
  -7.9803894e-03
  -8.8002309e-03
  -8.5456290e-03
  -9.6033462e-03
  -1.1005609e-02
  -1.1448494e-02
  -1.1912270e-02
  -1.1823433e-02
  -1.1378726e-02
  -1.0801511e-02
  -8.4156597e-03
  -7.6774964e-03
  -7.1022992e-03
  -5.9892230e-03
  -6.8969646e-03
  -8.5005269e-03
  -8.5249979e-03
  -8.0791192e-03
  -7.9789575e-03
  -7.7562460e-03
  -7.5726489e-03
  -7.3054861e-03
  -7.1664053e-03
  -6.2948754e-03
  -5.1846238e-03
  -4.0144248e-03
  -1.2241782e-03
   9.3903970e-04
   2.3383413e-03
   4.0101945e-03
   4.7646478e-03
   4.4925323e-03
   5.3937331e-03
   6.6708037e-03
   6.9496813e-03
   8.1009868e-03
   8.6215149e-03
   8.0794446e-03
   7.4055826e-03
   6.0551513e-03
   4.8504588e-03
   3.6467880e-03
   3.3377969e-03
   3.2056408e-03
   4.2949815e-03
   4.4163925e-03
   2.1311779e-03
   1.5787790e-03
   1.6446878e-03
   7.7274796e-05
  -1.7406842e-03
  -4.2478750e-03
  -6.2379544e-03
  -6.9783175e-03
  -7.6415059e-03
  -8.3667178e-03
  -7.4602518e-03
  -4.7181270e-03
  -2.8461458e-03
  -1.9981953e-03
  -1.3977071e-03
  -1.7547029e-03
  -2.8935517e-03
  -3.7199080e-03
  -4.5594499e-03
  -5.4041203e-03
  -7.0694327e-03
  -7.4130020e-03
  -7.0737281e-03
  -6.9782524e-03
  -6.8741207e-03
  -6.7172074e-03
  -6.5914684e-03
  -6.4073246e-03
  -6.2829003e-03
  -6.0826616e-03
  -6.0448944e-03
  -5.9825325e-03
  -7.0469142e-03
  -8.2573145e-03
  -8.2459901e-03
  -7.8061641e-03
  -9.4424628e-03
  -1.0659827e-02
  -9.9229653e-03
  -1.0261588e-02
  -1.1973773e-02
  -1.2639955e-02
  -1.2738164e-02
  -1.3333277e-02
  -1.4618522e-02
  -1.5757331e-02
  -1.6823509e-02
  -1.7138963e-02
  -1.7268347e-02
  -1.8193622e-02
  -1.7781456e-02
  -1.6869132e-02
  -1.6113071e-02
  -1.5382653e-02
  -1.4564634e-02
  -1.3833369e-02
  -1.3160679e-02
  -1.2481024e-02
  -1.1719171e-02
  -1.1051297e-02
  -1.0352964e-02
  -9.5508899e-03
  -7.5354218e-03
  -5.1337554e-03
  -2.9616408e-03
  -9.0605600e-04
   9.9676117e-04
   1.6848566e-03
   1.8029094e-03
   2.1373086e-03
   2.3788810e-03
   3.4212063e-03
   5.3306359e-03
   7.4235454e-03
   1.0553808e-02
   1.3415085e-02
   1.4800557e-02
   1.7089045e-02
   1.9005133e-02
   1.8619260e-02
   1.9049714e-02
   2.0590667e-02
   2.0024777e-02
   1.9213917e-02
   1.8855118e-02
   1.7649013e-02
   1.5032185e-02
   1.4175181e-02
   1.4034278e-02
   1.3499562e-02
   1.2846461e-02
   1.1051102e-02
   9.2858098e-03
   9.0824276e-03
   7.0381281e-03
   5.5024531e-03
   5.3884419e-03
   4.1117684e-03
   3.7063904e-03
   4.5738331e-03
   5.4199418e-03
   5.9944035e-03
   6.7808578e-03
   6.8024001e-03
   6.0807872e-03
   3.9384803e-03
   2.5104449e-03
   1.2670804e-03
  -4.8523527e-04
  -1.8113701e-03
  -8.5738096e-04
   1.0124200e-03
   2.4651151e-03
   3.2266103e-03
   5.7466808e-03
   7.0253720e-03
   7.3731066e-03
   8.8297782e-03
   9.1339077e-03
   8.6401935e-03
   8.3642446e-03
   8.1142636e-03
   7.7639257e-03
   7.4082510e-03
   7.1424550e-03
   6.8358524e-03
   6.5829426e-03
   6.2347784e-03
   6.7887979e-03
   8.1328121e-03
   8.2325832e-03
   7.6977370e-03
   7.4048017e-03
   7.0479555e-03
   6.6990494e-03
   6.3036745e-03
   5.9510783e-03
   6.0189135e-03
   7.2860265e-03
   7.8709860e-03
   7.3955600e-03
   8.1842921e-03
   9.3387867e-03
   8.9480327e-03
   8.2997481e-03
   7.9460259e-03
   7.5779205e-03
   8.3108121e-03
   9.2100540e-03
   8.7556495e-03
   8.1338534e-03
   7.6902525e-03
   7.1930890e-03
   6.6331210e-03
   5.7282561e-03
   3.6300163e-03
   2.2237509e-03
   9.9236161e-04
  -1.0461326e-03
  -1.6084565e-03
  -1.6644273e-03
  -2.5632071e-03
  -5.3504664e-03
  -6.9623723e-03
  -7.6750884e-03
  -7.9947725e-03
  -7.8547806e-03
  -7.8791213e-03
  -7.7919761e-03
  -7.8018036e-03
  -7.6527651e-03
  -7.6433282e-03
  -7.5107556e-03
  -7.4998218e-03
  -7.8158613e-03
  -9.8527415e-03
  -1.0378281e-02
  -9.7569404e-03
  -1.1396819e-02
  -1.2708162e-02
  -1.2108298e-02
  -1.1779893e-02
  -1.1578138e-02
  -1.1381785e-02
  -1.1081104e-02
  -1.0820190e-02
  -1.0493216e-02
  -1.0250459e-02
  -9.9479569e-03
  -9.7662472e-03
  -9.2747458e-03
  -7.7985495e-03
  -6.0106090e-03
  -6.0438791e-03
  -4.3885113e-03
  -2.5962884e-03
  -1.5570545e-03
  -1.6631517e-04
   5.1266159e-04
   1.8403642e-03
   2.6668181e-03
   2.2914235e-03
   2.1998787e-03
   1.9304056e-03
   1.8175724e-03
   1.4831015e-03
   3.3182006e-03
   4.2783920e-03
   3.8253152e-03
   2.4711091e-03
   3.4508578e-04
   1.2007746e-04
   1.7336748e-04
  -1.3258888e-04
  -2.9086573e-04
  -4.2370388e-04
  -4.8355745e-04
  -6.4747433e-04
  -7.1796820e-04
  -9.4436994e-04
  -1.3699820e-03
  -3.0801296e-03
  -4.0770144e-03
  -4.9658887e-03
  -5.8737605e-03
  -6.3379208e-03
  -6.5749375e-03
  -6.4696213e-03
  -6.3059199e-03
  -6.2592103e-03
  -6.3854960e-03
  -7.7088661e-03
  -8.7216765e-03
  -8.3963953e-03
  -9.1588993e-03
  -1.0667246e-02
  -1.0553417e-02
  -1.0016684e-02
  -9.7499766e-03
  -9.5267444e-03
  -9.1616978e-03
  -9.1100225e-03
  -9.7673536e-03
  -9.6770193e-03
  -8.3701671e-03
  -8.3799295e-03
  -9.7969009e-03
  -9.5707400e-03
  -9.9717119e-03
  -1.1681163e-02
  -1.1301538e-02
  -1.0580426e-02
  -1.0167610e-02
  -1.0052935e-02
  -1.0509552e-02
  -1.0199109e-02
  -9.5229696e-03
  -9.1184181e-03
  -8.5593613e-03
  -8.4511946e-03
  -9.4886061e-03
  -1.0307862e-02
  -9.4874347e-03
  -1.0773070e-02
  -1.1615821e-02
  -1.2124439e-02
  -1.2772723e-02
  -1.1540195e-02
  -9.8673850e-03
  -9.2211830e-03
  -7.7337275e-03
  -6.2758909e-03
  -4.8807025e-03
  -3.5258651e-03
  -2.3099914e-03
  -9.4332211e-04
   1.0570339e-03
   1.7537332e-03
   2.2674732e-03
   3.5051364e-03
   4.5797946e-03
   5.4524113e-03
   6.6324702e-03
   8.0998804e-03
   7.0262180e-03
   5.5393157e-03
   6.1727680e-03
   6.9781222e-03
   7.8670811e-03
   7.9374350e-03
   8.6483288e-03
   9.4844409e-03
   1.0279486e-02
   1.0609844e-02
   1.1169681e-02
   1.3125729e-02
   1.2972200e-02
   1.4278206e-02
   1.6498228e-02
   1.7731147e-02
   1.8903799e-02
   1.9512384e-02
   2.0335740e-02
   2.1488803e-02
   2.0687770e-02
   1.9806100e-02
   1.7748784e-02
   1.6137087e-02
   1.4067665e-02
   1.1985748e-02
   1.0671021e-02
   9.6120022e-03
   8.2972750e-03
   8.4366161e-03
   7.7316449e-03
   5.6966456e-03
   4.8084807e-03
   3.6372665e-03
   1.3073989e-03
  -9.0993490e-04
  -7.9826672e-04
  -5.8309168e-04
  -5.3176519e-04
  -2.5901707e-04
   1.4706188e-03
   2.6399391e-03
   2.6978168e-03
   2.6230633e-03
   3.7020559e-03
   4.3324949e-03
   5.2756543e-03
   5.2562338e-03
   6.6063071e-03
   8.0290058e-03
   8.4847770e-03
   9.0720145e-03
   9.1875355e-03
   8.7649563e-03
   9.0229424e-03
   8.9098945e-03
   8.2979909e-03
   7.9146562e-03
   6.3564172e-03
   5.9862552e-03
   4.9294622e-03
   4.0301487e-03
   3.8949272e-03
   5.1561047e-03
   5.9688457e-03
   7.0582385e-03
   8.2734549e-03
   9.6596424e-03
   1.0163574e-02
   9.7621470e-03
   1.0232366e-02
   9.8737631e-03
   9.1883165e-03
   8.6083683e-03
   8.1320962e-03
   7.4754159e-03
   7.5913275e-03
   7.8252983e-03
   8.0513941e-03
   7.9054146e-03
   7.3569662e-03
   6.1762630e-03
   4.8588739e-03
   2.7524664e-03
   1.0636267e-03
   6.4559606e-04
  -6.3345105e-04
  -1.2058836e-03
  -1.3281146e-03
  -1.5747895e-03
  -2.0641366e-03
  -3.1749870e-03
  -4.1275899e-03
  -4.9505488e-03
  -5.1084319e-03
  -5.0881002e-03
  -5.3193115e-03
  -5.2435037e-03
  -5.8601778e-03
  -6.5645894e-03
  -7.4968931e-03
  -8.8261987e-03
  -8.9800532e-03
  -8.6376553e-03
  -7.9911279e-03
  -6.3621119e-03
  -5.7034207e-03
  -4.9448802e-03
  -4.3128791e-03
  -3.5536813e-03
  -3.5418559e-03
  -2.8969425e-03
  -2.6929486e-03
  -3.7909127e-03
  -4.4766522e-03
  -6.2594641e-03
  -8.9986667e-03
  -1.0438873e-02
  -1.0321139e-02
  -9.9810187e-03
  -9.3390471e-03
  -7.6722898e-03
  -6.1184243e-03
  -4.9361006e-03
  -5.6444821e-03
  -6.9958897e-03
  -7.4163212e-03
  -7.0695628e-03
  -5.1805691e-03
  -2.6931439e-03
  -7.6913589e-04
   1.7894438e-03
   2.5056613e-03
   1.4122920e-03
   5.7888346e-04
  -1.7904917e-04
  -6.5025269e-04
  -6.7736988e-04
  -9.4057564e-04
  -3.7716809e-04
  -1.1806251e-04
  -3.3040452e-04
  -8.9018894e-04
  -1.6638871e-03
  -1.8230784e-03
  -2.5046981e-03
  -3.6889223e-03
  -4.0234582e-03
  -4.9560157e-03
  -5.4929966e-03
  -5.3567208e-03
  -5.7667002e-03
  -6.1993737e-03
  -6.7084212e-03
  -7.6185970e-03
  -7.7548792e-03
  -8.5747858e-03
  -8.7451062e-03
  -7.6372756e-03
  -6.0145790e-03
  -5.6761186e-03
  -5.4063005e-03
  -5.0443194e-03
  -4.6427161e-03
  -4.2543506e-03
  -2.9426042e-03
  -2.2901544e-03
  -1.0608086e-03
  -2.7652941e-04
   4.0359085e-04
   1.3051536e-03
   2.2697641e-03
   2.5082191e-03
   3.3022750e-03
   3.9237392e-03
   4.6604120e-03
   4.5814737e-03
   4.7776187e-03
   5.3525751e-03
   5.8117176e-03
   5.9539679e-03
   5.3956205e-03
   4.9734578e-03
   4.3021991e-03
   3.0860196e-03
   1.9470796e-03
   1.0520160e-03
   5.4292355e-04
  -2.4353855e-04
  -1.1388293e-03
  -1.8894493e-03
  -2.1761172e-03
  -2.4871910e-03
  -2.6425163e-03
  -2.5348182e-03
  -2.2071810e-03
  -1.8015817e-03
  -1.4466685e-03
  -1.1253052e-03
  -6.9958246e-04
  -5.0643127e-05
   2.4603055e-04
   1.3389248e-04
   3.0074262e-04
   4.5819098e-04
   1.7482598e-04
  -2.7707805e-04
  -5.9380553e-04
  -1.0966430e-03
  -1.3663830e-03
  -1.5753361e-03
  -1.6908702e-03
  -1.7053705e-03
  -1.9316161e-03
  -1.8240806e-03
  -1.7296723e-03
  -1.6210434e-03
  -1.5735269e-03
  -1.3157555e-03
  -1.0102462e-03
  -9.2388854e-04
  -9.1786843e-04
  -8.1046965e-04
  -7.6961750e-04
  -6.8169785e-04
  -6.5146713e-04
  -5.6311142e-04
  -5.2757520e-04
  -4.8042634e-04
  -6.3698046e-04
  -5.7158514e-04
  -4.9405912e-04
  -4.1193765e-04
  -6.4757586e-04
  -7.2115073e-04
  -7.0424235e-04
  -6.8300600e-04
  -6.5501411e-04
  -6.3090243e-04
  -6.7336081e-04
  -6.1370509e-04
  -6.7311350e-04
  -5.0013716e-04
  -4.7384717e-04
  -4.4448465e-04
  -3.2938989e-04
  -1.5966636e-04
   3.4852017e-05
   2.6743221e-04
   4.9947137e-04
   7.1174634e-04
   9.4550237e-04
   1.0767929e-03
   1.2212625e-03
   1.2838912e-03
   1.3864218e-03
   1.4686988e-03
   1.5459320e-03
   1.5987593e-03
   1.6477272e-03
   1.6447724e-03
   1.6704669e-03
   1.6860736e-03
   1.6921654e-03
   1.6879415e-03
   1.6995717e-03
   1.6869978e-03
   1.6270831e-03
   1.5707544e-03
   1.4929159e-03
   1.4390669e-03
   1.4116607e-03
   1.3821394e-03
   1.3488368e-03
   1.3082905e-03
   1.2560099e-03
   1.2297492e-03
   1.1886433e-03
   1.1297503e-03
   1.0836721e-03
   1.0356348e-03
   9.7894164e-04
   9.3641688e-04
   8.7331961e-04
   8.1433554e-04
   7.6577765e-04
   7.1586605e-04
   6.5599686e-04
   6.1558271e-04
   5.7464270e-04
   5.3478696e-04
   5.0486734e-04
   4.7292040e-04
   4.3614826e-04
   4.0084307e-04
   3.7217433e-04
   3.4411215e-04
   3.1498067e-04
   2.8682282e-04
   2.5848925e-04
   2.3023182e-04
   2.0193600e-04
   1.7548331e-04
   1.4867722e-04
   1.2430000e-04
   1.0083458e-04
   7.8159264e-05
   5.6184297e-05
   3.5490540e-05
   1.5374583e-05
  -3.1651596e-06
  -2.1222551e-05
  -3.8377329e-05
  -5.5021212e-05
  -7.0778283e-05
  -8.6025109e-05
  -1.0035232e-04
  -1.1401895e-04
  -1.2689288e-04
  -1.3913355e-04
  -1.5058283e-04
  -1.6135199e-04
  -1.7136555e-04
  -1.8067167e-04
  -1.8923194e-04
  -1.9706850e-04
  -2.0416897e-04
  -2.1054248e-04
