   6.9923874e-04
   7.0250998e-04
   6.7316202e-04
   6.8561499e-04
   6.3858541e-04
   5.9835774e-04
   5.2659436e-04
   4.9079540e-04
   4.8427456e-04
   5.8127150e-04
   6.6857531e-04
   7.8905211e-04
   7.3755889e-04
   6.5458235e-04
   5.6644368e-04
   5.1885865e-04
   3.9126397e-04
   3.6994109e-04
   4.9375980e-04
   5.0639487e-04
   6.7095431e-04
   5.7199913e-04
   3.7857069e-04
   1.6774086e-04
  -3.4222709e-04
  -7.8772748e-04
  -9.4764284e-04
  -6.1537330e-04
   6.9862341e-05
   3.6381273e-04
   3.1521489e-04
   3.8144445e-04
   7.9571598e-05
  -5.6505004e-04
  -1.3948304e-03
  -1.3611203e-03
  -5.9354818e-04
   7.4333801e-04
   2.4705785e-03
   3.5167158e-03
   4.2729741e-03
   4.4288690e-03
   3.6883516e-03
   3.0219649e-03
   2.3242046e-03
   1.3931258e-03
   4.8449325e-04
  -5.2960615e-04
  -1.2789736e-03
  -5.1816599e-04
   1.3313682e-03
   2.6483343e-03
   2.6724486e-03
   2.0523530e-03
   1.2290736e-03
  -1.1558409e-04
  -3.2298386e-04
   1.3577526e-04
  -5.1115038e-04
  -2.2477622e-03
  -2.7983170e-03
  -3.8947618e-03
  -5.6031532e-03
  -5.6982967e-03
  -2.7043377e-03
   2.1699727e-03
   7.2466605e-03
   1.0550181e-02
   9.2699599e-03
   6.1655074e-03
   4.6560176e-03
   4.4634357e-03
   6.2850313e-03
   7.8224439e-03
   6.8456144e-03
   2.1698812e-03
  -3.4689944e-03
  -7.1892850e-03
  -6.7736040e-03
  -4.1193826e-03
   1.8918016e-03
   7.8052645e-03
   1.2560733e-02
   1.4668823e-02
   1.4574029e-02
   1.2092666e-02
   6.8306635e-03
   5.7956770e-04
  -6.0708878e-03
  -1.1581359e-02
  -1.4463768e-02
  -1.4971500e-02
  -1.2671243e-02
  -6.1155160e-03
   2.3171615e-03
   7.5082842e-03
   7.3659598e-03
   4.3244125e-03
   7.3356589e-04
  -6.3827775e-04
  -2.7427792e-03
  -5.4045344e-03
  -6.9750750e-03
  -7.3470509e-03
  -5.4991540e-03
  -2.9171341e-03
  -2.2418167e-04
   2.4498901e-03
   1.5593732e-03
  -3.3358418e-03
  -1.0265382e-02
  -1.6711639e-02
  -2.2136612e-02
  -2.2506226e-02
  -1.7178958e-02
  -6.3057197e-03
   4.4868266e-03
   1.1497957e-02
   1.6163745e-02
   1.5200669e-02
   7.4021978e-03
  -5.5622670e-04
  -7.2730365e-03
  -1.1943822e-02
  -1.6363977e-02
  -1.8382345e-02
  -1.5446053e-02
  -9.2786078e-03
  -2.7258161e-03
   1.9516300e-03
   4.4754679e-03
   2.8634007e-03
  -2.1103106e-03
  -8.6869755e-03
  -1.4813177e-02
  -1.6365390e-02
  -1.3059151e-02
  -6.0597703e-03
   1.4745823e-03
   8.3171949e-03
   1.3842367e-02
   1.7241738e-02
   1.6708063e-02
   1.2279011e-02
   9.2988139e-03
   8.4645417e-03
   6.8056345e-03
   5.6115683e-03
   7.5782656e-03
   1.1128093e-02
   1.4265865e-02
   1.3090167e-02
   7.9004745e-03
  -1.4073865e-04
  -7.9218281e-03
  -1.1986230e-02
  -1.1218064e-02
  -7.9525448e-03
  -5.0205929e-03
  -8.9370991e-04
   2.4814050e-03
   4.9094258e-03
   4.3557195e-03
   2.7283855e-03
   1.9450942e-03
   5.1178900e-04
  -1.4462937e-03
  -1.8183028e-03
   4.5254760e-04
   6.6477938e-03
   1.4838788e-02
   2.3047052e-02
   2.7631351e-02
   2.8963625e-02
   2.6533318e-02
   2.3386898e-02
   1.8515556e-02
   1.3445728e-02
   6.4198553e-03
  -1.1718977e-03
  -9.9461587e-03
  -1.9067940e-02
  -2.5910420e-02
  -2.9059251e-02
  -2.8005039e-02
  -2.1282882e-02
  -1.3507511e-02
  -7.2147963e-03
  -1.6002262e-03
   2.2901369e-03
   4.3477950e-03
   7.4417952e-03
   9.8322393e-03
   1.2187626e-02
   1.3173985e-02
   1.1562400e-02
   9.6995274e-03
   8.2718433e-03
   8.9688635e-03
   1.1470017e-02
   1.1392186e-02
   6.8510193e-03
  -4.9476845e-04
  -9.7310423e-03
  -1.6703989e-02
  -1.5462683e-02
  -4.9037548e-03
   1.2632826e-02
   3.0448485e-02
   4.6510035e-02
   5.4143963e-02
   5.3655357e-02
   4.5777209e-02
   2.5257005e-02
   6.1636032e-04
  -2.2540319e-02
  -4.2707456e-02
  -5.0233120e-02
  -4.7511444e-02
  -3.2748409e-02
  -1.1993714e-02
   7.1067309e-03
   2.0028522e-02
   2.3653652e-02
   1.5061305e-02
  -3.2888522e-03
  -2.3789690e-02
  -3.7386258e-02
  -4.3054370e-02
  -3.9733662e-02
  -2.8981087e-02
  -5.6721451e-03
   1.5872294e-02
   2.5149571e-02
   3.0095751e-02
   2.8933191e-02
   2.0076584e-02
   7.8297031e-03
  -2.4195393e-03
  -6.3601100e-03
  -7.0580615e-03
  -8.7155800e-03
  -1.2555827e-02
  -1.8254456e-02
  -2.7675006e-02
  -3.9223769e-02
  -5.0194703e-02
  -5.3449554e-02
  -4.7861934e-02
  -3.1299471e-02
  -1.2297388e-02
   3.7821729e-03
   1.3875545e-02
   2.2447936e-02
   3.0254323e-02
   3.4785154e-02
   3.6544668e-02
   3.1928106e-02
   1.7909122e-02
   1.8456102e-03
  -9.7305434e-03
  -1.3927932e-02
  -8.8296657e-03
   1.2191368e-04
   4.9047527e-03
   2.6221578e-03
  -1.8919429e-03
  -3.1400252e-03
   2.7801066e-03
   1.3260298e-02
   2.2515124e-02
   2.2754105e-02
   1.4116772e-02
  -1.7790962e-04
  -1.7794621e-02
  -3.3954291e-02
  -5.0401920e-02
  -5.8954936e-02
  -6.1828531e-02
  -5.7694173e-02
  -4.8517843e-02
  -2.1907942e-02
   1.0929690e-02
   4.0283718e-02
   5.7508077e-02
   6.3792102e-02
   6.1833354e-02
   5.3552164e-02
   3.9309749e-02
   2.0583733e-02
   1.9457428e-03
  -1.2429268e-02
  -1.8173798e-02
  -1.8097796e-02
  -1.0681063e-02
   1.1304294e-03
   1.0571967e-02
   1.6694426e-02
   1.8196083e-02
   1.6608030e-02
   1.4802284e-02
   1.1027312e-02
   5.5522637e-03
  -1.9407869e-03
  -8.1821297e-03
  -1.2626257e-02
  -1.6180708e-02
  -2.0664474e-02
  -2.7469203e-02
  -3.4591491e-02
  -3.9644190e-02
  -4.0255446e-02
  -3.8092308e-02
  -2.9698363e-02
  -1.4961272e-02
   2.0019957e-03
   1.4927844e-02
   2.1492843e-02
   2.1630710e-02
   1.5991036e-02
   8.6739205e-03
   2.0555045e-04
  -9.9296944e-03
  -1.7056141e-02
  -1.8170472e-02
  -1.1503944e-02
   1.4350681e-03
   1.4674893e-02
   2.2078904e-02
   2.3366941e-02
   2.0381339e-02
   1.7385842e-02
   1.7683695e-02
   2.1147010e-02
   2.7466375e-02
   3.2778594e-02
   3.4195601e-02
   3.1052507e-02
   2.0033511e-02
   3.5158594e-03
  -1.0560575e-02
  -1.8272750e-02
  -1.9194333e-02
  -9.6692598e-03
   9.4989628e-03
   2.3921155e-02
   3.2535122e-02
   3.5593233e-02
   3.0081615e-02
   2.0312489e-02
   1.2258888e-02
   6.0703390e-03
   3.2431098e-03
   3.4260959e-03
   3.7899893e-03
   4.0355312e-03
   3.3297051e-03
  -2.0704305e-04
  -7.9241231e-03
  -1.8923088e-02
  -3.1767289e-02
  -4.2150083e-02
  -5.0088600e-02
  -5.6392582e-02
  -6.0664309e-02
  -6.4969629e-02
  -7.0619697e-02
  -7.6162664e-02
  -7.8591392e-02
  -7.7945378e-02
  -7.5618595e-02
  -7.1755981e-02
  -6.9102657e-02
  -6.9017592e-02
  -7.2705503e-02
  -8.0664641e-02
  -9.1256898e-02
  -9.8746472e-02
  -1.0182396e-01
  -9.3760629e-02
  -7.0390029e-02
  -3.3672320e-02
  -5.2630582e-03
   1.0701269e-02
   1.9131220e-02
   2.0099118e-02
   1.4816586e-02
   6.5290682e-03
  -2.3555615e-03
  -2.7567905e-03
   5.7068448e-03
   1.9012560e-02
   2.8629101e-02
   3.5993365e-02
   4.2246041e-02
   4.7630020e-02
   5.0700771e-02
   5.7161413e-02
   6.8589854e-02
   8.9874066e-02
   1.1682390e-01
   1.3863654e-01
   1.3863156e-01
   1.0676240e-01
   1.2194278e-02
  -5.1307703e-02
  -7.9187432e-02
  -1.0053010e-01
  -1.1062319e-01
  -1.1350527e-01
  -9.8668309e-02
  -7.7089569e-02
  -6.0042991e-02
  -5.5993448e-02
  -6.2499741e-02
  -7.6750305e-02
  -9.1185386e-02
  -1.0338058e-01
  -1.0362671e-01
  -9.8383094e-02
  -3.7300860e-02
   6.5602755e-02
   1.2716312e-01
   1.6445550e-01
   1.9195829e-01
   1.9686764e-01
   1.8420013e-01
   1.4682543e-01
   9.0096916e-02
   2.1319968e-02
  -1.2716229e-02
  -1.5915118e-02
  -7.3167666e-03
   6.8516679e-03
   1.2749407e-02
  -1.0814939e-02
  -6.3618396e-02
  -1.0770203e-01
  -1.3277593e-01
  -1.5768270e-01
  -1.8340020e-01
  -1.9590140e-01
  -2.0046483e-01
  -1.9410696e-01
  -1.8471984e-01
  -1.7284478e-01
  -1.5791303e-01
  -1.3507178e-01
  -1.0628677e-01
  -8.1105268e-02
  -7.1944654e-02
  -7.5650776e-02
  -7.9485119e-02
  -7.9858059e-02
  -7.2451471e-02
  -4.8075553e-02
   5.8498760e-03
   6.2825201e-02
   1.0813942e-01
   1.4933665e-01
   1.8302602e-01
   2.1010889e-01
   2.2911097e-01
   2.4695141e-01
   2.6212431e-01
   2.7462384e-01
   2.9151966e-01
   3.1977582e-01
   3.4096067e-01
   3.4007592e-01
   3.1390440e-01
   2.7880144e-01
   2.5712682e-01
   2.4194728e-01
   2.0668050e-01
   1.5795544e-01
   1.1412974e-01
   7.1626345e-02
   4.4874336e-02
   3.4414958e-02
   3.0358431e-02
   3.4404065e-02
   4.4187743e-02
   5.4169990e-02
   6.4115733e-02
   7.6127075e-02
   8.1011971e-02
   8.4106586e-02
   8.5904350e-02
   8.7327095e-02
   8.7659706e-02
   8.8298320e-02
   8.7590690e-02
   8.6468126e-02
   7.3847939e-02
   4.4077565e-02
  -4.7017350e-02
  -1.6874868e-01
  -2.0350905e-01
  -1.7465835e-01
  -1.7535184e-01
  -1.9548813e-01
  -2.0930148e-01
  -1.9618162e-01
  -1.7341937e-01
  -1.4802866e-01
  -1.2500281e-01
  -1.1257063e-01
  -1.0768207e-01
  -1.1040034e-01
  -1.3492045e-01
  -1.6362896e-01
  -1.7643033e-01
  -1.3246910e-01
  -8.6877238e-02
  -5.2104890e-02
  -1.9684685e-02
   5.5618928e-03
   3.8575426e-02
   4.2730739e-02
   4.5848804e-02
   6.7101085e-02
   8.2459329e-02
   1.0608388e-01
   1.3489051e-01
   1.7089568e-01
   2.0466321e-01
   2.2911181e-01
   2.5284030e-01
   2.7052607e-01
   2.7720490e-01
   2.6770054e-01
   2.4603341e-01
   2.1178941e-01
   1.7432740e-01
   1.4462022e-01
   1.1772860e-01
   9.0466946e-02
   6.4310061e-02
   3.4169823e-02
   3.9480212e-03
  -2.6123707e-02
  -5.3626919e-02
  -7.2277016e-02
  -9.1259392e-02
  -1.1507020e-01
  -1.2160685e-01
  -1.1691204e-01
  -1.0384291e-01
  -8.2234650e-02
  -6.2791690e-02
  -5.0467610e-02
  -5.5308435e-02
  -6.5746526e-02
  -7.9677118e-02
  -9.8961838e-02
  -1.1804042e-01
  -1.3982812e-01
  -1.5963263e-01
  -1.8005663e-01
  -1.9808250e-01
  -2.1389900e-01
  -2.2437708e-01
  -2.3240632e-01
  -2.2834929e-01
  -2.1250286e-01
  -1.9000503e-01
  -1.6326059e-01
  -1.3532956e-01
  -1.0966111e-01
  -8.8655046e-02
  -7.3520317e-02
  -6.0661980e-02
  -4.3130871e-02
  -1.0670253e-02
   2.8169017e-02
   6.6427880e-02
   9.7104204e-02
   1.2331730e-01
   1.3968676e-01
   1.4320746e-01
   1.3610038e-01
   1.1647798e-01
   7.8157417e-02
   2.4828103e-02
  -3.0236362e-02
  -7.6263196e-02
  -1.0693619e-01
  -1.3201758e-01
  -1.4867143e-01
  -1.5134479e-01
  -1.2691200e-01
  -9.0260727e-02
  -5.2995124e-02
  -8.0956924e-03
   2.5906927e-02
   5.0710832e-02
   7.1941494e-02
   8.5333922e-02
   8.6518018e-02
   7.3740007e-02
   3.1833229e-02
  -2.4893045e-02
  -6.9746593e-02
  -9.6163746e-02
  -1.2042940e-01
  -1.4102968e-01
  -1.5522470e-01
  -1.6359902e-01
  -1.6107284e-01
  -1.5252972e-01
  -1.4061641e-01
  -1.2898001e-01
  -1.1885948e-01
  -1.0629592e-01
  -8.9693624e-02
  -7.0881379e-02
  -4.9979836e-02
  -2.8249426e-02
  -1.0736942e-02
  -4.5138263e-03
  -8.9867414e-03
  -2.0441459e-02
  -3.4821908e-02
  -4.6100341e-02
  -5.4920444e-02
  -6.5315711e-02
  -7.9836938e-02
  -9.2023567e-02
  -1.0389862e-01
  -1.1808699e-01
  -1.3063807e-01
  -1.3845195e-01
  -1.4441400e-01
  -1.4794550e-01
  -1.4215724e-01
  -1.2704255e-01
  -9.5980809e-02
  -5.3344948e-02
  -9.9236242e-03
   3.0023325e-02
   6.6174181e-02
   9.8299942e-02
   1.3298132e-01
   1.6047248e-01
   1.7625571e-01
   1.8843843e-01
   1.9669551e-01
   2.0836518e-01
   2.2444028e-01
   2.4412255e-01
   2.5700209e-01
   2.6043631e-01
   2.6263487e-01
   2.5704866e-01
   2.4766237e-01
   2.2808653e-01
   2.1040325e-01
   1.9996342e-01
   1.9435642e-01
   1.8691674e-01
   1.7404052e-01
   1.5301616e-01
   1.3371639e-01
   1.1640730e-01
   1.0180899e-01
   9.1389942e-02
   8.6083960e-02
   8.3224335e-02
   8.2716354e-02
   7.6605703e-02
   7.0314859e-02
   4.7294000e-02
   1.8488531e-02
  -1.3894587e-02
  -5.0287003e-02
  -8.7816865e-02
  -1.0981162e-01
  -1.2136653e-01
  -1.3814511e-01
  -1.5229689e-01
  -1.5746234e-01
  -1.5855331e-01
  -1.5676386e-01
  -1.4806857e-01
  -1.3495786e-01
  -1.1688876e-01
  -1.0000042e-01
  -8.8484582e-02
  -7.8920345e-02
  -6.9278692e-02
  -5.5212893e-02
  -2.8975433e-02
   2.4513868e-02
   8.0061617e-02
   1.1848529e-01
   1.5301949e-01
   1.7850167e-01
   1.8802600e-01
   1.8344760e-01
   1.6194179e-01
   1.1286000e-01
   4.7865010e-02
   3.7789299e-03
  -1.9735657e-02
  -2.5084463e-02
  -1.0915970e-02
   3.4846022e-02
   8.6962054e-02
   1.2715065e-01
   1.6128987e-01
   1.7871870e-01
   1.7899726e-01
   1.7133057e-01
   1.6169316e-01
   1.3847772e-01
   1.0987731e-01
   8.5193394e-02
   6.6350714e-02
   5.2931096e-02
   4.4583384e-02
   3.6489538e-02
   2.3899452e-02
   7.6315832e-03
  -1.5235094e-02
  -4.9718237e-02
  -8.6586203e-02
  -1.2171744e-01
  -1.4845856e-01
  -1.6543836e-01
  -1.7889997e-01
  -1.8900637e-01
  -1.9002998e-01
  -1.8507740e-01
  -1.8059879e-01
  -1.8330957e-01
  -1.8838272e-01
  -1.9108519e-01
  -1.9353653e-01
  -1.9638036e-01
  -2.0006154e-01
  -2.0471310e-01
  -1.9689757e-01
  -1.7732589e-01
  -1.6391417e-01
  -1.1657277e-01
  -4.7928788e-02
  -7.3510755e-04
   2.2496497e-02
   4.1543733e-02
   4.8108897e-02
   4.6661872e-02
   4.2360460e-02
   3.7705731e-02
   3.6459603e-02
   3.5273178e-02
   3.9575256e-02
   4.9919550e-02
   6.6996562e-02
   8.9089935e-02
   1.2052835e-01
   1.5212726e-01
   1.8969404e-01
   2.3428391e-01
   2.6796080e-01
   2.7787262e-01
   2.5511619e-01
   1.9070601e-01
   1.3037697e-01
   6.5752929e-02
   1.3329481e-02
  -1.1042279e-02
  -2.8239946e-02
  -4.0033844e-02
  -4.8881138e-02
  -5.6810757e-02
  -6.5350552e-02
  -7.1752156e-02
  -7.3785575e-02
  -6.8004375e-02
  -5.6951119e-02
  -4.3278550e-02
  -2.9548106e-02
  -1.6821982e-02
  -8.9643733e-03
  -7.0597828e-03
  -8.8322434e-03
  -1.2702592e-02
  -1.7134970e-02
  -2.1682016e-02
  -2.7483422e-02
  -3.5354419e-02
  -4.3203796e-02
  -5.3236267e-02
  -6.5392129e-02
  -7.6600797e-02
  -9.0902666e-02
  -1.0155787e-01
  -1.0743178e-01
  -1.0874560e-01
  -1.0254074e-01
  -8.4957240e-02
  -5.9823467e-02
  -3.9198324e-02
  -2.6638340e-02
  -1.8326051e-02
  -1.3813929e-02
  -1.4802200e-02
  -1.8629475e-02
  -2.4196474e-02
  -2.9371157e-02
  -3.3686955e-02
  -3.4398909e-02
  -3.0465864e-02
  -2.3232400e-02
  -1.1956794e-02
  -1.0995132e-03
   6.8863759e-03
   1.0687217e-02
   8.6606992e-03
   4.3359291e-03
  -7.3859498e-04
  -4.6321943e-03
  -6.7546119e-03
  -7.4945557e-03
  -9.9404211e-03
  -1.2645466e-02
  -1.8363553e-02
  -2.5407262e-02
  -3.7115762e-02
  -4.7619377e-02
  -6.2039407e-02
  -7.8571685e-02
  -8.6165450e-02
  -8.7783604e-02
  -8.2930390e-02
  -7.2800214e-02
  -5.4419199e-02
  -4.0753947e-02
  -3.5344108e-02
  -3.5789225e-02
  -4.2045560e-02
  -5.1001701e-02
  -5.8159496e-02
  -6.0795025e-02
  -5.5825479e-02
  -3.9806254e-02
  -1.6331880e-02
   1.1296477e-02
   3.4855252e-02
   5.7872785e-02
   7.4265949e-02
   8.8090438e-02
   9.6783234e-02
   1.0371070e-01
   1.0933765e-01
   1.1500534e-01
   1.1750991e-01
   1.1774689e-01
   1.1209167e-01
   9.7150770e-02
   5.8136962e-02
   3.5707319e-03
  -4.4442107e-02
  -7.5531368e-02
  -9.6320904e-02
  -1.0743927e-01
  -1.1190790e-01
  -1.0894600e-01
  -9.9988775e-02
  -8.2976373e-02
  -5.2608463e-02
  -1.0068061e-02
   2.9562492e-02
   5.7292046e-02
   7.9440133e-02
   9.8063788e-02
   1.1192037e-01
   1.1858674e-01
   1.1564479e-01
   1.0258314e-01
   6.5508210e-02
   1.7176962e-02
  -2.9740688e-02
  -6.1175116e-02
  -7.7868628e-02
  -8.5512700e-02
  -8.4475785e-02
  -6.9779438e-02
  -3.7754625e-02
  -3.2584847e-03
   1.5490539e-02
   2.3615984e-02
   2.0256942e-02
   6.8352702e-03
  -1.1995211e-02
  -2.7780194e-02
  -3.8804679e-02
  -4.0372359e-02
  -3.4566296e-02
  -1.4813759e-02
   9.8510318e-03
   3.1111130e-02
   5.0371985e-02
   6.3833678e-02
   7.2523315e-02
   7.9164897e-02
   8.5001311e-02
   9.2650539e-02
   1.0162605e-01
   1.1187630e-01
   1.2275768e-01
   1.3302872e-01
   1.3967180e-01
   1.4050665e-01
   1.3374965e-01
   1.1839881e-01
   9.2423532e-02
   6.3586631e-02
   3.4636311e-02
   1.4640801e-02
   4.5369760e-03
  -1.5694513e-03
   1.9880510e-03
   1.1084188e-02
   2.8003792e-02
   4.0181107e-02
   4.5765485e-02
   4.6740701e-02
   4.3113076e-02
   3.8219699e-02
   3.3894837e-02
   3.0444826e-02
   2.8866918e-02
   2.8905418e-02
   2.9106648e-02
   2.9716241e-02
   2.7806637e-02
   2.4622715e-02
   1.7332624e-02
   8.2454007e-03
  -3.5281826e-03
  -1.4874128e-02
  -2.6872332e-02
  -4.0702476e-02
  -5.4875957e-02
  -6.9401758e-02
  -8.3370684e-02
  -9.3198516e-02
  -9.5742161e-02
  -9.3679139e-02
  -8.2651079e-02
  -6.0849407e-02
  -3.8102536e-02
  -1.5985465e-02
  -4.3801664e-03
  -1.8716620e-03
  -1.5137223e-03
  -2.9223395e-03
  -1.0290661e-03
   3.4719464e-03
   8.8613469e-03
   1.2483151e-02
   1.4109870e-02
   1.1736189e-02
   8.1128385e-03
   3.5378699e-03
  -8.6082297e-04
  -3.2135988e-03
  -4.6617136e-03
  -8.2910682e-03
  -1.5090242e-02
  -2.4769147e-02
  -3.7738659e-02
  -4.8465873e-02
  -5.4717718e-02
  -5.6777995e-02
  -5.3688036e-02
  -4.4664042e-02
  -3.1304793e-02
  -1.6330549e-02
  -7.2408564e-03
  -1.7448705e-03
   2.2247870e-03
   4.8824095e-03
   8.3458826e-03
   1.2745249e-02
   1.6051156e-02
   1.9864129e-02
   2.2282296e-02
   1.8604696e-02
   1.1084355e-02
  -4.1231993e-04
  -1.0758063e-02
  -1.8134716e-02
  -2.0996005e-02
  -2.0968315e-02
  -1.4141219e-02
  -3.7718536e-03
   3.3409058e-03
   6.6229228e-03
   2.2924402e-03
  -6.3596028e-03
  -1.6005921e-02
  -2.0718773e-02
  -2.1209957e-02
  -1.8918431e-02
  -1.4083926e-02
  -3.5279165e-03
   1.0772199e-02
   2.1163807e-02
   2.6204116e-02
   2.1904117e-02
   6.7998138e-03
  -1.2497869e-02
  -3.2209579e-02
  -5.1667173e-02
  -6.8187394e-02
  -7.7375033e-02
  -8.1766583e-02
  -8.2546224e-02
  -7.8982044e-02
  -6.9445330e-02
  -5.5340366e-02
  -4.1817804e-02
  -3.0410235e-02
  -2.5437945e-02
  -2.4446348e-02
  -2.5066834e-02
  -2.5782946e-02
  -2.5370010e-02
  -2.4156228e-02
  -2.1255525e-02
  -1.8688514e-02
  -1.4782077e-02
  -9.4613777e-03
  -1.4940899e-04
   1.4588664e-02
   3.0110219e-02
   4.4192483e-02
   5.7596967e-02
   7.0218734e-02
   8.1916258e-02
   9.0737192e-02
   9.7463424e-02
   1.0034301e-01
   9.9423336e-02
   9.6029038e-02
   9.1145473e-02
   8.5363857e-02
   7.7863056e-02
   6.1206881e-02
   3.8909784e-02
   1.7939723e-02
  -2.8708928e-03
  -1.6579259e-02
  -2.0956590e-02
  -2.3103347e-02
  -2.4194395e-02
  -2.4951086e-02
  -2.7146902e-02
  -2.9539292e-02
  -3.1638984e-02
  -3.0523572e-02
  -2.5589034e-02
  -1.6994774e-02
  -8.0377598e-03
   3.1377552e-04
   5.0924036e-03
   5.3498947e-03
   2.1732406e-03
  -6.5173187e-03
  -1.7524291e-02
  -2.9229548e-02
  -4.1015878e-02
  -5.0197613e-02
  -5.2703756e-02
  -4.6789595e-02
  -2.9117125e-02
  -5.6355412e-03
   1.5354585e-02
   3.4918199e-02
   4.5018107e-02
   4.5040558e-02
   4.0337850e-02
   3.0265798e-02
   1.8368209e-02
   1.0297978e-02
   7.9337190e-03
   1.0091510e-02
   1.7615011e-02
   2.8508031e-02
   3.8218950e-02
   4.5456988e-02
   5.3417207e-02
   5.8288799e-02
   6.3238304e-02
   6.6656218e-02
   6.8792497e-02
   7.1854766e-02
   7.5961019e-02
   7.8153842e-02
   7.8428246e-02
   7.3884610e-02
   6.1319137e-02
   4.1455674e-02
   2.0450938e-02
   5.6119009e-03
  -2.6406094e-03
  -6.5882564e-03
  -7.2306036e-03
  -3.5478898e-03
   1.8833782e-03
   6.4002063e-03
   6.5292345e-03
   1.6337784e-03
  -8.3699969e-03
  -1.7646858e-02
  -2.5475780e-02
  -3.1059658e-02
  -3.4278504e-02
  -3.4601636e-02
  -3.1567389e-02
  -2.7373993e-02
  -2.4054282e-02
  -2.1862041e-02
  -2.1311653e-02
  -2.2656400e-02
  -2.4579891e-02
  -2.5186159e-02
  -2.5364438e-02
  -2.7575222e-02
  -2.8451819e-02
  -2.9809123e-02
  -3.2122850e-02
  -3.5437987e-02
  -4.0522865e-02
  -4.6486919e-02
  -5.2909726e-02
  -5.7470325e-02
  -5.7918519e-02
  -5.0933682e-02
  -3.2431098e-02
  -9.1553753e-03
   1.1966357e-02
   2.6694800e-02
   3.0957464e-02
   2.7627276e-02
   1.7020967e-02
   2.0832859e-03
  -9.9756779e-03
  -1.4419697e-02
  -1.1127428e-02
  -1.5108868e-03
   8.7827675e-03
   1.7974730e-02
   2.1846991e-02
   2.0608180e-02
   1.4048254e-02
   5.4526383e-03
  -5.9450028e-03
  -1.5286732e-02
  -2.2342083e-02
  -2.9400344e-02
  -3.5390341e-02
  -4.1632956e-02
  -4.7133182e-02
  -5.1679646e-02
  -5.2219807e-02
  -4.8198204e-02
  -4.2418085e-02
  -3.4956948e-02
  -2.5089785e-02
  -1.7388087e-02
  -1.1325830e-02
  -1.0096333e-02
  -1.1757477e-02
  -1.6413203e-02
  -2.2908769e-02
  -2.7319943e-02
  -2.9778107e-02
  -3.0804629e-02
  -2.8984663e-02
  -2.6506210e-02
  -2.3965974e-02
  -2.1696068e-02
  -1.9896059e-02
  -1.7210223e-02
  -1.3235601e-02
  -7.6445800e-03
   6.1847407e-04
   9.1652705e-03
   1.6836368e-02
   2.2350065e-02
   2.6089115e-02
   2.7273378e-02
   2.4580224e-02
   1.9190591e-02
   1.3209325e-02
   7.0982077e-03
   2.0402460e-03
   4.4650488e-04
   2.4188075e-03
   7.2660850e-03
   1.3194690e-02
   1.8619913e-02
   2.2838256e-02
   2.5132775e-02
   2.5915908e-02
   2.4097771e-02
   1.9561702e-02
   1.4287817e-02
   8.8279195e-03
   4.3494415e-03
   2.7850126e-03
   2.0558704e-03
   3.3808774e-04
  -4.8566404e-04
  -4.6123707e-04
  -7.2924444e-04
  -4.1479622e-04
   4.1071757e-04
   3.6399899e-03
   6.9042454e-03
   9.8922756e-03
   1.3626752e-02
   1.5188695e-02
   1.3019653e-02
   1.0145143e-02
   5.6178297e-03
  -2.1070593e-03
  -1.2573954e-02
  -2.3120726e-02
  -3.1103812e-02
  -3.7915941e-02
  -4.2344827e-02
  -4.4483351e-02
  -4.4935703e-02
  -4.4202710e-02
  -4.4029337e-02
  -4.3397126e-02
  -4.1315062e-02
  -3.7287306e-02
  -2.9537629e-02
  -1.8367128e-02
  -4.8686893e-03
   7.4517153e-03
   1.8776656e-02
   2.8732793e-02
   3.7025873e-02
   4.2018203e-02
   4.4761248e-02
   4.7717996e-02
   4.9309791e-02
   4.9671090e-02
   4.9693873e-02
   4.7427377e-02
   4.1793939e-02
   3.4850180e-02
   2.7611643e-02
   2.0576166e-02
   1.4941398e-02
   1.0388698e-02
   8.8947744e-03
   9.5752971e-03
   1.1583687e-02
   1.4678968e-02
   1.8373282e-02
   2.2769821e-02
   2.6281863e-02
   2.7807053e-02
   2.8148561e-02
   2.6288432e-02
   2.0163894e-02
   1.1960369e-02
   2.3601100e-03
  -8.0242558e-03
  -1.7010407e-02
  -2.4764241e-02
  -3.0865081e-02
  -3.5140633e-02
  -3.7414197e-02
  -3.5499021e-02
  -3.2230616e-02
  -2.8540128e-02
  -2.6681995e-02
  -2.5271889e-02
  -2.5100927e-02
  -2.5616890e-02
  -2.4485430e-02
  -2.2355553e-02
  -2.1440706e-02
  -2.2604596e-02
  -2.5595936e-02
  -2.9341721e-02
  -3.2128006e-02
  -3.4897244e-02
  -3.6453283e-02
  -3.5494032e-02
  -3.1042695e-02
  -2.4363029e-02
  -1.5500435e-02
  -3.7273004e-03
   5.7881683e-03
   1.0928526e-02
   1.2102145e-02
   1.2075786e-02
   1.2314351e-02
   1.2417461e-02
   1.4793386e-02
   1.8300190e-02
   2.3470051e-02
   2.9221149e-02
   3.3257055e-02
   3.5643873e-02
   3.5836289e-02
   3.3513748e-02
   3.1938667e-02
   2.9237364e-02
   2.5675430e-02
   2.0992679e-02
   1.5365810e-02
   1.0061076e-02
   5.7443135e-03
   3.0516088e-03
  -1.0524320e-05
  -4.4702708e-03
  -1.1446152e-02
  -1.7236333e-02
  -2.2334100e-02
  -2.6837574e-02
  -3.1115870e-02
  -3.4116273e-02
  -3.4655852e-02
  -3.4534199e-02
  -3.3397167e-02
  -2.9925953e-02
  -2.4089622e-02
  -1.6969246e-02
  -1.0582195e-02
  -4.2129378e-03
   1.6216048e-04
   5.3182301e-03
   8.9388454e-03
   1.1278516e-02
   1.2163844e-02
   1.0243763e-02
   8.5283199e-03
   6.6163870e-03
   5.5612941e-03
   6.7602331e-03
   9.5088580e-03
   1.3424441e-02
   1.7419436e-02
   1.9890987e-02
   2.0221436e-02
   2.0449441e-02
   2.1214780e-02
   2.2506060e-02
   2.2698725e-02
   2.5180172e-02
   2.6505877e-02
   2.7329589e-02
   2.8244686e-02
   2.5371007e-02
   1.7310588e-02
   7.6136471e-03
  -2.1322463e-04
  -4.3581226e-03
  -2.7828173e-03
   2.3255683e-03
   8.2955668e-03
   1.5005842e-02
   2.0210460e-02
   2.5185660e-02
   2.7189892e-02
   2.6723987e-02
   2.3886147e-02
   2.0973221e-02
   1.7532357e-02
   1.2305287e-02
   7.0515091e-03
   2.9897847e-03
   1.4661838e-03
   1.7387837e-03
   3.5247817e-03
   5.5257213e-03
   6.3068090e-03
   4.7479680e-03
   2.4365773e-03
  -1.4965429e-03
  -6.7801981e-03
  -1.2070381e-02
  -1.7293376e-02
  -2.2416754e-02
  -2.4269815e-02
  -2.3947847e-02
  -2.0695490e-02
  -1.6988288e-02
  -1.3720050e-02
  -1.3836879e-02
  -1.7558633e-02
  -2.2099692e-02
  -2.5594605e-02
  -2.9071391e-02
  -3.0627846e-02
  -3.1727542e-02
  -3.0461291e-02
  -2.6520845e-02
  -1.8167811e-02
  -6.7771214e-03
   3.6602709e-03
   1.0443080e-02
   1.3052166e-02
   1.3178808e-02
   1.1400917e-02
   7.4306777e-03
   2.4155396e-03
  -1.0902250e-03
  -1.2741840e-03
   1.3021649e-03
   5.8255621e-03
   1.0770286e-02
   1.4931836e-02
   1.6439729e-02
   1.6062132e-02
   1.3368563e-02
   7.5247983e-03
   9.5993282e-04
  -5.2817010e-03
  -1.2414051e-02
  -1.8470238e-02
  -2.2879499e-02
  -2.4658887e-02
  -2.3487762e-02
  -1.9498672e-02
  -1.4189780e-02
  -7.9762184e-03
  -9.0137661e-04
   5.1094250e-03
   1.1009933e-02
   1.5942974e-02
   2.1120152e-02
   2.5253845e-02
   2.8198203e-02
   2.8812703e-02
   2.7800234e-02
   2.4992828e-02
   2.2663219e-02
   2.1781466e-02
   2.1844080e-02
   2.2226417e-02
   2.1337513e-02
   1.8475310e-02
   1.4218384e-02
   8.7704609e-03
   4.8921799e-03
   2.7981091e-03
   3.0460376e-03
   5.4807024e-03
   9.2200682e-03
   1.1969267e-02
   1.4262622e-02
   1.4776922e-02
   1.4524387e-02
   1.4014826e-02
   1.3553079e-02
   1.4281165e-02
   1.4874543e-02
   1.5373710e-02
   1.4284325e-02
   1.3515078e-02
   1.2939328e-02
   1.2864989e-02
   1.3372887e-02
   1.3623509e-02
   1.3273519e-02
   1.3321831e-02
   1.3001526e-02
   1.2350439e-02
   9.9733496e-03
   8.5003805e-03
   6.2855136e-03
   3.5503927e-03
  -1.2998699e-03
  -6.7543126e-03
  -1.0465032e-02
  -1.2691615e-02
  -1.0425701e-02
  -5.8986035e-03
  -1.5385517e-03
   1.2255063e-03
   1.8478636e-03
   2.7567073e-03
   1.9847747e-03
   1.8203151e-03
   2.4145584e-03
   3.7552064e-03
   2.9588519e-03
   1.0915471e-03
  -1.7590481e-03
  -5.8788131e-03
  -9.2309612e-03
  -1.0106145e-02
  -1.0656034e-02
  -9.8754788e-03
  -9.4399243e-03
  -8.5659049e-03
  -5.8848999e-03
  -5.3680885e-03
  -5.0863168e-03
  -5.3644298e-03
  -7.9934892e-03
  -1.2380790e-02
  -1.6965421e-02
  -2.1564188e-02
  -2.5439608e-02
  -2.6883724e-02
  -2.5948337e-02
  -2.2356718e-02
  -1.8693669e-02
  -1.5376703e-02
  -1.3147459e-02
  -1.0913143e-02
  -8.5676512e-03
  -6.9001876e-03
  -7.0341717e-03
  -9.2717061e-03
  -1.0376890e-02
  -1.1401167e-02
  -1.3263956e-02
  -1.5157512e-02
  -1.6287642e-02
  -1.5508002e-02
  -1.3278342e-02
  -1.2938164e-02
  -1.2724710e-02
  -1.2081939e-02
  -1.3436665e-02
  -1.6612936e-02
  -1.9015970e-02
  -2.2442698e-02
  -2.5885973e-02
  -2.6484673e-02
  -2.4869263e-02
  -2.1272238e-02
  -1.4966095e-02
  -8.0078830e-03
  -3.5974323e-03
  -4.8052270e-04
   9.2053502e-04
   7.8066864e-04
  -1.6780572e-03
  -5.4840784e-03
  -9.2178231e-03
  -1.2728868e-02
  -1.4638306e-02
  -1.5203246e-02
  -1.2885777e-02
  -7.5113026e-03
  -1.0290411e-03
   6.4525344e-03
   1.3043684e-02
   1.7734751e-02
   2.0934804e-02
   2.0863293e-02
   1.8932567e-02
   1.6447878e-02
   1.3485309e-02
   1.1437089e-02
   9.3673319e-03
   7.0512097e-03
   3.8891490e-03
  -6.7714338e-04
  -4.4934622e-03
  -8.3222672e-03
  -1.0185888e-02
  -1.0988812e-02
  -1.0327581e-02
  -1.0054923e-02
  -9.9483206e-03
  -1.1167008e-02
  -1.2220305e-02
  -1.0581945e-02
  -8.8211010e-03
  -5.7193427e-03
  -1.4881112e-03
   1.5969583e-03
   4.1892891e-03
   3.5972743e-03
   1.8142117e-03
  -9.0606642e-04
  -2.4198220e-03
  -4.6852791e-03
  -5.2615448e-03
  -4.9311038e-03
  -2.9709090e-03
  -1.8842929e-03
  -1.2768864e-03
  -2.0520287e-03
  -3.3819584e-03
  -4.5257753e-03
  -4.9521498e-03
  -3.8801186e-03
  -1.8810083e-03
   1.2189539e-03
   3.3986305e-03
   5.3533206e-03
   6.4269898e-03
   7.5486382e-03
   9.9736822e-03
   1.1149713e-02
   1.3308942e-02
   1.5773010e-02
   1.7370874e-02
   1.7169312e-02
   1.6692181e-02
   1.5152357e-02
   1.3381867e-02
   1.2668748e-02
   1.0965113e-02
   1.1115869e-02
   1.3557569e-02
   1.6253134e-02
   1.8831869e-02
   2.1954341e-02
   2.4059521e-02
   2.5129033e-02
   2.6469539e-02
   2.4820868e-02
   2.0844168e-02
   1.6472990e-02
   1.3495870e-02
   1.1205841e-02
   1.0489895e-02
   1.2731612e-02
   1.6917775e-02
   2.0643187e-02
   2.3061521e-02
   2.2229161e-02
   1.7331959e-02
   8.0271079e-03
  -1.5299537e-03
  -8.8687475e-03
  -1.4046923e-02
  -1.7568196e-02
  -1.9949028e-02
  -2.0681853e-02
  -1.9652505e-02
  -1.6874701e-02
  -1.2591084e-02
  -9.6285149e-03
  -6.5698713e-03
  -4.6336329e-03
  -5.5269437e-03
  -7.8740651e-03
  -1.0780930e-02
  -1.4382112e-02
  -1.6942221e-02
  -1.8706724e-02
  -1.9114755e-02
  -1.8101621e-02
  -1.5710396e-02
  -1.2097073e-02
  -8.0670878e-03
  -4.5612567e-03
  -1.2360750e-03
   2.4743453e-03
   4.7914237e-03
   7.1524649e-03
   8.0298353e-03
   8.0838348e-03
   8.8180243e-03
   1.0164601e-02
   1.1171499e-02
   1.1728207e-02
   1.3221881e-02
   1.4056236e-02
   1.4089830e-02
   1.2565639e-02
   1.1138736e-02
   1.0395267e-02
   9.6592814e-03
   7.5039769e-03
   4.5200212e-03
   1.6999514e-03
  -1.1298722e-03
  -3.6477813e-03
  -4.6698459e-03
  -4.9118290e-03
  -4.7279864e-03
  -4.3658143e-03
  -3.5425098e-03
  -2.5126621e-03
  -2.8881803e-03
  -4.3969550e-03
  -7.6556060e-03
  -1.1381293e-02
  -1.6054815e-02
  -1.9050561e-02
  -1.9606771e-02
  -1.8544327e-02
  -1.4490710e-02
  -7.3560813e-03
   2.5224658e-05
   5.6285065e-03
   7.6190936e-03
   8.7227312e-03
   8.3759839e-03
   6.3761252e-03
   3.3868893e-03
   9.1340882e-04
   7.5008836e-05
  -7.5314589e-04
  -9.4066631e-04
  -1.8741815e-03
  -3.0284009e-03
  -3.5822236e-03
  -3.2838713e-03
  -3.1990055e-03
  -4.1205384e-03
  -6.9669094e-03
  -1.0039622e-02
  -1.3121682e-02
  -1.6453283e-02
  -2.0159155e-02
  -2.3603927e-02
  -2.6416238e-02
  -2.6829674e-02
  -2.5407678e-02
  -2.3198806e-02
  -2.0713202e-02
  -1.7381684e-02
  -1.5458193e-02
  -1.2952798e-02
  -1.0412979e-02
  -6.4243954e-03
  -2.0381173e-03
   4.2315474e-03
   9.5870216e-03
   1.5140882e-02
   1.9263017e-02
   2.1131544e-02
   2.1050054e-02
   1.8946953e-02
   1.5286981e-02
   1.1039618e-02
   7.2444153e-03
   4.0727172e-03
   2.9762059e-03
   4.9004204e-03
   9.2116698e-03
   1.4518067e-02
   2.0241060e-02
   2.5037648e-02
   2.8518009e-02
   3.0941249e-02
   3.2549175e-02
   3.3412052e-02
   3.3618104e-02
   3.1670166e-02
   2.9188138e-02
   2.6032821e-02
   2.2867193e-02
   1.8729425e-02
   1.5989955e-02
   1.3790397e-02
   1.3108045e-02
   1.2860083e-02
   1.4059147e-02
   1.5809264e-02
   1.6138549e-02
   1.3908141e-02
   1.2217145e-02
   1.2163179e-02
   1.1982488e-02
   1.1741096e-02
   1.1546601e-02
   1.1840297e-02
   1.2725375e-02
   1.2082770e-02
   9.8486204e-03
   7.2589421e-03
   4.5805897e-03
   1.3327319e-03
  -1.5755797e-03
  -4.0392814e-03
  -6.5716092e-03
  -7.6626075e-03
  -7.7354411e-03
  -8.5155143e-03
  -1.0169923e-02
  -1.1259308e-02
  -1.2043356e-02
  -1.3523892e-02
  -1.4698841e-02
  -1.4528544e-02
  -1.5205325e-02
  -1.7253629e-02
  -1.9706803e-02
  -2.3747033e-02
  -2.6979017e-02
  -2.9413482e-02
  -3.0549183e-02
  -3.2283003e-02
  -3.3207912e-02
  -3.2778843e-02
  -3.2982318e-02
  -3.2659269e-02
  -3.1927691e-02
  -3.0917467e-02
  -2.9676494e-02
  -2.7307221e-02
  -2.6141834e-02
  -2.3610496e-02
  -2.1298099e-02
  -1.8790875e-02
  -1.5608284e-02
  -1.2931594e-02
  -1.0398759e-02
  -6.8740776e-03
  -4.7708018e-03
  -2.6454655e-03
  -1.7379938e-03
  -2.3966639e-03
  -4.2872182e-03
  -6.3896708e-03
  -8.2654239e-03
  -9.6050658e-03
  -9.9703561e-03
  -9.9589642e-03
  -9.1674325e-03
  -7.5630819e-03
  -5.6550239e-03
  -3.7760861e-03
  -1.9815567e-03
  -1.8712711e-03
  -2.5912166e-03
  -3.1024069e-03
  -3.5916448e-03
  -3.2964939e-03
  -3.4563718e-03
  -3.3949468e-03
  -2.3252606e-03
  -1.7322479e-04
   4.8530067e-04
   4.6900770e-04
  -9.0180900e-04
  -3.1633163e-03
  -4.3895544e-03
  -4.7040550e-03
  -4.2392141e-03
  -1.9443458e-03
   1.8255787e-03
   5.9211546e-03
   9.3138646e-03
   1.2062149e-02
   1.4656101e-02
   1.5253388e-02
   1.5415619e-02
   1.6218709e-02
   1.5921936e-02
   1.4860241e-02
   1.3961775e-02
   1.3586423e-02
   1.1683720e-02
   9.8741483e-03
   9.6016565e-03
   9.0010437e-03
   9.4275345e-03
   1.0386120e-02
   1.1547349e-02
   1.1751157e-02
   1.2428104e-02
   1.3466184e-02
   1.3177145e-02
   1.2558737e-02
   1.2277348e-02
   1.1093002e-02
   9.0825334e-03
   6.9490482e-03
   4.9657868e-03
   3.4264867e-03
   3.1109633e-03
   2.6580798e-03
   3.1338470e-03
   2.8340395e-03
   2.4830514e-03
   1.4629326e-03
   8.5744697e-04
   6.3409932e-04
   1.6988205e-04
   9.5857743e-04
   3.0650380e-03
   4.3256514e-03
   5.0047689e-03
   5.6875284e-03
   5.8095552e-03
   4.9380803e-03
   3.2859584e-03
   2.7671347e-03
   2.6375577e-03
   2.8516596e-03
   3.9561536e-03
   4.9432358e-03
   5.2287826e-03
   5.1547682e-03
   4.6412580e-03
   3.8051231e-03
   3.2495209e-03
   2.0970394e-03
   9.5147618e-04
  -1.0290411e-04
  -1.0142898e-03
  -2.2039988e-03
  -3.6311840e-03
  -4.4171279e-03
  -4.8240279e-03
  -5.1441081e-03
  -5.0290245e-03
  -4.7281693e-03
  -4.8531480e-03
  -4.9584860e-03
  -4.8914066e-03
  -4.9288254e-03
  -5.0750829e-03
  -5.2074123e-03
  -5.1714820e-03
  -4.7202947e-03
  -4.1481119e-03
  -3.3494706e-03
  -2.8476350e-03
  -2.4262414e-03
  -1.7174052e-03
  -1.3831724e-03
  -1.1196029e-03
  -5.5047335e-04
  -1.9611261e-04
   1.6633724e-04
   3.4199592e-04
   3.4611448e-04
   2.7716333e-04
   1.4837790e-04
   1.6659252e-04
   2.5984592e-04
   4.9187889e-04
   5.5984883e-04
   6.1824623e-04
   7.3061480e-04
   7.9136625e-04
   7.8114760e-04
   7.4661590e-04
   7.1204095e-04
   6.9508692e-04
   6.4758421e-04
   6.0613086e-04
   5.6120838e-04
   4.8209263e-04
   4.0637117e-04
   3.8718200e-04
   3.8670470e-04
   3.9743973e-04
   4.0759269e-04
   4.2501986e-04
   4.1090467e-04
   3.6082588e-04
   2.8802225e-04
   2.2104016e-04
   1.7446460e-04
   1.3983977e-04
   1.2026559e-04
   1.1758807e-04
   1.0534049e-04
   9.3159434e-05
   7.8536012e-05
   5.4274347e-05
   3.2216314e-05
   8.4044222e-06
  -1.7682365e-05
  -4.3711776e-05
  -6.7646651e-05
  -9.0180900e-05
  -1.1250743e-04
  -1.3482815e-04
  -1.5520059e-04
  -1.7626070e-04
  -1.9573759e-04
  -2.1442452e-04
  -2.3143676e-04
  -2.4728319e-04
  -2.6194137e-04
  -2.7575888e-04
  -2.8874652e-04
  -3.0109305e-04
  -3.1274109e-04
  -3.2374138e-04
  -3.3405982e-04
  -3.4369806e-04
  -3.5263865e-04
