  -5.0543778e-04
  -4.7434112e-04
  -5.0125104e-04
  -4.7515436e-04
  -4.9580536e-04
  -4.5266152e-04
  -4.7030572e-04
  -4.5325689e-04
  -4.8889453e-04
  -4.6913742e-04
  -5.1432932e-04
  -4.9396519e-04
  -5.1529721e-04
  -4.3811310e-04
  -3.5255217e-04
  -2.7809214e-04
  -2.9381135e-04
  -3.1735940e-04
  -4.3607087e-04
  -4.1303920e-04
  -4.5031495e-04
  -2.7564163e-04
  -6.6265649e-05
   2.6196133e-04
   4.9311953e-04
   2.4832759e-04
   4.4642672e-05
   1.7943298e-04
   1.9652255e-04
   1.6776332e-04
   2.9803302e-05
   9.4408390e-05
   1.6908295e-04
   1.6605203e-04
  -3.8241817e-05
  -4.5171857e-04
  -4.5323444e-04
  -1.3034953e-04
  -8.9754326e-05
  -2.8185980e-04
  -6.0433144e-04
  -6.6800987e-04
  -7.0202519e-04
  -6.7746019e-04
  -6.7887379e-04
  -6.6449001e-04
   4.2341168e-05
   1.2829483e-03
   2.1595537e-03
   3.0422541e-03
   3.7262360e-03
   4.2628628e-03
   3.3982730e-03
   3.5030788e-03
   2.3121225e-03
   1.2920701e-03
   8.1978705e-04
   6.5084463e-04
   3.2482403e-04
  -5.5511162e-04
  -1.3904649e-03
  -2.0935719e-03
  -2.3727409e-03
  -2.2749199e-03
  -2.5132192e-03
  -2.3776386e-03
  -8.6009123e-04
   1.5547416e-03
   2.3094449e-03
   2.0686177e-03
   9.5662334e-04
  -3.5545421e-04
  -2.6075478e-03
  -4.1010889e-03
  -5.6314418e-03
  -6.0640361e-03
  -4.9056923e-03
  -1.8844841e-03
  -3.8505328e-04
   6.4635521e-05
   8.4107418e-04
   1.8051064e-03
   2.8133677e-03
   3.2697686e-03
   3.0968107e-03
   3.2975333e-03
   2.3249862e-03
   1.4262705e-03
  -1.0119865e-03
  -4.3767322e-03
  -7.1808034e-03
  -7.9664812e-03
  -8.3127379e-03
  -8.8464626e-03
  -9.9571348e-03
  -9.3237598e-03
  -7.9963331e-03
  -7.0983990e-03
  -6.4432379e-03
  -4.6841732e-03
  -1.5111279e-03
   2.1770490e-03
   4.5780036e-03
   6.2033752e-03
   8.9121533e-03
   1.1760636e-02
   1.1102232e-02
   8.5463640e-03
   4.6717169e-03
  -1.5436906e-04
  -4.0447279e-03
  -4.7866341e-03
  -3.1458293e-03
  -2.7430121e-04
   2.8363345e-03
   6.5659049e-03
   9.1544606e-03
   9.1004113e-03
   7.6548660e-03
   6.1625971e-03
   5.1122855e-03
   4.4007551e-03
   2.7379398e-03
   4.4313969e-04
  -2.6768058e-03
  -6.1626886e-03
  -8.6466463e-03
  -1.0172002e-02
  -1.0057667e-02
  -7.2108299e-03
  -5.1004029e-03
  -3.6156760e-03
  -6.3497907e-04
   2.7295164e-03
   4.9932023e-03
   5.3221881e-03
   3.6701078e-03
   1.5759289e-03
   2.3886563e-04
  -8.9915642e-04
  -1.3925188e-03
  -8.1944530e-07
   2.5705365e-03
   4.4912087e-03
   4.8174422e-03
   4.8447828e-03
   3.8544743e-03
   1.6641541e-03
  -4.9024161e-04
  -2.2745956e-03
  -2.6105746e-03
  -2.5512284e-03
  -1.9747548e-03
  -1.1704758e-03
  -1.4520894e-03
  -2.2007226e-03
  -2.1856636e-03
   3.3875047e-04
   1.3410721e-03
  -1.7765351e-03
  -5.3574533e-03
  -6.5188737e-03
  -7.1949643e-03
  -8.8502044e-03
  -1.0912893e-02
  -1.2432345e-02
  -1.0225802e-02
  -3.6813335e-03
   2.9208843e-03
   8.6231972e-03
   1.4011251e-02
   1.8062955e-02
   1.8788547e-02
   1.7425672e-02
   1.4911047e-02
   1.2610043e-02
   1.0405744e-02
   9.3395588e-03
   1.0468442e-02
   1.2938247e-02
   1.3961359e-02
   1.2405985e-02
   7.4450049e-03
   9.7623909e-04
  -4.7361936e-03
  -7.0277773e-03
  -7.6266855e-03
  -1.0881711e-02
  -1.5211978e-02
  -1.9039585e-02
  -2.3194233e-02
  -2.8422633e-02
  -3.2327739e-02
  -3.2322085e-02
  -2.7232965e-02
  -1.7064040e-02
  -5.0757814e-03
   3.4072867e-03
   7.3795304e-03
   7.2694277e-03
   4.4288108e-03
   1.6573854e-03
  -7.8347255e-04
  -1.5747482e-03
  -2.5516608e-04
   1.5231768e-03
   3.5835208e-03
   4.5690647e-03
   3.4331389e-03
   2.2454422e-03
  -6.9072140e-04
  -4.9626935e-03
  -1.0373481e-02
  -1.5762449e-02
  -2.0883250e-02
  -2.5834085e-02
  -3.0924452e-02
  -3.4742829e-02
  -3.7391829e-02
  -3.6488207e-02
  -3.2353017e-02
  -2.6154806e-02
  -2.0163146e-02
  -1.3922942e-02
  -6.2814391e-03
   1.9099372e-03
   7.0609469e-03
   9.3509507e-03
   8.0587309e-03
   4.6930206e-03
   1.5534777e-03
   4.4768150e-04
   3.7097551e-03
   9.7340358e-03
   1.9670133e-02
   3.0729375e-02
   3.7950865e-02
   4.0600364e-02
   3.8373947e-02
   3.3145713e-02
   2.7750841e-02
   2.2729575e-02
   1.8084325e-02
   1.4687865e-02
   1.6509744e-02
   1.8366214e-02
   1.3559149e-02
   5.1928606e-03
  -1.6433576e-03
  -7.9854650e-03
  -9.9518962e-03
  -5.2240512e-03
  -2.1229997e-04
   5.3111953e-03
   4.2448435e-03
   3.3231277e-03
   9.0532636e-03
   1.3471922e-02
   1.2591915e-02
   8.3444690e-03
   3.1914137e-03
   8.5508543e-04
   4.6320862e-03
   8.4085798e-03
   9.2432678e-03
   4.8983249e-03
   8.1490016e-04
  -6.0228006e-03
  -1.5299704e-02
  -2.1035502e-02
  -1.9419427e-02
  -1.1871978e-02
  -2.9367415e-04
   9.4490711e-03
   1.4934330e-02
   1.8645524e-02
   1.9634460e-02
   1.6645116e-02
   4.7137673e-03
  -1.0821592e-02
  -2.2535912e-02
  -2.4989835e-02
  -1.6100798e-02
  -5.9584486e-03
   3.3969591e-03
   1.2684963e-02
   1.6151355e-02
   1.2833557e-02
   8.8374821e-03
   9.2368651e-03
   1.4331472e-02
   2.0442290e-02
   2.4515864e-02
   2.5233223e-02
   2.1054960e-02
   1.2977578e-02
   7.8098379e-03
   2.0708047e-03
  -2.2689329e-03
  -2.9873733e-03
  -1.6130400e-03
   4.2940866e-03
   1.2119191e-02
   1.7927416e-02
   1.9752621e-02
   1.8128480e-02
   1.5522470e-02
   1.2526973e-02
   6.3719011e-03
  -1.3192362e-04
  -7.3096071e-03
  -1.3712649e-02
  -1.8628062e-02
  -2.2511382e-02
  -2.3621139e-02
  -1.9229007e-02
  -9.9855731e-03
   1.5978314e-03
   1.0845540e-02
   1.9774822e-02
   2.7936521e-02
   3.2779674e-02
   3.3626420e-02
   2.8734290e-02
   1.9872860e-02
   7.4225037e-03
  -5.4584839e-03
  -1.7476894e-02
  -2.8715663e-02
  -3.1898920e-02
  -2.5791345e-02
  -2.0008149e-02
  -2.2103434e-02
  -2.9536132e-02
  -3.5829970e-02
  -3.9384670e-02
  -3.9961334e-02
  -3.6608446e-02
  -2.9919716e-02
  -2.1573168e-02
  -1.2735271e-02
  -4.3331019e-03
   1.9350826e-03
   4.1082983e-03
   2.8665356e-04
  -7.0638739e-03
  -1.6147779e-02
  -2.3630452e-02
  -2.5708442e-02
  -2.5212601e-02
  -2.3166293e-02
  -2.0908944e-02
  -1.9489525e-02
  -1.6568366e-02
  -1.3261295e-02
  -9.2392765e-03
  -4.9468862e-03
   2.6827346e-03
   1.1150461e-02
   1.8240071e-02
   2.2650912e-02
   2.4152236e-02
   2.3230072e-02
   2.2784788e-02
   2.2517369e-02
   2.4510126e-02
   2.9262310e-02
   3.6646863e-02
   4.4185332e-02
   5.3427851e-02
   6.0676698e-02
   6.4849224e-02
   6.8135922e-02
   6.8929450e-02
   6.6633850e-02
   5.1991386e-02
   1.8143613e-02
  -1.7048907e-02
  -4.4383152e-02
  -6.4121055e-02
  -7.6629484e-02
  -8.3509549e-02
  -8.5303987e-02
  -8.1882997e-02
  -7.5954367e-02
  -5.9074759e-02
  -2.9257238e-02
  -4.8039215e-03
   7.9431402e-03
   1.1341297e-02
   5.5285735e-03
  -1.2513918e-02
  -3.3786988e-02
  -5.3196104e-02
  -7.1106308e-02
  -8.1171541e-02
  -8.6946255e-02
  -8.5075317e-02
  -7.5872960e-02
  -3.2955958e-02
   2.8111558e-02
   8.7710430e-02
   1.2905401e-01
   1.3770939e-01
   1.3430761e-01
   1.1418047e-01
   7.0873729e-02
   2.1110174e-02
  -3.2456792e-02
  -6.6843811e-02
  -7.3144716e-02
  -6.4582303e-02
  -3.8621742e-02
  -2.3358959e-03
   3.1449479e-02
   6.5930127e-02
   8.4212190e-02
   6.5031495e-02
   1.9079000e-02
  -2.7299987e-02
  -6.7568820e-02
  -9.6529618e-02
  -1.2031133e-01
  -1.3878040e-01
  -1.4563884e-01
  -1.3655523e-01
  -9.2582354e-02
  -1.7826302e-02
   3.5515153e-02
   7.1479331e-02
   8.6646905e-02
   8.8191053e-02
   7.8558464e-02
   6.9728299e-02
   7.2114868e-02
   7.7349422e-02
   8.0004325e-02
   8.0769913e-02
   8.1454843e-02
   8.0941956e-02
   7.7564372e-02
   7.0847120e-02
   6.0933973e-02
   4.5522263e-02
   2.6396614e-02
   1.4889261e-02
   1.6008249e-02
   2.3838750e-02
   3.8292707e-02
   5.3066968e-02
   7.4083678e-02
   9.2310444e-02
   9.7201493e-02
   9.2590669e-02
   8.3654235e-02
   7.8477972e-02
   8.0760267e-02
   8.6092276e-02
   9.0743013e-02
   9.5048666e-02
   9.4302785e-02
   8.8155297e-02
   7.4606376e-02
   5.6576765e-02
   3.4357000e-02
   1.0147804e-02
  -1.1680228e-02
  -2.6130442e-02
  -3.9387081e-02
  -5.0403832e-02
  -5.0065068e-02
  -4.6787682e-02
  -5.5775837e-02
  -6.9224227e-02
  -9.0417886e-02
  -1.1519743e-01
  -1.4122509e-01
  -1.6128322e-01
  -1.7856736e-01
  -1.9722602e-01
  -2.1197068e-01
  -2.2893136e-01
  -2.4926805e-01
  -2.6000142e-01
  -2.7009451e-01
  -2.8201197e-01
  -2.9479755e-01
  -3.0229377e-01
  -3.0770203e-01
  -3.1001701e-01
  -3.1967105e-01
  -3.2928102e-01
  -3.3333472e-01
  -3.2041527e-01
  -2.7017018e-01
  -8.4692814e-02
   1.1839050e-01
   2.2745457e-01
   3.0775691e-01
   3.6070946e-01
   3.8418018e-01
   3.8885753e-01
   3.9621988e-01
   4.0079827e-01
   3.9425664e-01
   3.7707311e-01
   3.4911796e-01
   2.8073142e-01
   1.9676619e-01
   9.6058973e-02
  -7.9762184e-03
  -6.3994745e-02
  -1.0143314e-01
  -1.1024983e-01
  -9.5895994e-02
  -3.6628819e-02
   6.8021255e-02
   1.4307524e-01
   1.8690759e-01
   2.1736730e-01
   2.2788696e-01
   2.2169208e-01
   2.0229336e-01
   1.6935320e-01
   1.3097235e-01
   8.7153306e-02
   3.7824307e-02
  -1.5294382e-02
  -6.8282271e-02
  -1.2113371e-01
  -1.6096973e-01
  -1.9351491e-01
  -2.1675280e-01
  -2.2529509e-01
  -2.2693154e-01
  -2.2254523e-01
  -2.0924244e-01
  -1.9641445e-01
  -1.8243563e-01
  -1.6956025e-01
  -1.6150025e-01
  -1.5060140e-01
  -1.4228363e-01
  -1.4389513e-01
  -1.3740173e-01
  -1.2381040e-01
  -9.4767610e-02
  -4.1594705e-02
  -4.6397696e-03
   2.6626282e-02
   4.9307961e-02
   5.6403392e-02
   5.8710467e-02
   5.8646356e-02
   5.8043082e-02
   5.3053081e-02
   4.3595529e-02
   2.9831491e-02
   1.5341862e-02
   1.7501507e-03
  -1.7824556e-02
  -4.0028189e-02
  -5.3802953e-02
  -5.9647017e-02
  -5.4673730e-02
  -3.5108785e-02
  -3.2897752e-03
   2.5118722e-02
   5.4900820e-02
   8.1027021e-02
   9.9659490e-02
   1.0911230e-01
   1.1423202e-01
   1.1519992e-01
   1.0965197e-01
   1.0644143e-01
   1.1029723e-01
   1.0830406e-01
   1.0005779e-01
   8.9390117e-02
   7.6232346e-02
   6.4185997e-02
   5.0135415e-02
   3.6819821e-02
   2.8280857e-02
   2.8404339e-02
   3.1796974e-02
   2.8736867e-02
   2.2539155e-02
   1.6980721e-02
   1.3202007e-02
   1.2281755e-02
   1.7688185e-02
   2.1020119e-02
   1.8571850e-02
   1.6328055e-02
   1.5309599e-02
   1.7731425e-02
   2.5758084e-02
   3.0719397e-02
   2.5195555e-02
   1.8286886e-02
   1.3723958e-02
   1.4249151e-02
   1.2521901e-02
   6.1987270e-03
  -3.0477505e-03
  -1.6020805e-02
  -3.5884019e-02
  -5.4264368e-02
  -6.9688053e-02
  -8.2297430e-02
  -8.6862271e-02
  -8.7072647e-02
  -7.9364214e-02
  -6.0489688e-02
  -3.4729691e-02
  -1.3837129e-02
  -3.8937889e-03
  -4.0359137e-03
  -1.3188204e-02
  -2.7240117e-02
  -4.2747702e-02
  -5.2306701e-02
  -5.9959339e-02
  -6.7762234e-02
  -6.9088854e-02
  -6.6325270e-02
  -5.9110764e-02
  -4.7308552e-02
  -2.8326841e-02
  -6.1728748e-04
   3.4252976e-02
   6.6449999e-02
   9.2243922e-02
   1.1138653e-01
   1.2638564e-01
   1.3988051e-01
   1.5385434e-01
   1.6833374e-01
   1.7974314e-01
   1.8661073e-01
   1.8793536e-01
   1.8285555e-01
   1.7231344e-01
   1.6417195e-01
   1.6156344e-01
   1.6342523e-01
   1.6608695e-01
   1.6832709e-01
   1.6928252e-01
   1.6980139e-01
   1.6765355e-01
   1.6090321e-01
   1.4049335e-01
   1.1772610e-01
   8.6636927e-02
   4.2146507e-02
  -3.0979915e-03
  -4.1022364e-02
  -7.7240574e-02
  -1.0956216e-01
  -1.3388686e-01
  -1.5785815e-01
  -1.7694671e-01
  -1.9417930e-01
  -2.1042071e-01
  -2.2150249e-01
  -2.2824785e-01
  -2.3058611e-01
  -2.2650746e-01
  -2.1321215e-01
  -1.9099039e-01
  -1.6685944e-01
  -1.4400156e-01
  -1.2064893e-01
  -9.7166569e-02
  -7.7358236e-02
  -7.0540037e-02
  -7.1855598e-02
  -7.2134908e-02
  -7.4258548e-02
  -7.5680295e-02
  -7.9935973e-02
  -8.8235124e-02
  -9.9928905e-02
  -1.0919296e-01
  -1.2117778e-01
  -1.3331310e-01
  -1.3999526e-01
  -1.3105218e-01
  -1.1326745e-01
  -9.4663669e-02
  -8.0574753e-02
  -6.3090375e-02
  -4.5582798e-02
  -2.5526337e-02
   8.8742356e-04
   2.4075071e-02
   3.2400997e-02
   3.0528478e-02
   2.6929873e-02
   1.7427751e-02
   1.6474653e-03
  -1.2619938e-02
  -1.7303354e-02
  -1.3871554e-02
  -5.7139377e-03
   1.1752571e-02
   3.4523223e-02
   5.4089914e-02
   7.4389181e-02
   9.4232937e-02
   1.1449645e-01
   1.2957289e-01
   1.3747241e-01
   1.4674062e-01
   1.5815085e-01
   1.7373036e-01
   1.8645773e-01
   2.0017462e-01
   2.1307412e-01
   2.2530008e-01
   2.3287780e-01
   2.3631533e-01
   2.3601183e-01
   2.3702380e-01
   2.3771812e-01
   2.3957326e-01
   2.3944936e-01
   2.3723833e-01
   2.3215853e-01
   2.2335264e-01
   2.0440960e-01
   1.7955522e-01
   1.5534361e-01
   1.3150037e-01
   1.0618948e-01
   8.0521203e-02
   6.0437052e-02
   4.0041577e-02
   1.3324159e-02
  -4.1624225e-03
  -3.4911630e-02
  -7.2691450e-02
  -1.0277938e-01
  -1.2985893e-01
  -1.4903647e-01
  -1.6122917e-01
  -1.6617260e-01
  -1.6491367e-01
  -1.6094811e-01
  -1.5498190e-01
  -1.5318829e-01
  -1.5620507e-01
  -1.6180209e-01
  -1.6445716e-01
  -1.6622499e-01
  -1.6490203e-01
  -1.6103376e-01
  -1.5311595e-01
  -1.3739923e-01
  -9.5432001e-02
  -4.3447849e-02
   5.1718811e-03
   3.6485796e-02
   5.1771364e-02
   5.7423095e-02
   5.7298864e-02
   5.5655931e-02
   5.0830822e-02
   4.5448173e-02
   3.9498423e-02
   3.4400656e-02
   2.8718407e-02
   2.0468317e-02
   8.6326767e-03
  -7.9987777e-03
  -2.9003040e-02
  -4.8286595e-02
  -6.8872157e-02
  -8.5937611e-02
  -9.7821813e-02
  -1.0645807e-01
  -1.1244341e-01
  -1.1725380e-01
  -1.2054914e-01
  -1.2285580e-01
  -1.2369232e-01
  -1.2650288e-01
  -1.2951385e-01
  -1.3271024e-01
  -1.3495537e-01
  -1.3849020e-01
  -1.4205745e-01
  -1.4725367e-01
  -1.5179881e-01
  -1.5469502e-01
  -1.3504351e-01
  -1.0023990e-01
  -6.4910923e-02
  -3.3814927e-02
   2.4370513e-03
   3.1958956e-02
   5.1565976e-02
   6.1738560e-02
   6.8895690e-02
   7.6435655e-02
   8.2926481e-02
   8.7451824e-02
   9.0277357e-02
   8.6330093e-02
   7.8041502e-02
   7.0178987e-02
   6.7462218e-02
   7.0766046e-02
   7.2626258e-02
   5.8904795e-02
   4.2165466e-02
   6.6758163e-03
  -2.9952478e-02
  -6.6575809e-02
  -9.7457604e-02
  -1.1872311e-01
  -1.3329647e-01
  -1.4599723e-01
  -1.5096811e-01
  -1.4672815e-01
  -1.3489966e-01
  -1.1481659e-01
  -9.5032036e-02
  -7.5191938e-02
  -6.1645179e-02
  -5.7992193e-02
  -6.3464230e-02
  -7.6884764e-02
  -9.2149959e-02
  -9.8516139e-02
  -9.9974640e-02
  -9.0909319e-02
  -7.6804937e-02
  -4.7155301e-02
  -1.2774685e-02
   1.4940151e-02
   3.5207986e-02
   4.6336079e-02
   5.1936172e-02
   5.3281003e-02
   5.3410139e-02
   5.4419947e-02
   5.6333959e-02
   5.9457512e-02
   6.3973541e-02
   7.0359013e-02
   7.9668304e-02
   9.2517494e-02
   1.0718233e-01
   1.1881873e-01
   1.2453882e-01
   1.1871895e-01
   1.0947485e-01
   1.0193871e-01
   9.6806517e-02
   9.6639380e-02
   9.9474060e-02
   1.0269207e-01
   1.0055505e-01
   7.8952442e-02
   4.7828340e-02
   1.7389833e-02
  -1.8951194e-02
  -4.8154632e-02
  -7.4507175e-02
  -9.6364144e-02
  -1.1101401e-01
  -1.2032214e-01
  -1.2245584e-01
  -1.1784252e-01
  -9.6045669e-02
  -5.4578104e-02
  -1.9672711e-02
   2.7778614e-03
   1.7885091e-02
   3.1220226e-02
   4.2545807e-02
   5.0753324e-02
   5.5013575e-02
   5.6406967e-02
   5.7543167e-02
   5.6805934e-02
   5.0910566e-02
   4.1544647e-02
   3.2111625e-02
   2.9358019e-02
   3.3396253e-02
   4.1206132e-02
   5.2107800e-02
   5.8264435e-02
   5.6279993e-02
   4.8506285e-02
   3.4032621e-02
   1.7165404e-02
   7.4717219e-04
  -1.5588410e-02
  -2.5874415e-02
  -3.0241850e-02
  -3.1673576e-02
  -2.9785840e-02
  -2.6631854e-02
  -2.3171199e-02
  -1.7724690e-02
  -7.8000092e-03
   7.7722029e-03
   2.2750862e-02
   3.8460010e-02
   5.1710828e-02
   6.0160569e-02
   6.4701461e-02
   6.6306643e-02
   6.5228900e-02
   6.0167304e-02
   5.2992795e-02
   3.5553486e-02
   1.3335967e-02
  -8.2135116e-03
  -2.8566737e-02
  -4.9418804e-02
  -6.0168468e-02
  -6.1470475e-02
  -5.6926173e-02
  -4.1544980e-02
  -2.1056540e-02
  -3.2634989e-03
   1.5898238e-02
   2.8256992e-02
   3.3063226e-02
   3.5347434e-02
   3.4986550e-02
   3.3560147e-02
   2.9969774e-02
   2.6187734e-02
   2.3124135e-02
   2.2387983e-02
   2.3923317e-02
   2.6438856e-02
   3.2203509e-02
   3.8139207e-02
   4.5332674e-02
   5.1802795e-02
   5.6024132e-02
   5.9751374e-02
   6.2016872e-02
   6.2606675e-02
   6.1395388e-02
   5.7598381e-02
   4.9258485e-02
   3.6511490e-02
   2.0698817e-02
   4.9879554e-03
  -6.7905589e-03
  -1.1793399e-02
  -1.3791312e-02
  -1.0936342e-02
  -4.1121067e-03
   3.4011833e-03
   1.2901826e-02
   2.2578237e-02
   2.8080293e-02
   3.0345875e-02
   2.9018340e-02
   2.2210369e-02
   8.1560946e-03
  -7.9864961e-03
  -2.3189826e-02
  -3.8696081e-02
  -5.2481156e-02
  -6.0050558e-02
  -6.2344328e-02
  -6.2226750e-02
  -5.9338437e-02
  -5.3848771e-02
  -4.9026905e-02
  -4.3227660e-02
  -3.8200573e-02
  -3.6899065e-02
  -3.9364380e-02
  -4.4257009e-02
  -5.0679650e-02
  -5.7835200e-02
  -6.3765909e-02
  -6.6613394e-02
  -6.8428703e-02
  -7.0512097e-02
  -7.1222389e-02
  -7.2270697e-02
  -7.2696356e-02
  -7.0731870e-02
  -6.6962719e-02
  -5.6953364e-02
  -3.7639209e-02
  -1.8866877e-02
  -3.8521959e-04
   1.5281327e-02
   2.1387571e-02
   2.3771563e-02
   2.2943111e-02
   2.0443371e-02
   1.9307670e-02
   1.9608600e-02
   2.1404950e-02
   2.3906852e-02
   2.6621709e-02
   3.2742921e-02
   4.0149260e-02
   4.5763239e-02
   4.7547533e-02
   4.3508468e-02
   3.0727795e-02
   1.4913459e-02
   2.4486760e-04
  -8.4983849e-03
  -1.3550418e-02
  -1.9490357e-02
  -2.6356784e-02
  -3.6320155e-02
  -4.7921637e-02
  -5.9770166e-02
  -7.0141568e-02
  -7.7537513e-02
  -8.2794684e-02
  -8.6844809e-02
  -8.8009780e-02
  -8.6762487e-02
  -8.3373178e-02
  -7.5901980e-02
  -6.5588951e-02
  -5.4584673e-02
  -4.5178841e-02
  -3.8027366e-02
  -3.1950724e-02
  -2.8630016e-02
  -2.5852379e-02
  -2.2872681e-02
  -1.8638622e-02
  -1.3039444e-02
  -4.9604900e-03
   4.0959251e-03
   1.1987311e-02
   1.9363299e-02
   2.9439342e-02
   4.2775392e-02
   5.4864981e-02
   6.3675854e-02
   7.3698514e-02
   8.1828365e-02
   8.7769468e-02
   9.0951727e-02
   9.1582857e-02
   8.9354361e-02
   8.2848235e-02
   7.0955302e-02
   5.3956121e-02
   3.6284150e-02
   1.9031519e-02
   2.0263179e-03
  -1.4702916e-02
  -2.7571314e-02
  -3.6015733e-02
  -4.1466484e-02
  -4.3404111e-02
  -4.2863701e-02
  -3.8286969e-02
  -3.0018252e-02
  -1.6028871e-02
  -1.0427031e-03
   1.0649798e-02
   1.5980725e-02
   1.7451366e-02
   1.5632232e-02
   1.2608795e-02
   9.7127487e-03
   6.3715851e-03
   2.8614466e-03
   2.4668366e-04
  -1.7708392e-04
   2.4931628e-03
   9.0343880e-03
   1.8390744e-02
   2.6469124e-02
   3.0311699e-02
   3.2077782e-02
   3.3028135e-02
   3.2589421e-02
   3.0374978e-02
   2.5520433e-02
   1.8705061e-02
   1.1163183e-02
   3.4831470e-03
  -2.9079873e-03
  -6.5724823e-03
  -6.2564184e-03
   5.2974169e-04
   1.7178542e-02
   3.5572279e-02
   4.8783766e-02
   5.6300615e-02
   6.1139194e-02
   6.2926647e-02
   6.0681937e-02
   5.5560305e-02
   4.5641920e-02
   3.4091826e-02
   2.4927553e-02
   2.0990849e-02
   2.0260767e-02
   2.0267919e-02
   2.2002985e-02
   2.4574570e-02
   2.6487168e-02
   2.7694297e-02
   2.6506709e-02
   2.3703211e-02
   2.0826539e-02
   1.8202402e-02
   1.5633729e-02
   1.3274766e-02
   1.3308110e-02
   1.4154107e-02
   1.5173977e-02
   1.3827982e-02
   1.0694950e-02
   6.1623061e-03
   1.8466413e-03
  -1.3294224e-03
  -4.2031008e-03
  -6.5915576e-03
  -8.9356856e-03
  -1.1367324e-02
  -1.4047921e-02
  -1.5448381e-02
  -1.5642127e-02
  -1.6021969e-02
  -1.5782738e-02
  -1.5571530e-02
  -1.4509336e-02
  -1.3183298e-02
  -1.2910557e-02
  -1.3539442e-02
  -1.5614853e-02
  -1.9899136e-02
  -2.5106082e-02
  -2.9480503e-02
  -3.1313274e-02
  -3.1534627e-02
  -2.9961293e-02
  -2.7359607e-02
  -2.4529085e-02
  -2.1945610e-02
  -2.0497504e-02
  -1.9116335e-02
  -1.7085910e-02
  -1.3610038e-02
  -7.5630486e-03
   6.6860940e-04
   9.5629904e-03
   1.9491936e-02
   2.8441259e-02
   3.5429506e-02
   3.9637371e-02
   4.1409025e-02
   4.0291950e-02
   3.6766936e-02
   3.2012257e-02
   2.7440764e-02
   2.1733653e-02
   1.5587745e-02
   1.1213657e-02
   9.5363815e-03
   1.1923200e-02
   1.7391330e-02
   2.3294099e-02
   2.7537721e-02
   2.9933021e-02
   3.0691374e-02
   2.9114963e-02
   2.6591109e-02
   2.3645503e-02
   1.9939881e-02
   1.5775338e-02
   1.2272858e-02
   8.4911506e-03
   4.6606575e-03
  -5.6522799e-05
  -5.3048425e-03
  -9.8207642e-03
  -1.1957875e-02
  -1.2427688e-02
  -1.3274849e-02
  -1.3647041e-02
  -1.4787649e-02
  -1.7042920e-02
  -1.8647104e-02
  -2.1272737e-02
  -2.4173690e-02
  -2.8293164e-02
  -3.4113196e-02
  -3.8945124e-02
  -4.2653989e-02
  -4.6084875e-02
  -4.6372251e-02
  -4.5599262e-02
  -4.1959330e-02
  -3.6675551e-02
  -3.0467527e-02
  -2.5526586e-02
  -2.1841669e-02
  -1.8870286e-02
  -1.6758204e-02
  -1.6236420e-02
  -1.6618757e-02
  -1.6152353e-02
  -1.5767688e-02
  -1.5114606e-02
  -1.4304115e-02
  -1.4263204e-02
  -1.5017649e-02
  -1.5263200e-02
  -1.5485301e-02
  -1.5358326e-02
  -1.4624586e-02
  -1.4197180e-02
  -1.3155691e-02
  -1.1975171e-02
  -1.0700355e-02
  -1.0220314e-02
  -9.8276659e-03
  -8.0752451e-03
  -6.9770624e-03
  -5.4291144e-03
  -3.8149102e-03
  -2.2940700e-03
  -3.3782331e-04
   2.8058340e-03
   5.6219125e-03
   7.7707062e-03
   1.0025320e-02
   1.0878385e-02
   1.0651045e-02
   1.0469273e-02
   8.6308473e-03
   5.9545155e-03
   1.3770357e-03
  -2.8767717e-03
  -5.5377203e-03
  -6.6875159e-03
  -5.1787994e-03
  -1.7733919e-04
   6.4589704e-03
   1.3640971e-02
   1.8882426e-02
   2.1241389e-02
   2.1636864e-02
   2.0262597e-02
   1.7870207e-02
   1.4482228e-02
   1.1526312e-02
   9.6645200e-03
   8.2179436e-03
   7.2263296e-03
   5.8820228e-03
   4.5050038e-03
   3.4624170e-03
   2.4023350e-03
   1.2836883e-03
  -1.0014344e-03
  -2.7883886e-03
  -3.4348436e-03
  -1.5436906e-03
   1.6825142e-03
   7.3745578e-03
   1.3187206e-02
   1.8482794e-02
   2.3138604e-02
   2.7681824e-02
   3.1267041e-02
   3.1966772e-02
   3.2201014e-02
   3.1062486e-02
   2.9316941e-02
   2.6230475e-02
   2.4110327e-02
   2.2173449e-02
   2.2170705e-02
   2.4725409e-02
   2.7892949e-02
   3.3038945e-02
   3.9249463e-02
   4.3131868e-02
   4.4483019e-02
   4.3091124e-02
   3.9030771e-02
   3.2792813e-02
   2.4304988e-02
   1.4243995e-02
   5.3373885e-03
  -4.3428059e-03
  -1.6194262e-02
  -2.6120630e-02
  -3.3744996e-02
  -3.9591387e-02
  -4.2642763e-02
  -4.3256514e-02
  -4.1811568e-02
  -3.8741482e-02
  -3.4842363e-02
  -3.1359757e-02
  -2.6263570e-02
  -2.1347991e-02
  -1.8326467e-02
  -1.5419028e-02
  -1.3478324e-02
  -1.1877300e-02
  -9.8508655e-03
  -7.2887275e-03
  -6.5218173e-03
  -5.3831641e-03
  -3.4170239e-03
  -1.8635878e-03
   5.0844126e-04
   3.7571772e-03
   5.8522209e-03
   8.2144595e-03
   9.6624412e-03
   8.1122647e-03
   2.5431044e-03
  -4.6753673e-03
  -1.4594651e-02
  -2.2708454e-02
  -2.8078463e-02
  -2.9869908e-02
  -2.7555848e-02
  -2.1849568e-02
  -1.2966851e-02
  -4.2372933e-03
   1.7405798e-03
   5.2557241e-03
   5.0002370e-03
   9.1956213e-04
  -4.9458052e-03
  -1.0683142e-02
  -1.6180708e-02
  -2.0198985e-02
  -2.2537242e-02
  -2.3618977e-02
  -2.4040895e-02
  -2.3810063e-02
  -2.3974373e-02
  -2.3749361e-02
  -2.3391721e-02
  -2.2400789e-02
  -2.0502493e-02
  -1.6110693e-02
  -1.0602983e-02
  -3.9967238e-03
   2.0015051e-03
   6.9586856e-03
   1.0323007e-02
   1.2034459e-02
   1.2548177e-02
   1.2832310e-02
   1.4059479e-02
   1.4445059e-02
   1.5280163e-02
   1.6216297e-02
   1.5405308e-02
   1.3669576e-02
   1.0973595e-02
   9.2200682e-03
   6.5532407e-03
   4.7427959e-03
   4.3445521e-03
   4.2389813e-03
   3.5452373e-03
   2.7694297e-03
   1.4406476e-03
   5.1286416e-04
   5.5918860e-04
   6.1698397e-04
  -6.8266223e-04
  -1.9762932e-03
  -3.7389334e-03
  -5.5128825e-03
  -6.7646568e-03
  -7.7104370e-03
  -7.4548502e-03
  -7.1947315e-03
  -4.9876477e-03
  -2.5610321e-03
  -1.0522158e-03
   2.0327040e-04
   1.8954936e-04
   5.4998525e-05
  -9.5994945e-04
  -2.5203288e-03
  -3.8183278e-03
  -4.5716923e-03
  -3.6782568e-03
  -9.8112016e-04
   2.8298403e-03
   6.6793753e-03
   9.8449617e-03
   1.0887948e-02
   1.1199521e-02
   1.0309620e-02
   8.0498419e-03
   6.0297771e-03
   5.1327494e-03
   4.8395109e-03
   5.3709157e-03
   6.8363428e-03
   8.3455500e-03
   1.0415640e-02
   1.3558151e-02
   1.8007492e-02
   2.3051376e-02
   2.7302980e-02
   3.1074293e-02
   3.3987802e-02
   3.4685787e-02
   3.2430266e-02
   2.7623617e-02
   1.9858724e-02
   1.2794309e-02
   7.0914890e-03
   3.7115180e-03
   1.5838118e-03
  -4.4284117e-04
  -2.9539292e-03
  -6.0627721e-03
  -8.8482919e-03
  -1.0049933e-02
  -9.9668637e-03
  -7.7613016e-03
  -2.8922049e-03
   1.6649191e-03
   5.4658346e-03
   8.2688997e-03
   9.4124838e-03
   8.2636860e-03
   7.1124269e-03
   7.2387526e-03
   6.8476683e-03
   7.7655341e-03
   8.5265737e-03
   8.6296000e-03
   7.9714620e-03
   5.0516837e-03
   4.6945257e-04
  -4.1452181e-03
  -9.5022889e-03
  -1.3503187e-02
  -1.6910623e-02
  -1.9693416e-02
  -2.1814727e-02
  -2.2999239e-02
  -2.4034243e-02
  -2.3128459e-02
  -2.1466317e-02
  -1.9484536e-02
  -1.7906545e-02
  -1.6690934e-02
  -1.7027204e-02
  -1.8380599e-02
  -2.0810823e-02
  -2.3768736e-02
  -2.7597674e-02
  -3.1673326e-02
  -3.5208984e-02
  -3.7945377e-02
  -3.9699486e-02
  -4.0472641e-02
  -3.8993269e-02
  -3.4627081e-02
  -2.7488660e-02
  -1.6976813e-02
  -6.5507545e-03
   2.3316052e-03
   8.5842817e-03
   1.1490722e-02
   1.2494959e-02
   1.1916382e-02
   9.7859232e-03
   6.0201480e-03
   1.8885337e-03
  -3.1355267e-03
  -7.1320592e-03
  -1.0371402e-02
  -1.0878302e-02
  -1.0665431e-02
  -9.9857394e-03
  -8.3853802e-03
  -5.9656496e-03
  -3.0847868e-03
  -1.5671480e-05
   3.2148129e-03
   7.2004774e-03
   1.1143060e-02
   1.4053077e-02
   1.5288229e-02
   1.5316085e-02
   1.4033785e-02
   1.3355009e-02
   1.2923279e-02
   1.2751569e-02
   1.1858757e-02
   1.0009604e-02
   7.2826906e-03
   4.2542814e-03
   2.1858050e-03
   6.0788955e-04
   1.2357923e-03
   2.6412330e-03
   4.5209691e-03
   7.5008087e-03
   1.0068892e-02
   1.1900583e-02
   1.3639641e-02
   1.5002432e-02
   1.4975158e-02
   1.4654188e-02
   1.4451212e-02
   1.4752226e-02
   1.6732011e-02
   1.9670382e-02
   2.2929807e-02
   2.5940355e-02
   2.8142824e-02
   3.0354938e-02
   3.1034130e-02
   3.0573880e-02
   2.9513265e-02
   2.7074144e-02
   2.2512795e-02
   1.7475979e-02
   1.0777687e-02
   4.3371598e-03
  -7.2420538e-04
  -4.1043818e-03
  -3.5866889e-03
  -7.5351259e-04
   3.7433987e-03
   8.6055688e-03
   1.2672075e-02
   1.5589491e-02
   1.7151850e-02
   1.7112103e-02
   1.6115932e-02
   1.3032209e-02
   9.2990634e-03
   5.3142055e-03
   1.1801049e-03
  -2.3732232e-03
  -5.4064136e-03
  -7.4232438e-03
  -7.8221113e-03
  -9.2655528e-03
  -9.5958358e-03
  -9.8534433e-03
  -1.0257400e-02
  -1.0953306e-02
  -1.0763385e-02
  -1.1584768e-02
  -1.2241676e-02
  -1.2042774e-02
  -1.1830817e-02
  -1.1910977e-02
  -1.0931187e-02
  -9.6573689e-03
  -9.5695595e-03
  -9.0153460e-03
  -8.1402872e-03
  -7.4666329e-03
  -7.6679958e-03
  -9.1104728e-03
  -1.0894517e-02
  -1.4266863e-02
  -1.7396319e-02
  -2.0623231e-02
  -2.2924901e-02
  -2.2908935e-02
  -2.1080239e-02
  -1.6153018e-02
  -1.0079952e-02
  -4.0389239e-03
   5.6593645e-04
   5.2712903e-03
   9.6103876e-03
   1.3769692e-02
   1.7298448e-02
   2.0124563e-02
   2.0909775e-02
   1.9899884e-02
   1.7263191e-02
   1.2057243e-02
   6.6905427e-03
   2.3747282e-03
  -1.7126987e-03
  -4.3924731e-03
  -6.4235473e-03
  -7.2694111e-03
  -8.7006957e-03
  -8.9992975e-03
  -9.9556381e-03
  -1.1833894e-02
  -1.3739424e-02
  -1.6483550e-02
  -1.9585400e-02
  -2.2873512e-02
  -2.6539637e-02
  -2.8128106e-02
  -2.8544951e-02
  -2.7867089e-02
  -2.5622794e-02
  -2.1071175e-02
  -1.6828468e-02
  -1.1401167e-02
  -5.2582603e-03
   6.6848800e-04
   6.5038895e-03
   1.1749577e-02
   1.4957862e-02
   1.5976568e-02
   1.5734842e-02
   1.2311441e-02
   7.8470072e-03
   3.5253055e-03
   5.2502443e-04
  -2.1560696e-03
  -2.8469365e-03
  -2.3719260e-04
   4.3380828e-03
   1.0676407e-02
   1.6827471e-02
   2.0701394e-02
   2.2557199e-02
   2.2246457e-02
   1.9768503e-02
   1.5887511e-02
   1.1418296e-02
   7.6053817e-03
   4.4854047e-03
   2.5270309e-03
   1.3804533e-03
   2.3328192e-03
   4.4227573e-03
   7.0093340e-03
   9.5188363e-03
   1.2089423e-02
   1.4139306e-02
   1.6331215e-02
   1.6503424e-02
   1.4419531e-02
   1.0799057e-02
   4.5053114e-03
  -3.8665813e-03
  -1.2449225e-02
  -1.8807007e-02
  -2.3181095e-02
  -2.6024589e-02
  -2.6830506e-02
  -2.4872756e-02
  -2.2551877e-02
  -1.9478133e-02
  -1.6186861e-02
  -1.3127170e-02
  -1.0484823e-02
  -7.8012233e-03
  -5.4565964e-03
  -5.7924257e-03
  -8.5291514e-03
  -1.2803955e-02
  -1.8270505e-02
  -2.3261171e-02
  -2.6938688e-02
  -2.8878393e-02
  -2.9256406e-02
  -2.8727305e-02
  -2.6437941e-02
  -2.1913264e-02
  -1.7820315e-02
  -1.3762457e-02
  -1.1851273e-02
  -1.1827907e-02
  -1.2779009e-02
  -1.3270858e-02
  -1.4455370e-02
  -1.4544926e-02
  -1.2470429e-02
  -1.0188632e-02
  -7.1858674e-03
  -3.1021325e-03
   1.1458709e-03
   4.7613889e-03
   7.8133553e-03
   1.0164102e-02
   1.1191123e-02
   1.0280267e-02
   7.6657091e-03
   5.2123349e-03
   2.6051281e-03
   3.3436332e-04
  -1.3574449e-03
  -1.5826893e-03
  -2.4328022e-03
  -4.1354809e-03
  -4.5261828e-03
  -3.8539088e-03
  -1.2708911e-03
   1.7261695e-03
   4.0549474e-03
   5.7010075e-03
   6.8438765e-03
   7.8212714e-03
   8.1180605e-03
   8.1582732e-03
   7.3151950e-03
   6.4610326e-03
   5.3967762e-03
   5.2768615e-03
   5.3471756e-03
   7.3251484e-03
   9.4722707e-03
   1.1755980e-02
   1.4003850e-02
   1.5777500e-02
   1.5961018e-02
   1.5154436e-02
   1.3366151e-02
   1.0045360e-02
   5.0304631e-03
  -4.8283019e-04
  -5.4698094e-03
  -1.0298643e-02
  -1.3612616e-02
  -1.6665655e-02
  -1.7861476e-02
  -1.8845008e-02
  -1.8056802e-02
  -1.6351337e-02
  -1.4603881e-02
  -1.4070372e-02
  -1.2684963e-02
  -1.1713489e-02
  -1.3057322e-02
  -1.3219802e-02
  -1.3587504e-02
  -1.3587670e-02
  -1.1549595e-02
  -9.1478084e-03
  -5.4478903e-03
  -1.7189102e-04
   5.1961451e-03
   1.0613460e-02
   1.4380200e-02
   1.6276500e-02
   1.6386761e-02
   1.5882938e-02
   1.5691686e-02
   1.5798454e-02
   1.5586332e-02
   1.5880027e-02
   1.6097306e-02
   1.6199750e-02
   1.5830718e-02
   1.4271103e-02
   1.3521896e-02
   1.3873716e-02
   1.4966178e-02
   1.5782156e-02
   1.6193597e-02
   1.5591238e-02
   1.4570537e-02
   1.3342453e-02
   1.1612874e-02
   9.3668329e-03
   6.8883549e-03
   4.6681413e-03
   2.5372920e-03
   9.2559071e-04
  -1.4872631e-03
  -2.3968552e-03
  -1.3705415e-03
  -2.7174925e-04
   1.0437176e-03
   2.7795245e-03
   4.9412817e-03
   5.7949868e-03
   6.6774711e-03
   7.2291402e-03
   6.7602331e-03
   5.3382450e-03
   2.9541121e-03
   7.3232109e-04
  -1.6031282e-03
  -4.0193663e-03
  -5.6577430e-03
  -6.7236625e-03
  -6.7017683e-03
  -6.7107156e-03
  -7.9786548e-03
  -1.0150049e-02
  -1.1964693e-02
  -1.3856171e-02
  -1.4866893e-02
  -1.5163998e-02
  -1.5078101e-02
  -1.3616192e-02
  -1.1499620e-02
  -9.0317271e-03
  -6.4108748e-03
  -4.2197896e-03
  -3.1536623e-03
  -1.9213291e-03
  -1.1475006e-03
  -1.3981815e-03
  -7.6848842e-04
   5.1592502e-04
   2.1615244e-03
   5.4988131e-03
   8.9665352e-03
   1.2719555e-02
   1.6769430e-02
   1.9786048e-02
   2.2072668e-02
   2.3610163e-02
   2.4134442e-02
   2.3482690e-02
   2.2149916e-02
   1.9816565e-02
   1.5772095e-02
   1.2348776e-02
   8.4008466e-03
   4.4216680e-03
   2.3160223e-03
   1.3405399e-03
   1.2227623e-03
   1.7358401e-03
   2.8959717e-03
   2.7854200e-03
   2.3588294e-03
   1.6805019e-03
   7.5192354e-04
   9.9226264e-05
  -3.7395072e-04
  -4.0092716e-04
  -4.1245297e-04
  -6.0398968e-04
  -8.7683821e-04
  -1.2826822e-03
  -2.3115321e-03
  -3.2303791e-03
  -4.1990180e-03
  -3.7971986e-03
  -2.0765921e-03
  -2.3104594e-04
   1.5005426e-03
   3.7249056e-03
   5.0699856e-03
   5.6234259e-03
   5.3322081e-03
   5.0211333e-03
   3.5933994e-03
   2.1619568e-03
   8.2652327e-04
  -1.2681055e-03
  -4.0227174e-03
  -5.8546822e-03
  -7.3659931e-03
  -8.6087286e-03
  -1.0015342e-02
  -1.0825167e-02
  -1.1104561e-02
  -1.1011097e-02
  -9.8457932e-03
  -8.6381647e-03
  -7.2710242e-03
  -5.7286225e-03
  -4.4562679e-03
  -3.2202760e-03
  -1.5145538e-03
   1.8993518e-04
   6.0918590e-04
   7.2164677e-05
  -7.7374700e-04
  -2.5455408e-03
  -5.2792314e-03
  -7.2289988e-03
  -8.1842252e-03
  -8.2302419e-03
  -8.0996920e-03
  -7.0468858e-03
  -5.4097481e-03
  -3.3575281e-03
  -9.7440973e-04
   1.7059134e-03
   4.7162369e-03
   6.7910661e-03
   7.9743807e-03
   8.6149651e-03
   8.2365616e-03
   7.6705652e-03
   7.4208324e-03
   7.2056827e-03
   6.7216086e-03
   5.6689853e-03
   4.5815792e-03
   3.7028867e-03
   3.0333901e-03
   2.8113886e-03
   2.8504039e-03
   2.9982081e-03
   2.8861264e-03
   2.8501545e-03
   2.2582644e-03
   1.3819251e-03
   4.7409499e-04
  -2.4301246e-04
  -7.7138712e-04
  -1.0474761e-03
  -1.0891689e-03
  -9.3714063e-04
  -4.2594452e-04
   6.5628948e-05
   6.1055210e-04
   1.1031220e-03
   1.4470088e-03
   1.6897901e-03
   1.8946288e-03
   1.9038754e-03
   1.8551395e-03
   1.6213969e-03
   1.3393176e-03
   1.0938504e-03
   8.5225823e-04
   7.6009830e-04
   8.5653229e-04
   9.4696098e-04
   1.0567144e-03
   1.1222139e-03
   1.1219727e-03
   1.0799806e-03
   1.0453391e-03
   9.4272850e-04
   8.2553208e-04
   7.1899669e-04
   5.9426911e-04
   4.3687412e-04
   2.4378994e-04
   7.0604064e-05
  -9.9982123e-05
  -2.5751432e-04
  -3.9957676e-04
  -5.3609789e-04
  -6.7469702e-04
  -8.1877675e-04
  -9.4991291e-04
  -1.0668341e-03
  -1.1709830e-03
  -1.2535371e-03
  -1.3279506e-03
  -1.4018818e-03
  -1.4713393e-03
  -1.5422520e-03
  -1.6098303e-03
  -1.6722365e-03
  -1.7342270e-03
  -1.7894737e-03
  -1.8388831e-03
  -1.8838189e-03
  -1.9231751e-03
  -1.9578914e-03
  -1.9862798e-03
  -2.0086562e-03
  -2.0262763e-03
  -2.0383917e-03
  -2.0461249e-03
  -2.0495092e-03
  -2.0484365e-03
  -2.0430649e-03
  -2.0334690e-03
  -2.0199068e-03
  -2.0024697e-03
  -1.9814653e-03
  -1.9570183e-03
  -1.9293201e-03
  -1.8984787e-03
  -1.8646189e-03
  -1.8278404e-03
  -1.7881932e-03
