   2.2733566e-05
   1.4315108e-05
   2.6031090e-05
   1.6946124e-05
   2.7708651e-05
   1.2891043e-05
   1.4002583e-05
   2.8198656e-06
   1.2331010e-05
   1.2061960e-05
   4.4708989e-05
   4.3042297e-05
   4.0474280e-05
   1.2639955e-05
   2.1346272e-05
  -1.5450599e-05
  -2.5561977e-05
  -3.1310500e-05
  -2.8579582e-05
  -4.3254075e-05
  -8.9037768e-05
  -1.3654979e-04
  -1.3232725e-04
  -8.9069007e-05
   4.2866119e-05
   3.1652377e-05
   1.0254625e-04
   1.6060159e-04
   1.5316139e-04
   1.5719779e-04
   8.6383061e-05
  -6.4982836e-06
   2.3356469e-05
   1.5624368e-04
   2.0121164e-04
   2.3895025e-04
   4.0933957e-04
   2.6916730e-04
  -9.2821001e-06
  -2.9419274e-04
  -4.9981435e-04
  -5.6683934e-04
  -3.9845195e-04
  -9.2123319e-05
   4.2300164e-04
   6.5137601e-04
   9.1031889e-04
   1.2552094e-03
   1.0993829e-03
   6.6795247e-04
   2.7871747e-04
   8.0346680e-05
  -6.8506911e-04
  -1.7433330e-03
  -2.6871888e-03
  -3.4242847e-03
  -3.5999808e-03
  -3.4606917e-03
  -2.5618404e-03
  -1.5258411e-03
  -1.0387978e-03
  -4.6014930e-04
  -1.4185139e-04
   5.7519265e-04
   1.1988937e-03
   2.0393858e-03
   3.3467847e-03
   5.0337435e-03
   5.9908370e-03
   5.9149251e-03
   5.3026244e-03
   4.0015060e-03
   1.4728316e-03
  -1.3836428e-03
  -2.6533135e-03
  -2.6950638e-03
  -2.8019419e-03
  -2.5673854e-03
  -2.0537039e-03
  -2.0799711e-03
  -3.1278089e-03
  -3.8713414e-03
  -4.2032676e-03
  -4.4267015e-03
  -3.8051527e-03
  -2.7628079e-03
  -4.0427681e-04
   1.9605321e-03
   3.8034866e-03
   6.0091056e-03
   7.2329194e-03
   7.5744061e-03
   7.7856632e-03
   6.6775722e-03
   3.7600182e-03
  -1.2309012e-03
  -6.6020768e-03
  -7.4777589e-03
  -4.8444452e-03
  -2.3099394e-03
   4.6714500e-04
   3.0160105e-04
  -2.4769340e-03
  -4.7390314e-03
  -6.0021353e-03
  -5.6722137e-03
  -4.9397061e-03
  -3.7908867e-03
  -2.4982419e-03
  -2.5651856e-03
  -3.5064771e-03
  -3.5935247e-03
  -3.5558941e-03
  -2.8252869e-03
  -1.8944150e-03
   1.7990239e-03
   6.9621120e-03
   1.1773905e-02
   1.7310130e-02
   1.8620171e-02
   1.7458647e-02
   1.7294119e-02
   1.6718532e-02
   1.3885890e-02
   1.0808930e-02
   5.4190566e-03
  -9.7847305e-04
  -7.0819285e-03
  -1.1138312e-02
  -1.2805199e-02
  -1.3356121e-02
  -1.3397773e-02
  -1.3131196e-02
  -1.4151752e-02
  -1.3849249e-02
  -1.4626201e-02
  -1.5225479e-02
  -1.4027965e-02
  -1.0856831e-02
  -2.0041568e-03
   1.0318535e-02
   1.7286375e-02
   1.7502253e-02
   1.4330923e-02
   1.1011987e-02
   6.8859006e-03
   3.9118616e-03
  -1.2492804e-03
  -5.4120473e-03
  -8.0876450e-03
  -8.2241225e-03
  -7.0238751e-03
  -5.6090644e-03
  -2.5319871e-03
   7.1522824e-04
   8.8748802e-04
   2.8011609e-03
   7.1761676e-03
   1.0236271e-02
   1.2237942e-02
   1.3097158e-02
   1.0729270e-02
   5.3080002e-03
   1.3936134e-03
  -2.2572553e-03
  -6.3911386e-03
  -8.1471952e-03
  -8.9762133e-03
  -6.9861273e-03
  -4.3410598e-03
  -9.9685229e-04
   2.7904939e-03
   4.6845380e-03
   5.9759918e-03
   6.6230333e-03
   4.0816939e-03
   6.5591225e-04
  -2.3944878e-03
  -4.3604152e-03
  -5.3952105e-03
  -5.3849275e-03
  -6.1789183e-03
  -8.6287390e-03
  -9.3092394e-03
  -8.7446506e-03
  -7.6555637e-03
  -5.6000375e-03
  -6.4104290e-03
  -6.0255714e-03
  -4.5404914e-03
  -3.3385063e-04
   5.1769831e-03
   1.1189597e-02
   1.4673777e-02
   1.5522775e-02
   1.4142900e-02
   1.1136424e-02
   9.1342982e-03
   7.4263439e-03
   5.3918067e-03
   3.4845769e-03
   2.1773147e-04
  -4.6360517e-03
  -7.7551396e-03
  -8.0274438e-03
  -7.7445312e-03
  -2.1105403e-03
  -1.0064519e-03
  -2.1719259e-03
  -1.6440045e-03
  -1.5040255e-03
  -1.4896814e-03
  -1.7129006e-03
  -2.4752484e-03
  -3.6673670e-03
  -5.0004149e-03
  -7.1934795e-03
  -5.2984266e-03
  -1.5535401e-03
  -4.0530056e-03
  -7.7456376e-03
  -1.0930895e-02
  -1.3589376e-02
  -1.2486166e-02
  -1.0106237e-02
  -7.0806919e-03
  -3.5607883e-03
  -1.0505452e-03
   5.1656848e-04
   9.6162976e-04
   9.3030566e-04
   9.7062413e-04
   1.7082211e-03
   3.2474887e-03
   5.7614740e-03
   9.1725666e-03
   1.4334372e-02
   1.8939985e-02
   2.0892844e-02
   2.1250797e-02
   1.9480624e-02
   1.4956950e-02
   8.2621956e-03
   3.8162102e-03
  -8.2751470e-04
  -5.7975622e-03
  -8.8038104e-03
  -1.0724389e-02
  -1.2840994e-02
  -1.2748643e-02
  -1.2425249e-02
  -1.0708704e-02
  -1.0088860e-02
  -1.2305823e-02
  -1.5477608e-02
  -1.5623197e-02
  -1.1511494e-02
  -8.9544759e-03
  -2.6791642e-03
   2.7547898e-03
   3.8599585e-03
   5.0722917e-03
   3.0014647e-03
  -3.6666121e-04
  -4.0957191e-03
  -9.6363429e-03
  -1.2800188e-02
  -1.2644121e-02
  -9.9558969e-03
  -5.7817211e-03
  -1.8546237e-03
   5.1851835e-04
  -1.2245166e-03
  -6.0121319e-03
  -1.1181526e-02
  -1.5297720e-02
  -1.6671672e-02
  -1.7426041e-02
  -1.5047349e-02
  -1.2685903e-02
  -1.0838543e-02
  -6.9366648e-03
   4.1604174e-04
   1.2060788e-02
   2.4392318e-02
   4.1529850e-02
   5.7430493e-02
   5.9974819e-02
   6.1131982e-02
   6.2512052e-02
   6.2560083e-02
   6.2895777e-02
   6.3853138e-02
   6.4660548e-02
   6.7387496e-02
   6.8599328e-02
   6.8928644e-02
   6.8598026e-02
   6.6102772e-02
   6.2228293e-02
   5.3723015e-02
   2.1474289e-02
  -4.2065347e-03
  -7.9041129e-03
  -1.0652993e-02
  -9.1026682e-03
  -4.8074654e-03
   1.3460838e-02
   6.3146409e-02
   9.4694720e-02
   9.1949549e-02
   9.0679794e-02
   8.9082024e-02
   8.2520428e-02
   6.6416468e-02
   3.2809410e-02
   2.4421931e-04
  -3.1260647e-02
  -5.3558617e-02
  -6.0246343e-02
  -6.5740914e-02
  -7.3366605e-02
  -8.5720524e-02
  -1.0888917e-01
  -1.3358399e-01
  -1.4230566e-01
  -1.3940429e-01
  -1.3941731e-01
  -1.3742775e-01
  -1.3238842e-01
  -1.2575979e-01
  -1.1241402e-01
  -7.1951716e-02
   5.9035617e-03
   8.7032583e-02
   1.2089554e-01
   1.4496492e-01
   1.6820841e-01
   1.4194641e-01
   7.1007372e-02
   9.7124241e-03
  -4.6846682e-02
  -8.8201460e-02
  -1.0039853e-01
  -1.0250004e-01
  -9.7390428e-02
  -8.6907625e-02
  -8.4674001e-02
  -8.2357071e-02
  -6.7252776e-02
  -9.0378463e-03
   5.1252622e-02
   9.3368993e-02
   1.1372803e-01
   9.9808234e-02
   6.8186055e-02
   6.6460073e-03
  -6.4622020e-02
  -1.3049713e-01
  -1.4081463e-01
  -1.1665283e-01
  -1.3100998e-01
  -1.4493499e-01
  -1.3100478e-01
  -1.2042500e-01
  -1.2139928e-01
  -1.2815612e-01
  -1.3846971e-01
  -1.4379214e-01
  -1.4430759e-01
  -1.4019569e-01
  -1.3263183e-01
  -1.1769675e-01
  -7.3876850e-02
  -3.1031427e-02
   8.9322828e-03
   4.9049912e-02
   8.9674272e-02
   1.0536171e-01
   1.0130643e-01
   9.9409280e-02
   9.0768305e-02
   7.6352580e-02
   6.1266507e-02
   5.2500314e-02
   5.0868051e-02
   5.2711637e-02
   6.1078875e-02
   7.3399797e-02
   8.4827595e-02
   9.3363787e-02
   1.0057230e-01
   1.0315997e-01
   1.0187655e-01
   9.8750647e-02
   9.4049103e-02
   8.8247669e-02
   8.1997166e-02
   7.8306350e-02
   6.4078908e-02
   2.8421107e-02
  -7.0545939e-03
  -4.3801872e-02
  -5.0203561e-02
  -3.4023325e-02
  -3.1310760e-02
  -3.1947590e-02
  -2.1719910e-02
  -7.7554650e-03
   9.0889359e-03
   3.8710941e-02
   5.2356548e-02
   3.1277048e-02
   8.4763163e-04
  -2.5525076e-02
  -5.1296943e-02
  -6.8911723e-02
  -7.5365282e-02
  -7.8396815e-02
  -7.9960742e-02
  -7.9028113e-02
  -7.6815315e-02
  -7.3050305e-02
  -6.6256366e-02
  -5.0862649e-02
  -3.8368934e-02
  -2.8334873e-02
  -1.8027336e-02
  -1.1246609e-02
  -7.4835512e-03
  -4.7165064e-03
  -8.7658674e-04
   4.0655144e-03
   1.1980672e-02
   2.2902780e-02
   4.2724956e-02
   6.6107978e-02
   8.5190103e-02
   9.7687203e-02
   1.0748404e-01
   1.1750085e-01
   1.2346890e-01
   1.2650368e-01
   1.2644316e-01
   1.2439176e-01
   1.1950409e-01
   1.1243745e-01
   1.0467118e-01
   8.9080071e-02
   5.5299373e-02
   2.2316975e-02
   1.0779253e-02
   3.6051093e-03
  -2.3490473e-02
  -4.1527247e-02
  -6.7937441e-02
  -1.1189532e-01
  -1.3803626e-01
  -1.3801218e-01
  -1.3264420e-01
  -1.2757429e-01
  -1.0467899e-01
  -6.0865080e-02
  -2.0819627e-02
   1.4436226e-02
   5.2429440e-02
   7.7526014e-02
   9.0063464e-02
   9.9235510e-02
   1.0130122e-01
   1.0987776e-01
   1.3988005e-01
   1.4923627e-01
   1.3474766e-01
   1.1258779e-01
   8.6871178e-02
   7.2624667e-02
   7.3360097e-02
   7.4297933e-02
   6.6920205e-02
   5.9065425e-02
   5.5574216e-02
   5.0114789e-02
   4.5672663e-02
   4.4035843e-02
   4.2337261e-02
   4.1292365e-02
   4.1200729e-02
   4.1413092e-02
   4.1230146e-02
   4.1153804e-02
   3.9126622e-02
   3.8027121e-02
   1.9366274e-02
  -1.4200498e-02
  -2.4383532e-02
  -2.4083373e-02
  -3.6184252e-02
  -5.0476125e-02
  -5.7961434e-02
  -7.2137852e-02
  -8.9535647e-02
  -9.8244958e-02
  -1.0527515e-01
  -9.2839875e-02
  -9.0595837e-02
  -1.0472390e-01
  -1.1381785e-01
  -1.2765759e-01
  -1.4447225e-01
  -1.5588964e-01
  -1.5676695e-01
  -1.5262966e-01
  -1.4871041e-01
  -1.4154225e-01
  -1.2831558e-01
  -1.0455534e-01
  -8.5818147e-02
  -7.5545560e-02
  -7.0224433e-02
  -7.0819935e-02
  -7.1682926e-02
  -6.9666677e-02
  -6.2195427e-02
  -5.8519775e-02
  -5.4690463e-02
  -4.9244443e-02
  -4.2945910e-02
  -3.6732960e-02
  -3.1532821e-02
  -2.3331607e-02
  -1.4173489e-02
  -6.2990862e-03
   1.6842058e-03
   1.1021749e-02
   2.6104113e-02
   4.6672391e-02
   6.0264566e-02
   6.3243056e-02
   6.2112837e-02
   5.8643301e-02
   5.9835023e-02
   6.7990158e-02
   7.4458035e-02
   7.8025846e-02
   8.0401349e-02
   8.1853985e-02
   8.5016333e-02
   8.9280525e-02
   9.7567451e-02
   1.0575675e-01
   1.1017714e-01
   1.1253312e-01
   1.1359526e-01
   1.1211139e-01
   1.0913322e-01
   1.0474147e-01
   9.8575576e-02
   9.0463070e-02
   6.9896418e-02
   3.4896859e-02
   5.3011406e-03
  -2.6201801e-02
  -4.3481667e-02
  -3.3882942e-02
  -3.2635380e-02
  -4.1285596e-02
  -4.1290933e-02
  -3.4660220e-02
  -2.5583650e-02
  -1.6819279e-02
  -9.9157412e-04
   7.6926606e-03
   7.0581734e-03
   2.5208776e-03
  -8.1546797e-03
  -2.5096118e-02
  -3.4729988e-02
  -3.6906209e-02
  -3.9380833e-02
  -4.8002153e-02
  -5.3457089e-02
  -6.4230615e-02
  -7.3891168e-02
  -7.2467168e-02
  -6.5051758e-02
  -5.1938329e-02
  -3.9974123e-02
  -1.3862591e-02
   2.0027575e-02
   3.0808911e-02
   3.3978808e-02
   3.4855662e-02
   3.0503024e-02
   1.4117323e-02
   2.5920776e-04
  -1.7964727e-02
  -4.0327129e-02
  -5.1258675e-02
  -5.8279100e-02
  -7.0853778e-02
  -7.6391630e-02
  -7.4029143e-02
  -6.6425580e-02
  -6.5609448e-02
  -6.8590867e-02
  -6.6481551e-02
  -4.5199579e-02
  -2.2056841e-02
  -1.5439014e-02
  -1.2047576e-02
  -5.8421175e-03
  -4.8218877e-03
  -6.9138209e-03
  -1.4921350e-02
  -2.3432615e-02
  -5.0072485e-02
  -6.5773455e-02
  -6.9492257e-02
  -7.7490869e-02
  -8.0432588e-02
  -7.9380859e-02
  -7.6216558e-02
  -7.3507183e-02
  -6.3237004e-02
  -5.2320362e-02
  -4.2079860e-02
  -3.5831115e-02
  -1.6301875e-02
   1.1294314e-03
   1.3341282e-02
   2.9420706e-02
   4.9812416e-02
   7.0031789e-02
   9.1281805e-02
   1.1311431e-01
   1.4484322e-01
   1.7818748e-01
   2.1078914e-01
   2.2741702e-01
   2.2314046e-01
   2.2925689e-01
   2.2757452e-01
   2.1865434e-01
   2.2073567e-01
   2.0810906e-01
   1.8004558e-01
   1.5352390e-01
   1.3664350e-01
   1.0875575e-01
   7.5397823e-02
   5.8280727e-02
   4.8492157e-02
   1.4273455e-02
   1.9941862e-04
  -1.6707338e-03
  -6.5930954e-03
  -3.5577880e-03
   7.6554335e-04
   4.9919932e-03
   5.5572328e-03
   4.4971661e-03
  -1.0633469e-03
  -9.5825850e-03
  -3.0810733e-02
  -5.6271182e-02
  -8.4263982e-02
  -1.1436909e-01
  -1.2818606e-01
  -1.4023214e-01
  -1.6274540e-01
  -1.7032749e-01
  -1.6353030e-01
  -1.5668364e-01
  -1.5069021e-01
  -1.4538340e-01
  -1.4166265e-01
  -1.3821264e-01
  -1.3782279e-01
  -1.3893700e-01
  -1.3988460e-01
  -1.3822240e-01
  -1.3519542e-01
  -1.2785805e-01
  -1.1993818e-01
  -1.1183349e-01
  -1.0450522e-01
  -8.3361291e-02
  -4.1288069e-02
  -1.4840778e-02
  -3.0652648e-03
   1.1165451e-02
   2.4156395e-02
   3.5284229e-02
   4.8085263e-02
   6.5628322e-02
   8.1665898e-02
   9.1678807e-02
   9.4820328e-02
   9.3316277e-02
   9.2043267e-02
   6.8508213e-02
   2.7012010e-02
  -3.1152090e-04
   4.0736041e-03
   9.5437308e-03
   3.0072049e-02
   6.8717778e-02
   8.2025803e-02
   8.3438088e-02
   8.8153950e-02
   9.4606858e-02
   9.3613703e-02
   9.1117147e-02
   8.8475457e-02
   8.5231756e-02
   7.8476866e-02
   7.4245216e-02
   7.3978379e-02
   7.8596617e-02
   8.3618366e-02
   9.0817117e-02
   9.3700262e-02
   9.1688569e-02
   8.8735135e-02
   6.5921192e-02
   2.8050528e-02
  -3.6770057e-03
  -3.6692609e-02
  -6.8732096e-02
  -9.6517674e-02
  -1.0593508e-01
  -1.1717414e-01
  -1.2348972e-01
  -1.3535878e-01
  -1.4460697e-01
  -1.5179987e-01
  -1.5041882e-01
  -1.4385202e-01
  -8.6221006e-02
   1.0300117e-03
   7.9986775e-02
   9.2173432e-02
   8.3163441e-02
   9.2151304e-02
   9.4945937e-02
   9.3916335e-02
   9.4731166e-02
   9.5134025e-02
   9.2278214e-02
   8.6148114e-02
   8.1788903e-02
   5.7895115e-02
   4.2900548e-02
   3.9808554e-02
   3.2972116e-02
   2.5862527e-02
   6.5962845e-03
  -1.1505636e-02
  -1.3913811e-02
  -1.2832273e-02
  -9.6836577e-03
  -4.0015646e-03
   3.2583770e-03
   6.0468794e-03
   4.9120982e-03
   9.3950829e-04
  -6.6702179e-03
  -1.7445826e-02
  -3.0012954e-02
  -4.2591667e-02
  -5.4359585e-02
  -6.5507920e-02
  -7.0322056e-02
  -8.0200895e-02
  -9.5762069e-02
  -9.6216994e-02
  -9.3245988e-02
  -9.2530083e-02
  -8.9853899e-02
  -8.9186806e-02
  -8.8027040e-02
  -8.6327091e-02
  -8.3457613e-02
  -8.5538944e-02
  -8.8614733e-02
  -9.3946924e-02
  -9.2349154e-02
  -9.3788123e-02
  -9.3089140e-02
  -8.9593570e-02
  -8.3186220e-02
  -7.9634680e-02
  -6.1591268e-02
  -3.8106587e-02
   3.9372177e-02
   8.9391815e-02
   1.0538644e-01
   1.3307765e-01
   1.7121977e-01
   2.0860628e-01
   2.1953035e-01
   2.2084045e-01
   2.4709529e-01
   2.6741659e-01
   2.7060106e-01
   2.6624576e-01
   2.3387643e-01
   1.8998689e-01
   1.8327431e-01
   1.8159258e-01
   1.6906620e-01
   1.6168977e-01
   1.5398338e-01
   1.4723630e-01
   1.3982408e-01
   1.4205249e-01
   1.2761919e-01
   9.8537828e-02
   7.0491921e-02
   5.1239671e-02
   3.1929628e-02
   5.1940412e-03
  -2.2264583e-02
  -4.2562250e-02
  -5.7269935e-02
  -7.1889888e-02
  -8.7570813e-02
  -9.5638413e-02
  -1.1373584e-01
  -1.3565751e-01
  -1.4277165e-01
  -1.4189695e-01
  -1.4104892e-01
  -1.3536789e-01
  -1.2785675e-01
  -1.2247379e-01
  -1.1999285e-01
  -1.1682595e-01
  -1.1523013e-01
  -1.1475373e-01
  -1.1586729e-01
  -1.1622914e-01
  -1.1679666e-01
  -1.1656237e-01
  -1.1833260e-01
  -1.1979305e-01
  -1.2274258e-01
  -1.2807802e-01
  -1.4441368e-01
  -1.6300248e-01
  -1.7830853e-01
  -1.8464104e-01
  -1.8558017e-01
  -1.8806501e-01
  -1.9007931e-01
  -1.8856485e-01
  -1.8424989e-01
  -1.8120925e-01
  -1.7912792e-01
  -1.7814582e-01
  -1.7858773e-01
  -1.8149756e-01
  -1.8255905e-01
  -1.7740584e-01
  -1.7196952e-01
  -1.6544502e-01
  -1.5372890e-01
  -1.3546161e-01
  -1.1901662e-01
  -1.0332203e-01
  -9.1086558e-02
  -8.0918102e-02
  -7.0511445e-02
  -5.8482352e-02
  -4.4288883e-02
  -3.2724998e-02
  -2.0253606e-02
  -7.7419279e-03
   1.8459873e-03
   8.4383734e-03
   1.1621743e-02
   1.8291701e-02
   2.8053132e-02
   3.7320328e-02
   4.6579910e-02
   5.8789476e-02
   6.5721389e-02
   7.3053559e-02
   8.2202826e-02
   9.1052064e-02
   9.8433046e-02
   1.0392534e-01
   1.0782897e-01
   1.1110717e-01
   1.1384778e-01
   1.1582759e-01
   1.1591024e-01
   1.1307526e-01
   1.0826633e-01
   1.0236206e-01
   9.3540811e-02
   8.6079778e-02
   7.9831228e-02
   7.5652295e-02
   7.1582700e-02
   7.1953669e-02
   7.4674759e-02
   8.0398095e-02
   8.6957738e-02
   9.5241411e-02
   1.0325239e-01
   1.1167599e-01
   1.2267685e-01
   1.5499215e-01
   1.6527580e-01
   1.6515865e-01
   1.6773461e-01
   1.6735323e-01
   1.6939486e-01
   1.9993082e-01
   2.3358421e-01
   2.0672801e-01
   1.3045418e-01
   1.0935971e-01
   1.6971767e-01
   1.7589463e-01
   1.3069694e-01
   1.1778461e-01
   1.1135318e-01
   1.0450913e-01
   1.0186418e-01
   1.0185377e-01
   1.0198068e-01
   1.0895229e-01
   9.7350077e-02
   7.8890138e-02
   7.4091622e-02
   6.8980710e-02
   6.3476376e-02
   5.9524775e-02
   5.4774875e-02
   4.7691775e-02
   3.8237923e-02
   2.7844348e-02
   9.7175656e-03
  -7.3764258e-03
  -2.2830018e-02
  -3.7059804e-02
  -4.7218171e-02
  -5.5303929e-02
  -7.2266064e-02
  -8.9324130e-02
  -1.1126922e-01
  -1.3329697e-01
  -1.4270462e-01
  -1.4734889e-01
  -1.5078653e-01
  -1.5366512e-01
  -1.5560327e-01
  -1.5716069e-01
  -1.5518349e-01
  -1.5235892e-01
  -1.5139896e-01
  -1.4852232e-01
  -1.4435315e-01
  -1.4095260e-01
  -1.3736917e-01
  -1.3369202e-01
  -1.2812749e-01
  -1.2337648e-01
  -1.1629878e-01
  -1.0615115e-01
  -9.7576563e-02
  -8.6448144e-02
  -7.4351300e-02
  -6.5026441e-02
  -5.4294242e-02
  -4.3530805e-02
  -4.1819401e-02
  -4.5598664e-02
  -4.6536825e-02
  -3.9903509e-02
  -3.1490517e-02
  -2.4794527e-02
  -1.7317289e-02
  -1.0455599e-02
  -2.9195326e-03
   9.4922508e-03
   1.9708542e-02
   2.9245244e-02
   3.9219819e-02
   4.7928219e-02
   5.6100276e-02
   6.3754343e-02
   7.2603841e-02
   8.6893306e-02
   9.4596445e-02
   9.3703516e-02
   9.5271349e-02
   9.9152856e-02
   1.3359895e-01
   1.3519803e-01
   1.2371100e-01
   1.3652571e-01
   1.3291104e-01
   1.2108168e-01
   1.1862027e-01
   1.2030134e-01
   1.1485331e-01
   1.0768514e-01
   9.7336409e-02
   8.3978271e-02
   6.4962986e-02
   4.9646522e-02
   3.9757009e-02
   3.2810321e-02
   2.7047415e-02
   2.2102008e-02
   1.5794233e-02
   6.6819328e-03
  -6.1668195e-03
  -2.8641215e-02
  -5.5796992e-02
  -6.5492300e-02
  -7.7971176e-02
  -8.5287727e-02
  -8.5345650e-02
  -8.3461518e-02
  -8.1350249e-02
  -7.7716705e-02
  -7.4291424e-02
  -6.9516337e-02
  -6.5390771e-02
  -6.3524862e-02
  -6.2343229e-02
  -6.1540243e-02
  -6.1396802e-02
  -6.2162300e-02
  -6.1356516e-02
  -6.1553650e-02
  -6.0885060e-02
  -5.8753160e-02
  -5.7491605e-02
  -5.7632703e-02
  -5.9168580e-02
  -5.4167007e-02
  -4.5737615e-02
  -3.0490268e-02
  -1.8918899e-02
  -1.3135297e-02
   3.0225773e-03
   2.1775295e-02
   3.0891175e-02
   4.0836463e-02
   5.4237035e-02
   6.6376117e-02
   7.6547176e-02
   8.9322177e-02
   1.0425401e-01
   1.3174216e-01
   1.4910286e-01
   1.5299673e-01
   1.5522450e-01
   1.5270907e-01
   1.4523827e-01
   1.2628696e-01
   7.8287476e-02
   5.6162429e-02
   2.9262491e-02
  -4.2676665e-03
  -1.2560815e-02
  -7.7468741e-03
  -2.9305054e-03
  -5.8534809e-03
  -1.8501266e-02
  -2.5064033e-02
  -2.8373402e-02
  -3.3029518e-02
  -3.5482079e-02
  -3.6570059e-02
  -3.7570569e-02
  -4.2205534e-02
  -4.9339919e-02
  -6.1649972e-02
  -7.3960806e-02
  -8.4916758e-02
  -8.9456898e-02
  -8.7989292e-02
  -8.4740385e-02
  -8.0463828e-02
  -7.5010584e-02
  -6.9777317e-02
  -6.3691473e-02
  -5.6620934e-02
  -4.8466124e-02
  -4.3079134e-02
  -4.0750815e-02
  -3.8929943e-02
  -3.6638721e-02
  -3.3622288e-02
  -2.8740466e-02
  -2.1507872e-02
  -1.2996671e-02
  -6.5751978e-04
   1.9347010e-02
   3.0320403e-02
   3.2693173e-02
   3.4356611e-02
   3.6436250e-02
   3.6184121e-02
   3.7666305e-02
   3.8906709e-02
   3.9529090e-02
   3.9944706e-02
   4.0204970e-02
   3.7363282e-02
   3.4786870e-02
   3.2080033e-02
   3.0486493e-02
   3.0853818e-02
   3.3022294e-02
   3.7032859e-02
   4.3294881e-02
   5.0061551e-02
   5.4871262e-02
   5.7542239e-02
   5.8507800e-02
   5.5660189e-02
   5.0755589e-02
   4.6843428e-02
   4.1426109e-02
   3.7555405e-02
   3.6568758e-02
   3.6072115e-02
   3.6815940e-02
   3.8770556e-02
   3.9920105e-02
   3.7617103e-02
   3.3433484e-02
   2.4399152e-02
   8.0879053e-03
  -1.4822359e-02
  -2.9079414e-02
  -3.6196682e-02
  -4.2481678e-02
  -4.7649797e-02
  -5.0849112e-02
  -5.5663053e-02
  -5.9147949e-02
  -6.1829860e-02
  -6.4422412e-02
  -6.5073495e-02
  -6.3779139e-02
  -6.2524938e-02
  -6.1146170e-02
  -6.0644451e-02
  -5.9997533e-02
  -6.0886557e-02
  -6.2873844e-02
  -6.4137612e-02
  -6.4774312e-02
  -6.7287269e-02
  -7.0849873e-02
  -7.4583644e-02
  -7.7209714e-02
  -8.0467082e-02
  -8.2880333e-02
  -8.2418900e-02
  -8.0266629e-02
  -8.0174863e-02
  -7.9001429e-02
  -7.6273831e-02
  -7.5589165e-02
  -7.6758043e-02
  -7.7830599e-02
  -7.8481422e-02
  -7.9500610e-02
  -7.9277378e-02
  -7.7170014e-02
  -7.2869376e-02
  -6.9280739e-02
  -6.4367873e-02
  -5.6133533e-02
  -4.8715129e-02
  -4.2974156e-02
  -3.6268338e-02
  -2.9305510e-02
  -2.2842579e-02
  -1.6882604e-02
  -8.4196948e-03
   1.3821069e-03
   1.1687606e-02
   2.0089273e-02
   2.8729467e-02
   3.8039682e-02
   4.4491484e-02
   5.3014465e-02
   6.2555397e-02
   7.0285610e-02
   7.6838094e-02
   8.2829569e-02
   8.7233687e-02
   9.1266185e-02
   9.7104066e-02
   1.0549773e-01
   1.1387317e-01
   1.2018680e-01
   1.2318709e-01
   1.2300746e-01
   1.2191994e-01
   1.1926328e-01
   1.1443938e-01
   1.0930309e-01
   1.0473041e-01
   9.9384549e-02
   9.4990193e-02
   9.0974616e-02
   8.7693168e-02
   8.4239902e-02
   7.9453100e-02
   7.1897047e-02
   6.0829480e-02
   5.2876360e-02
   4.8685907e-02
   4.6164099e-02
   4.4695908e-02
   4.1945530e-02
   3.8049184e-02
   3.4184468e-02
   2.9702317e-02
   2.5561782e-02
   2.2391103e-02
   1.8278424e-02
   1.4004991e-02
   8.9605936e-03
   2.9181593e-03
  -3.7621919e-03
  -1.0060094e-02
  -1.5074618e-02
  -2.0933651e-02
  -2.7588509e-02
  -3.4088472e-02
  -3.8933848e-02
  -4.2540903e-02
  -4.6740988e-02
  -4.9867411e-02
  -5.1635566e-02
  -5.3393569e-02
  -5.5822570e-02
  -5.6440526e-02
  -5.6706192e-02
  -5.7584412e-02
  -5.8933893e-02
  -6.0439442e-02
  -6.3873248e-02
  -6.6613668e-02
  -6.9913339e-02
  -7.3287205e-02
  -7.6433282e-02
  -7.7006657e-02
  -7.6274481e-02
  -7.7876156e-02
  -7.6485999e-02
  -7.4360412e-02
  -7.2302510e-02
  -6.9237134e-02
  -6.3465768e-02
  -5.4275499e-02
  -3.1932426e-02
  -2.0972245e-02
  -1.7622655e-02
  -1.2588150e-02
  -1.1076874e-02
  -8.6776809e-03
  -7.2423563e-03
  -5.0375964e-03
  -1.3165169e-03
   2.7920950e-03
   8.8043961e-03
   1.5266221e-02
   2.1811350e-02
   2.8864122e-02
   3.5624804e-02
   4.1250126e-02
   4.3960218e-02
   4.4733330e-02
   4.5692513e-02
   4.4439093e-02
   4.0491918e-02
   3.8558193e-02
   3.3899473e-02
   2.7859837e-02
   2.2265885e-02
   1.7504335e-02
   1.4741137e-02
   1.2894622e-02
   1.3372977e-02
   1.4518295e-02
   1.4068186e-02
   1.3626147e-02
   1.1576120e-02
   9.1318902e-03
   8.4745591e-03
   7.3323651e-03
   6.8232915e-03
   6.7448022e-03
   6.4856576e-03
   6.5459108e-03
   8.0598548e-03
   1.1681749e-02
   1.5233354e-02
   1.7957438e-02
   2.0906316e-02
   2.3014982e-02
   2.3658971e-02
   2.5223875e-02
   2.7144648e-02
   2.9562129e-02
   3.1825691e-02
   3.2904235e-02
   3.3323300e-02
   3.4764612e-02
   3.5530891e-02
   3.6172211e-02
   3.7486353e-02
   3.7670666e-02
   3.8158262e-02
   3.7991912e-02
   3.6804225e-02
   3.5612113e-02
   3.3733643e-02
   2.8622146e-02
   2.3503164e-02
   1.7742601e-02
   1.1060083e-02
   3.9118096e-03
  -1.7467629e-03
  -6.0802601e-03
  -8.8262638e-03
  -9.5121008e-03
  -9.7894815e-03
  -1.1410811e-02
  -1.2541356e-02
  -1.3127812e-02
  -1.4882756e-02
  -1.7845562e-02
  -2.2014277e-02
  -2.5106596e-02
  -2.7974122e-02
  -3.0805526e-02
  -3.2301638e-02
  -3.2023867e-02
  -3.1296507e-02
  -3.0251286e-02
  -2.7961496e-02
  -2.5960801e-02
  -2.3987637e-02
  -2.3448235e-02
  -2.2890089e-02
  -2.4012173e-02
  -2.6006880e-02
  -2.8201910e-02
  -3.1309719e-02
  -3.5114624e-02
  -3.7476916e-02
  -4.1899647e-02
  -4.5660818e-02
  -5.0099039e-02
  -5.3686764e-02
  -5.6833883e-02
  -6.1405328e-02
  -6.3468696e-02
  -6.4971186e-02
  -6.5619210e-02
  -6.3962996e-02
  -6.1271323e-02
  -5.6798283e-02
  -5.0346026e-02
  -4.2155811e-02
  -3.2848069e-02
  -2.4592446e-02
  -1.9349678e-02
  -1.5825408e-02
  -1.2689027e-02
  -9.5234902e-03
  -7.2691051e-03
  -5.4668856e-03
  -4.3859210e-03
  -4.2210025e-03
  -3.3473184e-03
  -1.4862971e-03
  -2.7412852e-04
  -2.0053153e-04
   1.0732459e-03
   2.1140743e-03
   3.1500475e-03
   3.3252490e-03
   3.5146059e-03
   4.8467166e-03
   6.4714697e-03
   6.5463664e-03
   6.5420709e-03
   6.6779627e-03
   6.5759788e-03
   4.6464519e-03
   3.1656673e-03
   1.7617709e-03
   1.7221357e-03
   2.1058934e-03
   2.2095500e-03
   4.2458899e-03
   7.0275197e-03
   9.4807312e-03
   1.3477434e-02
   1.7151719e-02
   1.7282209e-02
   1.6977950e-02
   1.5735334e-02
   1.3103276e-02
   1.0479484e-02
   9.7176958e-03
   9.4485155e-03
   8.2218446e-03
   8.9001972e-03
   9.7652058e-03
   9.6742859e-03
   1.0854878e-02
   1.3068652e-02
   1.4859066e-02
   1.4613510e-02
   1.6534739e-02
   1.8562833e-02
   1.9604866e-02
   2.1538460e-02
   2.5226803e-02
   2.9525553e-02
   3.3767551e-02
   3.9009669e-02
   4.2405141e-02
   4.4112770e-02
   4.6462176e-02
   4.6250268e-02
   4.4649179e-02
   4.2570776e-02
   3.9336382e-02
   3.5911427e-02
   3.2286539e-02
   2.8380496e-02
   2.5399402e-02
   2.4619976e-02
   2.5578118e-02
   2.6500008e-02
   2.8750293e-02
   3.2258488e-02
   3.4962006e-02
   3.7169142e-02
   3.9335861e-02
   4.1531672e-02
   4.2576438e-02
   4.1718523e-02
   3.8860110e-02
   3.4425728e-02
   2.7812067e-02
   2.0539773e-02
   1.1214849e-02
   6.9474685e-04
  -8.2530190e-03
  -1.7056048e-02
  -2.6690309e-02
  -3.5134995e-02
  -3.9362154e-02
  -4.3378642e-02
  -4.6618764e-02
  -4.7958287e-02
  -4.8289296e-02
  -4.7006459e-02
  -4.4751813e-02
  -4.1307659e-02
  -3.4732656e-02
  -2.5320847e-02
  -1.6798713e-02
  -1.0154007e-02
  -4.9080241e-03
  -1.5258020e-03
  -3.1723772e-04
  -1.8551900e-04
  -1.5982646e-04
  -2.2608608e-04
  -1.6295171e-03
  -2.9328679e-03
  -2.8280399e-03
  -2.6943349e-03
  -1.8626809e-03
  -1.2957622e-03
  -1.3199988e-03
  -2.2741246e-03
  -4.0378284e-03
  -5.6063700e-03
  -8.8166967e-03
  -1.0314826e-02
  -1.0176396e-02
  -9.7930611e-03
  -9.1743238e-03
  -6.2734764e-03
  -3.6966085e-03
   6.0285717e-04
   5.0646381e-03
   8.9628715e-03
   1.1793235e-02
   1.5074879e-02
   1.7572021e-02
   1.9276070e-02
   1.9194457e-02
   1.7282860e-02
   1.3589831e-02
   1.1010035e-02
   8.0346029e-03
   4.6502852e-03
   2.7519913e-03
   1.1140460e-03
   2.7907803e-04
   1.2545195e-03
   2.1256654e-03
   4.5248782e-03
   7.8894694e-03
   1.0718857e-02
   1.3595493e-02
   1.5254896e-02
   1.6099664e-02
   1.5316139e-02
   1.3210271e-02
   1.1130632e-02
   8.1757664e-03
   3.2661673e-03
  -5.3512084e-04
  -4.2183732e-03
  -9.1342331e-03
  -1.2936470e-02
  -1.4673256e-02
  -1.5962536e-02
  -1.7997399e-02
  -2.0764437e-02
  -2.3524967e-02
  -2.5174868e-02
  -2.8262176e-02
  -3.3431792e-02
  -3.7578314e-02
  -4.0419351e-02
  -4.2680700e-02
  -4.3516291e-02
  -4.2018032e-02
  -3.9910212e-02
  -3.7375062e-02
  -3.2085435e-02
  -2.7116663e-02
  -2.1729282e-02
  -1.5418448e-02
  -1.1053184e-02
  -4.1700365e-03
   4.9070413e-04
   3.6136676e-03
   6.2852497e-03
   6.4715738e-03
   6.5102457e-03
   6.2344725e-03
   4.3829923e-03
   1.5894200e-03
   3.1082647e-04
   1.1106356e-03
   2.9080716e-03
   6.2983703e-03
   9.8554099e-03
   1.2094631e-02
   1.5540087e-02
   1.7664047e-02
   2.0365873e-02
   2.1256264e-02
   2.3261058e-02
   2.6178697e-02
   2.9393371e-02
   3.1826733e-02
   3.2439547e-02
   3.1209232e-02
   2.8989601e-02
   2.5122542e-02
   2.1709106e-02
   1.9002204e-02
   1.5859055e-02
   1.3582347e-02
   1.2964000e-02
   1.2661953e-02
   1.2066515e-02
   1.1681033e-02
   9.3403487e-03
   6.3276574e-03
   1.8148910e-03
  -3.3937156e-03
  -7.2020053e-03
  -1.1275635e-02
  -1.4934301e-02
  -1.7944161e-02
  -1.9662399e-02
  -1.9304251e-02
  -1.8775262e-02
  -1.9382024e-02
  -1.7965053e-02
  -1.6071744e-02
  -1.4548363e-02
  -1.2489290e-02
  -1.1214653e-02
  -9.3088489e-03
  -7.2136550e-03
  -3.7703402e-03
  -1.0363768e-03
   2.1414609e-03
   5.2136700e-03
   7.7331418e-03
   1.0273889e-02
   1.0868220e-02
   1.1332387e-02
   1.2841385e-02
   1.5846624e-02
   1.8541812e-02
   1.9408643e-02
   2.0142380e-02
   2.0135286e-02
   1.7977028e-02
   1.7465806e-02
   1.5854499e-02
   1.4046644e-02
   1.2927684e-02
   1.1758286e-02
   1.0418046e-02
   9.6215042e-03
   8.7444553e-03
   6.5532651e-03
   4.6064067e-03
   3.0608067e-03
   9.1583136e-04
  -1.4222366e-03
  -2.9829748e-03
  -4.6957322e-03
  -6.3192748e-03
  -8.6912831e-03
  -1.2106476e-02
  -1.5978872e-02
  -2.0279769e-02
  -2.5550653e-02
  -2.9030602e-02
  -3.1136079e-02
  -3.2424839e-02
  -3.1093255e-02
  -2.7840508e-02
  -2.4665989e-02
  -2.0091681e-02
  -1.4692846e-02
  -9.2838573e-03
  -3.4314242e-03
   6.8484783e-04
   4.8264239e-03
   7.2241332e-03
   1.0689765e-02
   1.4327799e-02
   1.7038476e-02
   1.9855107e-02
   2.2676880e-02
   2.4178263e-02
   2.4047578e-02
   2.4660262e-02
   2.5527744e-02
   2.4747733e-02
   2.4763873e-02
   2.3898214e-02
   2.2523220e-02
   2.1676240e-02
   2.0000891e-02
   1.9340111e-02
   1.8810471e-02
   1.9186257e-02
   1.9285182e-02
   1.9595234e-02
   1.9089870e-02
   1.8319361e-02
   1.7758351e-02
   1.7282795e-02
   1.5881704e-02
   1.3393738e-02
   1.1841461e-02
   1.0762331e-02
   7.0527065e-03
   2.4393945e-03
  -1.8966018e-03
  -6.7986253e-03
  -1.3204739e-02
  -1.7628968e-02
  -2.0453409e-02
  -2.4842818e-02
  -2.7132282e-02
  -2.9032034e-02
  -2.9635152e-02
  -2.8897119e-02
  -2.8337997e-02
  -2.6845139e-02
  -2.3597338e-02
  -2.1546856e-02
  -1.8542853e-02
  -1.6076495e-02
  -1.4130860e-02
  -1.2801359e-02
  -1.3466956e-02
  -1.5775489e-02
  -1.7941037e-02
  -2.1293361e-02
  -2.5764123e-02
  -2.9979632e-02
  -3.2413384e-02
  -3.4574051e-02
  -3.4279619e-02
  -3.3283664e-02
  -3.2552595e-02
  -3.1630965e-02
  -2.8666532e-02
  -2.5406691e-02
  -2.2402167e-02
  -1.9301582e-02
  -1.5377576e-02
  -1.1685133e-02
  -1.0741440e-02
  -1.0548276e-02
  -9.9640973e-03
  -9.5358559e-03
  -9.2392108e-03
  -8.5990615e-03
  -6.0814966e-03
  -2.9086443e-03
   1.1472509e-03
   4.6729273e-03
   7.6995593e-03
   1.1095618e-02
   1.3490581e-02
   1.3577531e-02
   1.3146491e-02
   1.2240285e-02
   9.1439304e-03
   5.8029119e-03
   2.7178881e-03
   1.8818802e-03
   2.2431129e-04
  -3.9972886e-04
   7.6163191e-04
   3.0448810e-03
   5.3959654e-03
   7.7383483e-03
   9.2391458e-03
   1.0628783e-02
   1.0978860e-02
   1.0728424e-02
   1.0077926e-02
   8.9030609e-03
   8.7387281e-03
   8.5516165e-03
   7.4254327e-03
   6.4940988e-03
   5.5332305e-03
   5.2891003e-03
   3.5617971e-03
   1.8207810e-04
  -6.1152548e-04
  -1.3242943e-03
  -8.1238958e-04
   8.1448523e-04
   3.4545285e-03
   6.7839167e-03
   9.1697030e-03
   9.7843400e-03
   1.0425921e-02
   1.0374897e-02
   1.0085736e-02
   9.9027247e-03
   9.6712921e-03
   9.4930968e-03
   9.2768935e-03
   9.0843150e-03
   8.8222937e-03
   8.5119814e-03
   9.2326375e-03
   1.0954129e-02
   1.0741245e-02
   1.1256762e-02
   1.2567258e-02
   1.3144148e-02
   1.4650868e-02
   1.5342367e-02
   1.4720310e-02
   1.3622112e-02
   1.2164724e-02
   9.8242355e-03
   6.5239781e-03
   3.6012565e-03
   1.8731722e-03
  -6.5328943e-04
  -1.8935950e-03
  -2.6083742e-03
  -2.4453886e-03
  -6.2618527e-04
   2.7134625e-05
   8.0662329e-04
   1.1449665e-03
   1.1732838e-03
  -1.7304923e-04
  -1.8482196e-03
  -1.6822143e-03
  -1.3960410e-03
  -8.9314367e-05
   3.4800082e-03
   7.5016441e-03
   1.1200270e-02
   1.4840973e-02
   1.7392459e-02
   1.9042425e-02
   2.0618522e-02
   2.1032511e-02
   2.1074424e-02
   2.0508208e-02
   1.8567454e-02
   1.5987267e-02
   1.2460719e-02
   8.7991245e-03
   4.3464356e-03
  -7.7033992e-04
  -4.5158447e-03
  -7.5665962e-03
  -1.0845181e-02
  -1.4665706e-02
  -1.9275940e-02
  -2.2699854e-02
  -2.4935821e-02
  -2.6820799e-02
  -2.8129538e-02
  -2.8399890e-02
  -2.7455611e-02
  -2.6024192e-02
  -2.3985684e-02
  -1.9631029e-02
  -1.5028019e-02
  -1.1598183e-02
  -8.1663294e-03
  -3.7088049e-03
  -9.6989521e-04
   1.0101746e-03
   1.0545803e-03
   1.9047957e-03
   2.7355905e-03
   3.6124050e-03
   3.7391853e-03
   3.9535599e-03
   4.8183797e-03
   4.7151332e-03
   4.4704694e-03
   4.4402712e-03
   4.1797794e-03
   4.1129073e-03
   3.9257177e-03
   4.7349898e-03
   5.4997196e-03
   7.1133632e-03
   7.8200266e-03
   9.3944321e-03
   1.2601036e-02
   1.5403870e-02
   1.8228245e-02
   2.1850986e-02
   2.4715973e-02
   2.7689061e-02
   3.1117140e-02
   3.3379726e-02
   3.5653961e-02
   3.7638060e-02
   3.8235320e-02
   3.8804594e-02
   3.7151179e-02
   3.3377643e-02
   2.9494965e-02
   2.2988429e-02
   1.6898875e-02
   1.2131012e-02
   8.3666527e-03
   4.5146602e-03
   8.5719873e-04
  -2.3041796e-03
  -4.7359986e-03
  -7.4658488e-03
  -9.2134383e-03
  -1.1838337e-02
  -1.5105728e-02
  -1.8294369e-02
  -2.0614813e-02
  -2.2766173e-02
  -2.4793030e-02
  -2.6723826e-02
  -2.7600224e-02
  -2.8846810e-02
  -2.9404630e-02
  -2.9421161e-02
  -2.8838154e-02
  -2.7150115e-02
  -2.6304696e-02
  -2.5906653e-02
  -2.5284011e-02
  -2.5498131e-02
  -2.5777334e-02
  -2.6443582e-02
  -2.8634447e-02
  -3.0235731e-02
  -3.2570818e-02
  -3.5071865e-02
  -3.6328799e-02
  -3.6133683e-02
  -3.7027783e-02
  -3.4616680e-02
  -3.0194469e-02
  -2.4618219e-02
  -1.6571381e-02
  -9.6303554e-03
  -4.3015418e-03
  -2.2799430e-04
   1.6819019e-03
   2.3772280e-03
   1.3920970e-03
  -4.9786644e-04
  -2.6993983e-03
  -2.9143650e-03
  -3.8705344e-03
  -5.5553194e-03
  -3.2371276e-03
  -1.9241772e-03
  -4.4589563e-04
   1.7037956e-03
   3.2405705e-03
   6.3817407e-03
   8.5028699e-03
   9.8080951e-03
   1.0767408e-02
   1.1780023e-02
   1.3201030e-02
   1.2869891e-02
   1.2638654e-02
   1.3421398e-02
   1.3390094e-02
   1.2802596e-02
   1.2619845e-02
   1.1358746e-02
   1.0466728e-02
   1.0336628e-02
   1.0038942e-02
   9.6693396e-03
   9.4271685e-03
   9.0153929e-03
   7.7624939e-03
   6.7789054e-03
   5.8554008e-03
   5.4743310e-03
   4.4661739e-03
   2.8114895e-03
   4.5945162e-03
   5.1076444e-03
   5.1273969e-03
   6.6004497e-03
   7.0574575e-03
   7.1210429e-03
   8.2308911e-03
   6.6933222e-03
   4.5367687e-03
   3.1030321e-03
   1.9409489e-03
   4.2899702e-04
  -7.9065210e-04
  -2.5941993e-03
  -3.6504001e-03
  -4.9752736e-03
  -5.5794064e-03
  -5.2249618e-03
  -5.3507723e-03
  -5.1818252e-03
  -6.7238457e-03
  -7.9859864e-03
  -7.9961393e-03
  -9.7685250e-03
  -1.0314110e-02
  -9.6517674e-03
  -9.5389147e-03
  -7.4418986e-03
  -6.2928904e-03
  -6.5515729e-03
  -5.8127849e-03
  -3.9163003e-03
  -3.0457857e-03
  -3.1506202e-03
  -1.6769361e-03
  -4.6198853e-04
   9.0708430e-04
   2.4082527e-03
   4.2508102e-03
   5.0234475e-03
   5.3439777e-03
   7.2500360e-03
   7.3670539e-03
   6.0602798e-03
   5.2927710e-03
   5.0213453e-03
   4.2627202e-03
   4.8044847e-03
   4.9044510e-03
   4.5011882e-03
   4.2818935e-03
   2.8551662e-03
   1.1626429e-03
  -1.2327495e-03
  -2.9250581e-03
  -4.7039716e-03
  -5.7464531e-03
  -7.2501662e-03
  -9.3191970e-03
  -9.8489667e-03
  -1.1249472e-02
  -1.2875032e-02
  -1.4862776e-02
  -1.5767614e-02
  -1.7710321e-02
  -1.9125535e-02
  -1.9141805e-02
  -1.9769589e-02
  -2.0852493e-02
  -2.0297992e-02
  -1.9748307e-02
  -1.8423362e-02
  -1.8206378e-02
  -1.8262544e-02
  -1.7858122e-02
  -1.8835138e-02
  -1.9420878e-02
  -1.8712132e-02
  -1.9965226e-02
  -2.0472282e-02
  -1.9460774e-02
  -1.8961072e-02
  -1.8338365e-02
  -1.8644837e-02
  -1.9591459e-02
  -1.9402069e-02
  -1.8836179e-02
  -1.9376167e-02
  -1.8602338e-02
  -1.8674059e-02
  -1.6883645e-02
  -1.5006607e-02
  -1.2860519e-02
  -1.0116976e-02
  -8.3216808e-03
  -3.7998681e-03
   6.2381757e-04
   4.8402474e-03
   8.7700327e-03
   1.3227453e-02
   1.8309663e-02
   2.0909570e-02
   2.3034051e-02
   2.5172460e-02
   2.6925776e-02
   2.7705592e-02
   2.8909484e-02
   2.8601775e-02
   2.7853785e-02
   2.7480798e-02
   2.6876769e-02
   2.6270072e-02
   2.5677303e-02
   2.5224005e-02
   2.4644968e-02
   2.4173186e-02
   2.3499975e-02
   2.3086182e-02
   2.2490159e-02
   2.3582565e-02
   2.4437355e-02
   2.3905308e-02
   2.5208450e-02
   2.6325718e-02
   2.7249105e-02
   2.7571653e-02
   2.8256709e-02
   2.9330241e-02
   3.0327237e-02
   3.1841051e-02
   3.1320913e-02
   3.0282395e-02
   2.9536357e-02
   2.8829368e-02
   2.7928369e-02
   2.7595018e-02
   2.7201855e-02
   2.5570243e-02
   2.4726972e-02
   2.3064380e-02
   2.0824247e-02
   1.9211834e-02
   1.6822078e-02
   1.4569515e-02
   1.2609432e-02
   1.0106497e-02
   6.4062963e-03
   3.9642464e-03
   8.1364567e-04
  -2.1115686e-03
  -4.6113074e-03
  -7.8779498e-03
  -9.9100790e-03
  -1.1554708e-02
  -1.4502936e-02
  -1.7727307e-02
  -1.9704377e-02
  -2.1843631e-02
  -2.3368704e-02
  -2.3702641e-02
  -2.5102431e-02
  -2.4888441e-02
  -2.4113050e-02
  -2.3686501e-02
  -2.1748806e-02
  -1.8581968e-02
  -1.5804451e-02
  -1.2587434e-02
  -8.3451105e-03
  -5.2418636e-03
  -3.6916297e-03
  -2.2624944e-03
  -2.4132119e-03
  -3.4609456e-03
  -4.1059630e-03
  -5.7029130e-03
  -7.4302488e-03
  -9.6531992e-03
  -9.8376424e-03
  -9.4578873e-03
  -8.6650550e-03
  -6.8257646e-03
  -6.2246126e-03
  -5.9939740e-03
  -4.7485790e-03
  -4.5545622e-03
  -3.7592437e-03
  -2.8373011e-03
  -1.7442247e-03
  -4.4921613e-04
   6.0194667e-04
   2.9627082e-03
   4.6959534e-03
   5.1068114e-03
   6.9949785e-03
   9.1325410e-03
   9.8039949e-03
   9.5907853e-03
   9.2628357e-03
   9.1201103e-03
   8.7466681e-03
   8.6197577e-03
   7.3755797e-03
   5.1997294e-03
   4.8166225e-03
   4.8992575e-03
   4.6711701e-03
   5.8931290e-03
   7.3352938e-03
   7.9792830e-03
   7.8800976e-03
   8.3022863e-03
   8.4377876e-03
   8.3786929e-03
   6.8295394e-03
   4.8870415e-03
   3.0815875e-03
   5.8119844e-04
  -2.1144648e-03
  -4.5880535e-03
  -6.5287291e-03
  -7.9647045e-03
  -1.0215445e-02
  -1.1571695e-02
  -1.1878688e-02
  -1.3103406e-02
  -1.4085368e-02
  -1.4336260e-02
  -1.4806675e-02
  -1.4487511e-02
  -1.3996075e-02
  -1.2605332e-02
  -1.2298989e-02
  -1.0726927e-02
  -8.8345292e-03
  -8.8952510e-03
  -8.2451441e-03
  -5.9378926e-03
  -5.3003661e-03
  -5.6521618e-03
  -3.7469757e-03
  -2.2976779e-03
  -2.6578823e-03
  -1.8276406e-03
   2.3477522e-04
   1.7098157e-03
   2.9891901e-03
   3.1369595e-03
   4.9460581e-03
   5.3902382e-03
   3.1779873e-03
   2.3233333e-03
   7.0935131e-04
  -8.4887471e-04
  -2.9582370e-03
  -5.1151094e-03
  -5.7855089e-03
  -7.1238414e-03
  -8.5527229e-03
  -9.2964182e-03
  -9.3859063e-03
  -1.0005034e-02
  -1.1633523e-02
  -1.2278228e-02
  -1.2533285e-02
  -1.3294683e-02
  -1.3469624e-02
  -1.2939985e-02
  -1.3112778e-02
  -1.3657126e-02
  -1.3381438e-02
  -1.4956104e-02
  -1.5522384e-02
  -1.5038302e-02
  -1.6316584e-02
  -1.6786673e-02
  -1.6201713e-02
  -1.5466023e-02
  -1.3475807e-02
  -1.0190388e-02
  -8.3746578e-03
  -5.8561818e-03
  -3.2231544e-03
  -1.6015057e-03
  -1.2999730e-03
  -6.5146713e-04
   4.7081824e-04
   6.7638713e-04
   2.4966670e-03
   5.0065521e-03
   5.7941258e-03
   6.4541448e-03
   7.8129326e-03
   1.0438547e-02
   1.1492294e-02
   1.3042359e-02
   1.4208568e-02
   1.6289379e-02
   1.7749826e-02
   1.9745053e-02
   2.2459895e-02
   2.3917023e-02
   2.4347542e-02
   2.4605593e-02
   2.4859284e-02
   2.4325219e-02
   2.3520606e-02
   2.3096140e-02
   2.1973861e-02
   2.0011955e-02
   1.7685524e-02
   1.6563310e-02
   1.4159366e-02
   1.2309012e-02
   9.2707107e-03
   4.7996425e-03
   6.1386714e-04
  -2.5815343e-03
  -6.0467622e-03
  -1.0201843e-02
  -1.3570046e-02
  -1.4890956e-02
  -1.5563321e-02
  -1.6915666e-02
  -1.8313503e-02
  -1.8808389e-02
  -1.9729563e-02
  -2.0911653e-02
  -2.1292189e-02
  -2.2146264e-02
  -2.2184077e-02
  -2.2531030e-02
  -2.2021631e-02
  -2.1295118e-02
  -1.9734184e-02
  -1.8437680e-02
  -1.6630671e-02
  -1.4412601e-02
  -1.1478952e-02
  -7.8200266e-03
  -4.5916005e-03
  -2.5934899e-03
  -3.8924151e-04
   2.3917283e-03
   4.8253370e-03
   5.9806907e-03
   6.1588795e-03
   8.2409137e-03
   8.5496641e-03
   8.1602768e-03
   8.1537035e-03
   8.0649963e-03
   8.2265305e-03
   8.9921585e-03
   9.6424607e-03
   1.0234644e-02
   1.1076419e-02
   1.2203644e-02
   1.2941286e-02
   1.4574461e-02
   1.5138464e-02
   1.6262045e-02
   1.6638871e-02
   1.7381525e-02
   1.8371622e-02
   1.7898018e-02
   1.7381915e-02
   1.6098883e-02
   1.4904623e-02
   1.3742514e-02
   1.2522156e-02
   1.1439448e-02
   1.0943586e-02
   1.0850778e-02
   1.0056124e-02
   9.0849658e-03
   7.2631826e-03
   5.5656935e-03
   3.5112997e-03
   2.1013116e-03
  -1.9333733e-04
  -2.2417917e-03
  -3.2123963e-03
  -3.8426987e-03
  -5.5287528e-03
  -6.0109995e-03
  -6.8500403e-03
  -6.8672871e-03
  -7.4108543e-03
  -7.1991416e-03
  -6.3482429e-03
  -6.2374924e-03
  -6.2234671e-03
  -5.9571895e-03
  -5.8806527e-03
  -4.7871402e-03
  -3.9349138e-03
  -2.8890741e-03
  -2.7079306e-03
  -2.0690503e-03
  -1.1388423e-03
  -7.5686788e-05
   1.3142325e-03
   2.3635932e-03
   3.9546402e-03
   5.5881339e-03
   6.8051335e-03
   8.5835719e-03
   9.1836306e-03
   9.4405103e-03
   1.1218428e-02
   1.1233722e-02
   1.0622405e-02
   1.0351597e-02
   8.9852598e-03
   8.0053159e-03
   7.0010963e-03
   6.6832344e-03
   6.4581994e-03
   6.1048742e-03
   5.9857736e-03
   5.2972552e-03
   4.1816342e-03
   3.1732819e-03
   2.3572802e-03
   2.3472315e-03
   2.1581089e-03
   2.4612622e-03
   3.8483934e-03
   4.6700377e-03
   4.3892727e-03
   6.2563272e-03
   6.8115767e-03
   6.3179536e-03
   5.3989007e-03
   4.4935020e-03
   4.3351959e-03
   4.2236513e-03
   3.8487839e-03
   4.2664039e-03
   4.9240408e-03
   4.7489955e-03
   4.3808836e-03
   4.1523537e-03
   2.2913974e-03
   1.2258443e-03
  -4.5831919e-04
  -2.9254681e-03
  -5.5771155e-03
  -7.7050262e-03
  -1.0820190e-02
  -1.2649197e-02
  -1.3870791e-02
  -1.5017281e-02
  -1.4791445e-02
  -1.5965139e-02
  -1.6494063e-02
  -1.5087440e-02
  -1.4682888e-02
  -1.3643459e-02
  -1.2743892e-02
  -1.2643860e-02
  -1.1769154e-02
  -1.0591816e-02
  -1.0470633e-02
  -1.0369885e-02
  -9.7967707e-03
  -8.4852326e-03
  -8.1643119e-03
  -7.4063636e-03
  -6.3608298e-03
  -6.3505338e-03
  -6.1505229e-03
  -6.4220006e-03
  -7.2296652e-03
  -7.1539745e-03
  -6.8397573e-03
  -6.7796213e-03
  -6.2798544e-03
  -4.6592080e-03
  -3.5593370e-03
  -3.6481547e-03
  -3.4788497e-03
  -3.3345818e-03
  -3.1991195e-03
  -3.2430956e-03
  -3.0490008e-03
  -2.9213874e-03
  -9.1816781e-04
   3.5813413e-04
   1.2190822e-03
   3.1347141e-03
   3.9285162e-03
   4.6294654e-03
   5.1064339e-03
   4.5953427e-03
   3.5161028e-03
   2.7844218e-03
   1.9002855e-03
   1.8093590e-03
   6.5267766e-04
   1.9788463e-04
   3.0207550e-04
   9.5956014e-04
   1.7024614e-03
   1.5474549e-03
   1.6559861e-03
   3.1524035e-03
   4.1897565e-03
   4.7134345e-03
   6.1596735e-03
   6.5353675e-03
   6.4651437e-03
   7.3767512e-03
   7.3541676e-03
   6.9785778e-03
   6.8127481e-03
   6.6525156e-03
   6.4773336e-03
   5.8553162e-03
   4.6976521e-03
   3.7581438e-03
   1.9590483e-03
   1.2612360e-03
  -5.0546935e-05
  -1.3464483e-03
  -2.1693486e-03
  -2.8411800e-03
  -2.7881900e-03
  -2.6927469e-03
  -2.7893680e-03
  -2.6705082e-03
  -3.3926677e-03
  -4.0955824e-03
  -4.8757758e-03
  -5.5099701e-03
  -6.3681516e-03
  -6.4297389e-03
  -6.1410014e-03
  -6.0890462e-03
  -5.9840294e-03
  -5.5700606e-03
  -4.4359693e-03
  -4.1926852e-03
  -4.1916764e-03
  -3.0492285e-03
  -2.2914951e-03
  -1.0390191e-03
   2.2652994e-04
   8.8750104e-04
   2.4408329e-03
   3.0180737e-03
   3.7713490e-03
   4.4876836e-03
   5.2228726e-03
   4.4184491e-03
   2.4500550e-03
   2.1165148e-03
   1.4712240e-03
  -5.6924998e-04
  -1.5581935e-03
  -2.0737688e-03
  -2.2156612e-03
  -2.1623328e-03
  -1.8229222e-03
  -6.8295394e-04
  -7.3466832e-04
  -7.7899586e-04
  -6.0852389e-04
   5.6598220e-04
   6.7312651e-04
   1.1522102e-03
   1.8963350e-03
   1.8973177e-03
   1.8456489e-03
   3.0992768e-03
   2.5270799e-03
   1.3695785e-03
  -3.6542530e-04
  -1.7408534e-03
  -3.4899137e-03
  -4.4462457e-03
  -5.8221763e-03
  -6.7152549e-03
  -6.3991958e-03
  -6.2418268e-03
  -6.2441763e-03
  -5.4925736e-03
  -5.1535014e-03
  -5.8673759e-03
  -5.7904031e-03
  -6.5213748e-03
  -6.7699240e-03
  -6.3884637e-03
  -7.1198063e-03
  -7.6051900e-03
  -7.2611651e-03
  -7.0474348e-03
  -6.9825478e-03
  -5.9889496e-03
  -4.1231252e-03
  -2.4085325e-03
  -5.1553172e-04
   1.7558028e-03
   2.5684202e-03
   4.0373403e-03
   4.7458260e-03
   4.1577881e-03
   3.2090576e-03
   2.4253238e-03
   1.6370146e-03
   1.5475916e-03
   1.5365601e-03
   1.1127899e-03
   8.3704275e-05
  -2.2308123e-05
   1.9723250e-04
   1.0167154e-03
   1.5079500e-03
   1.6617719e-03
   3.2948556e-03
   4.1718719e-03
   3.9042600e-03
   3.8134572e-03
   3.8265388e-03
   3.7844566e-03
   3.6203516e-03
   4.3038978e-03
   4.9622962e-03
   5.6682957e-03
   6.6519298e-03
   8.3479741e-03
   9.0032876e-03
   1.0109101e-02
   9.8328263e-03
   9.7962501e-03
   1.0668157e-02
   1.1020578e-02
   1.0823639e-02
   1.0307211e-02
   1.0307341e-02
   9.5064387e-03
   7.9302760e-03
   5.7478979e-03
   4.9846389e-03
   2.8954912e-03
   9.6158420e-04
  -1.1974879e-04
  -2.0338408e-03
  -3.9227434e-03
  -3.6633450e-03
  -4.4766717e-03
  -3.7988267e-03
  -3.4851236e-03
  -2.8652865e-03
  -1.1775077e-03
   4.2857268e-04
   6.5241082e-04
   5.1071823e-04
   5.2117305e-04
   5.7316403e-04
   4.3996533e-04
   4.6756348e-04
  -9.4007451e-06
  -1.4338147e-03
  -3.2315305e-03
  -3.7701255e-03
  -4.6910462e-03
  -5.3080263e-03
  -6.6068929e-03
  -7.5582006e-03
  -8.1610578e-03
  -8.6727347e-03
  -9.4550888e-03
  -9.7294757e-03
  -9.3794632e-03
  -9.1660584e-03
  -8.9862360e-03
  -9.5311700e-03
  -1.0988623e-02
  -1.1131218e-02
  -1.0363703e-02
  -9.1270741e-03
  -8.7952846e-03
  -8.7031281e-03
  -7.4180134e-03
  -5.6090448e-03
  -5.1705660e-03
  -4.8265996e-03
  -3.0317995e-03
  -1.9779026e-03
  -1.2095217e-03
  -5.1140811e-04
  -5.5908023e-04
  -4.7899127e-04
  -4.9652444e-04
   2.9137663e-04
   1.1037239e-03
   1.0380884e-03
   1.1713834e-03
   2.5966138e-03
   4.1512082e-03
   5.6649180e-03
   6.3123305e-03
   6.2075480e-03
   6.7297032e-03
   6.5849602e-03
   6.2857899e-03
   5.8133576e-03
   4.0818826e-03
   3.0738101e-03
   3.1056354e-03
   1.9588530e-03
   1.3599594e-03
   1.0156871e-03
   1.1550283e-03
   2.7936830e-03
   2.6599128e-03
   2.4344939e-03
   2.4701915e-03
   2.4012693e-03
   3.3362609e-03
   5.0471765e-03
   4.7713903e-03
   5.5765753e-03
   6.2205970e-03
   6.9565149e-03
   7.3713494e-03
   8.7617672e-03
   9.3210844e-03
   9.7035729e-03
   8.8751406e-03
   8.1736837e-03
   8.1361963e-03
   7.8307652e-03
   6.6606509e-03
   4.6464844e-03
   3.2183644e-03
   2.5066376e-03
   9.6146054e-04
  -9.1444510e-04
  -1.6053911e-03
  -1.8205532e-03
  -3.9492709e-03
  -4.4384098e-03
  -5.2683521e-03
  -7.1692689e-03
  -6.9593134e-03
  -7.8572537e-03
  -9.2121366e-03
  -9.2067348e-03
  -8.7342374e-03
  -8.6964897e-03
  -7.5158971e-03
  -6.7880820e-03
  -6.5060804e-03
  -4.4491224e-03
  -2.2460156e-03
  -1.6295432e-03
  -5.8028599e-05
   4.8895667e-04
   5.8119519e-04
   2.0132423e-03
   3.1082647e-03
   2.0569646e-03
   1.3573300e-03
   1.2281873e-03
   3.0343638e-04
  -2.2223972e-04
   1.1584906e-04
  -1.6658721e-03
  -2.9344364e-03
  -3.6005601e-03
  -4.2045367e-03
  -5.0426207e-03
  -4.8824077e-03
  -5.5431165e-03
  -5.7381421e-03
  -4.5711582e-03
  -3.6844381e-03
  -2.8782118e-03
  -1.8363617e-03
  -1.3121955e-04
   1.1628902e-03
   1.5726027e-03
   2.9262230e-03
   4.4538734e-03
   4.9861879e-03
   5.9402356e-03
   7.7595652e-03
   7.4245216e-03
   7.6600544e-03
   7.6063615e-03
   7.0765917e-03
   6.0123858e-03
   5.0178764e-03
   4.2683694e-03
   2.5891359e-03
   1.1997658e-03
   9.1868196e-04
  -8.7698374e-04
  -1.8473215e-03
  -2.9603847e-03
  -3.6615942e-03
  -3.3612851e-03
  -3.1133216e-03
  -2.2300183e-03
  -1.5605495e-03
  -7.7711498e-04
  -8.0198292e-04
  -9.5376131e-04
  -1.7378987e-03
  -2.2576848e-03
  -2.8211282e-03
  -2.6917120e-03
  -1.8721114e-03
  -1.1509411e-03
  -4.9464877e-04
   7.4218532e-04
   1.9588400e-03
   2.6963850e-03
   3.8665123e-03
   4.7668150e-03
   5.0338802e-03
   5.0971336e-03
   3.6152426e-03
   2.8833794e-03
   1.9995425e-03
   4.3819184e-04
  -3.6669570e-04
  -9.2528781e-04
  -2.0989817e-03
  -2.5561652e-03
  -2.0182536e-03
  -1.3456738e-03
  -6.3583241e-04
  -1.6629109e-04
   1.1989653e-03
   2.0617351e-03
   2.4736864e-03
   2.9342216e-03
   3.3947634e-03
   3.2606874e-03
   2.9801762e-03
   2.7699214e-03
   1.8760033e-03
   1.7638600e-03
   6.6438596e-04
  -5.1280282e-04
  -4.4703848e-04
  -1.0879935e-03
  -1.3130741e-03
  -1.5895306e-03
  -2.1526290e-03
  -1.9925266e-03
  -1.9448668e-03
  -1.8217637e-03
  -2.5378901e-03
  -3.0558800e-03
  -2.3939736e-03
  -2.2250981e-03
  -1.5144321e-03
  -1.5906825e-03
  -1.7435478e-03
  -2.0082244e-03
  -2.7425804e-03
  -2.4774417e-03
  -2.3504010e-03
  -2.1913725e-03
  -2.1316269e-03
  -1.5220338e-03
  -9.8140176e-04
   2.4823944e-04
   1.4927532e-03
   1.9115447e-03
   2.5202853e-03
   3.7369530e-03
   4.4263501e-03
   4.9470279e-03
   5.7444225e-03
   6.5472775e-03
   6.5890603e-03
   6.5394676e-03
   6.2479185e-03
   5.8207250e-03
   5.4832473e-03
   5.0916017e-03
   4.7638733e-03
   4.3934835e-03
   4.0724131e-03
   3.7107704e-03
   3.4348801e-03
   3.0571100e-03
   3.2404663e-03
   3.6700094e-03
   2.8995979e-03
   1.8749489e-03
   1.4077688e-03
   8.4323858e-04
   2.0625681e-05
  -1.0808019e-03
  -1.8012042e-03
  -2.4253433e-03
  -3.0863905e-03
  -3.6333355e-03
  -4.1484097e-03
  -4.2920853e-03
  -4.1112738e-03
  -4.0026384e-03
  -3.8754872e-03
  -3.7359182e-03
  -3.3645587e-03
  -2.7445068e-03
  -2.1946331e-03
  -1.9434090e-03
  -1.3238061e-03
  -9.3871429e-04
  -3.5344755e-04
  -1.5966311e-04
  -8.8012071e-05
  -7.1239716e-05
  -4.9227131e-04
  -7.2672828e-04
  -1.3297612e-03
  -2.1527852e-03
  -2.8195206e-03
  -2.9449732e-03
  -3.4294132e-03
  -3.8949598e-03
  -3.9581742e-03
  -4.0361688e-03
  -4.1015830e-03
  -4.1259563e-03
  -4.1109483e-03
  -3.9580961e-03
  -3.6302441e-03
  -3.4949055e-03
  -3.4412191e-03
  -3.1168686e-03
  -2.9431835e-03
  -2.9073166e-03
  -2.4356914e-03
  -2.0103266e-03
  -1.6117627e-03
  -1.2000327e-03
  -9.0418814e-04
  -5.2190978e-04
  -1.5806404e-04
   1.5686587e-04
   4.2139606e-04
   7.0555051e-04
   9.7475685e-04
   1.0069661e-03
   1.1843478e-03
   1.4032651e-03
   1.4697857e-03
   1.4809083e-03
   1.5960583e-03
   1.6722632e-03
   1.5859511e-03
   1.5820917e-03
   1.5427885e-03
   1.4791445e-03
   1.4557930e-03
   1.3381503e-03
   1.2284476e-03
   1.1699126e-03
   1.1138442e-03
   1.0222734e-03
   9.5812182e-04
   9.0826229e-04
   8.3277986e-04
   7.9263711e-04
   7.3536470e-04
   6.6784834e-04
   6.1137775e-04
   5.6642541e-04
   5.3906873e-04
   5.1316273e-04
   4.8583272e-04
   4.7251754e-04
   4.6058405e-04
   4.3280043e-04
   4.1982172e-04
   3.9921276e-04
   3.6630911e-04
   3.3938653e-04
   3.1206563e-04
   2.8687684e-04
   2.6065974e-04
   2.4126197e-04
   2.2534219e-04
   2.0256535e-04
   1.8402861e-04
   1.7198448e-04
   1.5118679e-04
   1.3235328e-04
   1.1352433e-04
   9.2560672e-05
   7.2214649e-05
   5.6034608e-05
   3.7746487e-05
   2.1859772e-05
   6.9027569e-06
  -6.2276910e-06
  -1.8729704e-05
  -2.9721321e-05
  -4.0339820e-05
  -4.8177029e-05
  -5.6306587e-05
  -6.2684780e-05
  -6.7636110e-05
  -7.2540711e-05
  -7.6756741e-05
  -7.9454402e-05
  -8.1789554e-05
  -8.3598841e-05
  -8.4868597e-05
  -8.5362571e-05
  -8.5416589e-05
  -8.4813277e-05
  -8.3747229e-05
  -8.2144903e-05
  -8.0192435e-05
  -7.7731674e-05
  -7.4901896e-05
  -7.1669259e-05
  -6.8107957e-05
  -6.4183170e-05
  -5.9956401e-05
  -5.5426284e-05
  -5.0628158e-05
  -4.5573152e-05
  -4.0281702e-05
