  -1.0432600e-05
  -8.4206842e-06
   1.7160862e-06
   3.8558100e-05
   6.7442100e-05
   5.5757930e-05
   6.8821042e-05
   1.6521766e-04
   2.7315785e-04
   1.9731002e-04
   4.9173652e-05
   5.6917473e-05
   5.9833958e-05
  -7.2167703e-05
  -4.1136644e-04
  -6.2161012e-04
  -3.0901602e-04
   5.8029424e-05
  -3.1716655e-04
  -1.3197372e-03
  -1.9751414e-03
  -1.2019491e-03
   5.8552927e-04
   1.3524288e-03
   1.3840835e-03
   1.7601735e-03
   1.9443163e-03
   1.0587173e-03
   5.0256241e-04
   1.8857443e-03
   2.0510798e-03
   2.7820513e-04
  -5.4907948e-04
   3.3800187e-04
   2.7755239e-03
   4.6878253e-03
   3.8207060e-03
   1.1544999e-03
  -1.2821664e-03
  -8.8584899e-04
   1.8713687e-04
  -4.1206830e-03
  -9.6890644e-03
  -9.6981788e-03
  -5.9609210e-03
  -2.1572211e-03
   6.4431851e-04
   3.1555217e-03
   5.0213890e-03
   3.8633962e-03
   1.0551676e-03
   7.8524176e-04
   2.0180280e-03
   1.9869191e-03
  -3.1306127e-04
  -2.0186720e-03
   8.1383465e-04
   5.7530263e-03
   9.5419140e-03
   9.2955425e-03
   4.6156963e-03
   1.6322887e-03
   9.7480076e-04
  -1.6042798e-03
  -3.6075174e-03
  -4.1509514e-03
  -5.4414681e-03
  -5.1740626e-03
  -2.3548226e-03
   2.0133016e-03
   6.4814218e-03
   8.6009302e-03
   5.7158048e-03
  -1.3879257e-03
  -4.9656440e-03
  -4.1793096e-03
  -5.8232887e-03
  -7.9841010e-03
  -7.0095633e-03
  -4.1676192e-03
   1.0819474e-03
   5.8056713e-03
   6.4649395e-03
   6.4904488e-03
   5.4145289e-03
   2.2237287e-03
   1.4816889e-03
   1.9458881e-03
   4.1719308e-04
  -2.1488381e-03
  -3.9829416e-03
  -1.5233530e-03
   4.9098663e-03
   7.9462246e-03
   5.3564153e-03
   3.4219229e-03
   2.8162601e-03
  -2.1385776e-05
  -4.1644101e-03
  -6.7200651e-03
  -5.1539128e-03
  -4.5715872e-03
  -7.9114263e-03
  -6.0600546e-03
   1.7401765e-03
   6.7612707e-03
   5.9233502e-03
   4.0328686e-03
   6.6497700e-03
   7.6978556e-03
   2.6836817e-03
  -2.6023183e-03
  -3.8134582e-03
  -1.6041161e-03
  -1.4991427e-03
  -2.7643029e-03
  -1.8262008e-03
   2.2576210e-03
   8.3531070e-03
   8.1809930e-03
   4.3109821e-03
   3.8826837e-03
   1.4339777e-03
  -2.3077772e-03
  -1.7687203e-03
   8.7778579e-04
   4.2814014e-03
   6.7292122e-03
   6.0953550e-03
   3.7564143e-03
   1.8005277e-03
   3.5478757e-03
   3.8232275e-03
  -1.3075338e-03
  -4.4556766e-03
  -6.4813126e-03
  -1.1925073e-02
  -1.8979586e-02
  -1.9046606e-02
  -7.4542021e-03
   2.5362693e-03
   7.0509763e-03
   1.0577611e-02
   1.0429958e-02
   1.3246819e-02
   1.6858069e-02
   1.1804130e-02
   5.4740287e-03
   5.7038743e-03
   5.9452246e-03
  -2.8495412e-05
  -6.0644754e-03
  -1.0928934e-02
  -1.3333159e-02
  -3.4067286e-03
   1.0849229e-02
   1.7924285e-02
   1.9164602e-02
   1.1378539e-02
  -1.1303768e-04
  -8.6065189e-03
  -1.9321238e-02
  -2.4611495e-02
  -1.6316774e-02
  -5.8969240e-03
  -3.5682329e-03
  -3.1874601e-03
   3.4426294e-03
   1.0420309e-02
   1.6628736e-02
   2.7214927e-02
   3.2166806e-02
   2.4556045e-02
   4.7627595e-03
  -1.7413117e-02
  -2.6146527e-02
  -2.6273364e-02
  -1.9939268e-02
  -8.4864277e-03
  -2.3978948e-03
   3.5523728e-03
   1.2337348e-02
   1.8607043e-02
   2.2017014e-02
   2.3522138e-02
   2.4809500e-02
   2.3176120e-02
   1.3746853e-02
   6.9318566e-04
  -5.9835377e-03
  -7.3062766e-03
  -1.0698455e-02
  -1.0002085e-02
  -3.7748286e-03
  -1.5056810e-03
  -4.8578217e-03
  -1.4029671e-02
  -2.3299027e-02
  -2.1879371e-02
  -1.3983390e-02
  -9.7189945e-03
  -7.4809121e-03
  -1.3417754e-03
   9.7373869e-03
   2.0103108e-02
   2.3128420e-02
   1.7667773e-02
   1.2139888e-02
   9.4386106e-03
   4.2564160e-03
   4.3705911e-03
   4.0700028e-03
  -4.7054209e-03
  -9.1341692e-03
  -8.9729925e-03
  -1.2527057e-02
  -1.5218794e-02
  -1.0677847e-02
  -3.6265866e-03
   1.7706086e-03
  -4.2690560e-04
  -5.7961203e-03
  -5.1707007e-05
   7.3126949e-03
   9.2795842e-03
   1.3214618e-02
   1.6783080e-02
   1.5006927e-02
   1.0147708e-02
   6.8316423e-03
   5.9829810e-03
   6.0437143e-03
   8.7578390e-03
   1.3870634e-02
   1.1105872e-02
   6.0575768e-04
  -1.2348918e-02
  -2.3820674e-02
  -2.3671679e-02
  -1.5864986e-02
  -7.0126524e-03
   1.5738913e-04
   1.6330637e-03
  -3.7526594e-03
  -1.3672628e-02
  -1.6132959e-02
  -8.7368269e-03
  -5.0425430e-03
  -2.7662240e-03
   8.3476275e-03
   1.5110732e-02
   9.2920168e-03
   4.0865069e-04
  -6.9433723e-03
  -3.8747700e-03
   1.1153682e-02
   2.3089561e-02
   2.0331458e-02
   2.0691557e-03
  -9.0950375e-03
  -9.1956120e-03
  -2.2002278e-02
  -2.8522046e-02
  -1.6568483e-02
  -2.8222854e-03
   1.5927968e-02
   2.7486174e-02
   2.8761311e-02
   2.5209550e-02
   6.9310270e-03
  -6.5820836e-03
  -8.7012645e-03
  -5.3373898e-03
   4.9654585e-04
  -7.7463746e-03
  -1.1446978e-02
   2.7218310e-03
   1.0985585e-02
   5.5108682e-03
   3.7671878e-03
   1.3323008e-02
   2.0945777e-02
   2.0302532e-02
   6.0756746e-03
  -1.6982068e-02
  -2.6114545e-02
  -2.2858700e-02
  -2.0949924e-02
  -1.6465224e-02
  -4.6582227e-03
   3.1216293e-03
   2.0575526e-03
   4.6839831e-03
   5.7904661e-03
   8.5962911e-04
  -3.5436186e-03
  -7.8737900e-03
  -5.6700365e-03
  -8.4376904e-04
   4.8293980e-03
   2.1999331e-02
   3.2436853e-02
   2.2139594e-02
   1.5091848e-02
   2.0851468e-02
   2.4995389e-02
   1.6928255e-02
  -6.7109617e-04
  -1.8929266e-02
  -3.2203045e-02
  -2.5176585e-02
  -1.9098018e-03
   4.5525617e-03
  -1.6448414e-02
  -3.5587146e-02
  -2.8133676e-02
  -4.3269513e-03
   1.1833711e-02
   6.9414403e-03
   3.9680203e-03
   1.2598116e-02
   1.2466477e-02
   5.8517888e-03
  -8.4151938e-04
   2.8879634e-03
   2.0325673e-02
   3.7475510e-02
   3.6532966e-02
   1.2289866e-02
  -2.5504811e-02
  -6.8200393e-02
  -7.6061663e-02
  -4.1032839e-02
  -1.4893297e-02
  -1.0716400e-02
   1.1410739e-03
   2.4722614e-02
   3.9411902e-02
   4.8853940e-02
   4.6656452e-02
   2.2838834e-02
   7.2925669e-04
   1.3093894e-04
   1.4954751e-02
  -1.4750851e-03
  -4.1338797e-02
  -4.5805597e-02
  -2.5952779e-02
  -5.0649414e-03
   5.6162564e-03
   5.6409252e-03
   3.0620640e-03
  -1.0964736e-02
  -1.8383278e-02
  -1.3930232e-02
  -2.0473031e-02
  -3.3733603e-02
  -3.6374474e-02
  -3.2052195e-02
  -2.0134217e-02
   1.0215307e-02
   2.8526412e-02
   2.5541596e-02
   2.7973001e-02
   1.7127898e-02
  -1.3394613e-02
  -3.2486409e-02
  -2.9956875e-02
  -2.0427404e-02
  -2.3277087e-02
  -3.9692319e-02
  -5.6297805e-02
  -5.7317849e-02
  -4.1982697e-02
  -2.5069505e-02
  -1.2766541e-02
  -2.4809064e-02
  -4.8962003e-02
  -4.0203268e-02
  -1.0078941e-02
   7.4647900e-03
   3.8981071e-03
   1.3110813e-02
   4.7827674e-02
   6.6769275e-02
   7.3925956e-02
   7.5964625e-02
   5.6817924e-02
   3.2225968e-02
   1.9390769e-02
   4.8874243e-03
  -2.1152623e-02
  -1.5789124e-02
   1.9484860e-02
   3.4165634e-02
   3.1199484e-02
   2.1920303e-02
   2.0851795e-03
  -1.7415628e-02
  -1.2113473e-02
   6.5719213e-03
   1.4919167e-02
   2.3296517e-02
   2.7486174e-02
   1.5295530e-02
  -8.3416786e-03
  -2.0345648e-02
  -8.2919043e-03
   1.0066628e-02
   1.6841696e-02
   1.3091383e-02
   1.7442698e-02
   3.2158620e-02
   3.8137202e-02
   2.6605738e-02
   1.9465649e-02
   1.9927152e-02
   6.5388477e-03
  -1.2599099e-02
  -3.7708882e-02
  -7.8212542e-02
  -1.0404416e-01
  -9.2556030e-02
  -7.7102882e-02
  -7.4652266e-02
  -7.0088211e-02
  -6.2137871e-02
  -5.1566089e-02
  -3.9129084e-02
  -1.6326926e-02
   1.6500153e-02
   4.2095562e-02
   5.2058155e-02
   4.9276366e-02
   3.9481651e-02
   2.4829039e-02
   8.6558237e-03
  -1.2868927e-02
  -3.4885505e-02
  -4.2831915e-02
  -4.6616611e-02
  -6.3931708e-02
  -8.1710163e-02
  -8.1674906e-02
  -7.4959535e-02
  -6.6755521e-02
  -6.6277973e-02
  -7.8155127e-02
  -7.7083126e-02
  -6.4612283e-02
  -5.9152073e-02
  -7.3969617e-02
  -9.7775665e-02
  -1.0212054e-01
  -9.8570633e-02
  -1.0113630e-01
  -1.0239583e-01
  -1.0266620e-01
  -1.0636314e-01
  -1.1313047e-01
  -1.1736455e-01
  -1.0654979e-01
  -8.2948733e-02
  -6.3268815e-02
  -4.6988826e-02
  -2.9624392e-02
  -1.6692810e-02
  -7.9651846e-03
   2.0919143e-03
   1.2431329e-02
   2.8123088e-02
   5.7868640e-02
   9.6179288e-02
   1.3582794e-01
   1.6371461e-01
   1.6158501e-01
   1.3199555e-01
   9.0962273e-02
   5.0502929e-02
   2.1041395e-02
   5.8158117e-04
  -1.6588568e-02
  -2.5631211e-02
  -3.6229518e-02
  -5.0157130e-02
  -5.5051267e-02
  -5.8590694e-02
  -5.9900433e-02
  -5.3890851e-02
  -4.9275165e-02
  -4.0090185e-02
  -1.7574119e-02
   6.0778795e-03
   7.6643999e-03
  -1.1187519e-02
  -1.5325765e-02
   1.1750536e-02
   4.6401359e-02
   6.4519720e-02
   7.0972467e-02
   7.9669202e-02
   9.5176818e-02
   1.1307261e-01
   1.2503152e-01
   1.3145305e-01
   1.3218329e-01
   1.2734995e-01
   1.2351210e-01
   1.2103540e-01
   1.1688536e-01
   1.1214262e-01
   1.0617659e-01
   9.6459814e-02
   8.1321357e-02
   6.9385150e-02
   7.9042003e-02
   1.0034744e-01
   1.1242315e-01
   1.2538082e-01
   1.4969923e-01
   1.8341908e-01
   2.2166446e-01
   2.5307679e-01
   2.7032094e-01
   2.7305197e-01
   2.6377825e-01
   2.4059394e-01
   2.0193487e-01
   1.5249030e-01
   9.7885256e-02
   4.4316736e-02
  -8.9392093e-03
  -6.1620590e-02
  -1.0637154e-01
  -1.2776256e-01
  -1.0228776e-01
  -3.8805115e-02
   5.0621361e-04
  -2.4521879e-02
  -4.5944441e-02
  -2.1160919e-02
  -1.2540374e-02
  -9.9848390e-03
  -1.7967838e-03
  -2.7708630e-02
  -6.5240901e-02
  -1.0402670e-01
  -1.3503112e-01
  -1.5671456e-01
  -1.8294535e-01
  -2.0123847e-01
  -2.0101361e-01
  -1.7904201e-01
  -1.6408573e-01
  -1.6150205e-01
  -1.4843850e-01
  -1.1751627e-01
  -7.0830240e-02
  -2.7918751e-02
  -3.0568792e-04
   2.0625737e-02
   3.4266165e-02
   3.4974465e-02
   3.3231167e-02
   3.8546202e-02
   5.5222529e-02
   7.4779212e-02
   8.5176457e-02
   8.1177601e-02
   5.6230894e-02
   1.7532531e-02
  -8.3167150e-03
  -2.5769291e-03
  -1.0949673e-03
  -4.2010094e-02
  -9.4198034e-02
  -1.2180384e-01
  -1.2395527e-01
  -1.1166780e-01
  -1.0701861e-01
  -1.1119626e-01
  -1.0721246e-01
  -9.3209645e-02
  -7.2670248e-02
  -6.6421073e-02
  -8.9804149e-02
  -1.2253845e-01
  -1.4172553e-01
  -1.5115971e-01
  -1.7009466e-01
  -1.9760473e-01
  -2.1602447e-01
  -2.1256429e-01
  -1.9695854e-01
  -1.9062870e-01
  -1.9561595e-01
  -2.0700398e-01
  -2.1803509e-01
  -2.1710728e-01
  -2.0724303e-01
  -1.9527102e-01
  -1.8281437e-01
  -1.7441606e-01
  -1.6643800e-01
  -1.5278938e-01
  -1.3411750e-01
  -1.1943738e-01
  -1.1476123e-01
  -1.0614166e-01
  -9.0407334e-02
  -7.1478832e-02
  -3.6692549e-02
   4.8691628e-03
   3.8505815e-02
   6.7367220e-02
   8.7131405e-02
   1.0057830e-01
   1.1587241e-01
   1.3626784e-01
   1.7057166e-01
   2.1426272e-01
   2.4425824e-01
   2.4803278e-01
   2.2556999e-01
   1.8360574e-01
   1.4755545e-01
   1.3410550e-01
   1.3656583e-01
   1.4801499e-01
   1.6094319e-01
   1.7364543e-01
   1.8610100e-01
   1.9388040e-01
   1.9631563e-01
   1.9015388e-01
   1.7841328e-01
   1.5981453e-01
   1.3168228e-01
   9.3389858e-02
   4.3041490e-02
   9.4524404e-04
  -1.5120447e-02
  -5.6828403e-03
   3.6167846e-02
   1.0834548e-01
   1.4067766e-01
   1.1198653e-01
   1.1600122e-01
   1.4505364e-01
   1.4559614e-01
   1.4779122e-01
   1.4792766e-01
   1.4256493e-01
   1.4485498e-01
   1.4788291e-01
   1.5778209e-01
   1.6153698e-01
   1.5058775e-01
   1.3825662e-01
   1.3169101e-01
   1.2734341e-01
   1.1051732e-01
   8.0673637e-02
   6.7411864e-02
   8.0293017e-02
   7.6821156e-02
   4.7327313e-02
   2.9311120e-02
   2.6617636e-02
   2.6977953e-02
   3.8056319e-02
   5.7841352e-02
   7.4526193e-02
   8.9465990e-02
   1.0898109e-01
   1.2900910e-01
   1.4174191e-01
   1.4213923e-01
   1.2391051e-01
   9.3103110e-02
   6.4505203e-02
   4.4979847e-02
   3.8545329e-02
   4.1477641e-02
   4.0017488e-02
   2.7663877e-02
   9.0271765e-03
  -1.7032279e-02
  -5.3481633e-02
  -9.1028639e-02
  -1.2176782e-01
  -1.4111318e-01
  -1.4537783e-01
  -1.4014171e-01
  -1.3412733e-01
  -1.3007880e-01
  -1.2725062e-01
  -1.3082214e-01
  -1.4142318e-01
  -1.4716904e-01
  -1.4063618e-01
  -1.2078762e-01
  -9.2509749e-02
  -7.0481602e-02
  -6.2641398e-02
  -6.5133602e-02
  -6.7459346e-02
  -6.1130926e-02
  -4.9209782e-02
  -3.1842073e-02
  -9.5675215e-03
   6.3264340e-03
   1.0036382e-02
   9.8088282e-03
   1.5183210e-02
   1.3429542e-02
  -8.5863581e-03
  -4.0453013e-02
  -6.7622640e-02
  -8.1188516e-02
  -7.4667548e-02
  -4.5042938e-02
  -1.8496143e-02
  -1.9315125e-02
  -2.4872591e-02
  -9.8361822e-03
   2.0188139e-02
   4.8339607e-02
   7.2040648e-02
   9.2397866e-02
   1.0796912e-01
   1.2235616e-01
   1.3008972e-01
   1.2878860e-01
   1.1923326e-01
   8.9574708e-02
   3.9666013e-02
  -7.8015301e-03
  -3.6183564e-02
  -5.9662914e-02
  -9.1405111e-02
  -1.1528626e-01
  -1.2370094e-01
  -1.2741654e-01
  -1.2228084e-01
  -1.1161213e-01
  -1.1530590e-01
  -1.2718404e-01
  -1.2447593e-01
  -9.1966708e-02
  -4.4120368e-02
  -9.1812910e-03
   9.1587616e-03
   2.3614592e-02
   4.8175766e-02
   7.9024102e-02
   1.0041184e-01
   9.9821211e-02
   8.0387544e-02
   5.6594268e-02
   4.2038802e-02
   4.6547953e-02
   5.8640141e-02
   5.3456090e-02
   1.6710602e-02
  -4.4754771e-02
  -1.0390302e-01
  -1.3161023e-01
  -1.2760319e-01
  -1.1291980e-01
  -1.0339720e-01
  -1.0581693e-01
  -1.1387926e-01
  -1.1141347e-01
  -8.8504125e-02
  -5.7632759e-02
  -3.9152771e-02
  -3.4005287e-02
  -2.4137767e-02
  -4.0695225e-03
   1.1259234e-02
   1.6308479e-02
   7.9995572e-03
  -1.5511982e-02
  -4.0721859e-02
  -5.6966919e-02
  -5.3878298e-02
  -2.1757991e-02
   1.1940573e-02
   1.5406648e-02
   1.7411152e-02
   3.9454909e-02
   4.3399297e-02
   3.9297181e-02
   6.6591681e-02
   1.0374682e-01
   1.3301396e-01
   1.4649775e-01
   1.4491283e-01
   1.3797173e-01
   1.0291998e-01
   2.2345786e-02
  -8.9818449e-02
  -1.9705460e-01
  -2.7849330e-01
  -2.9642730e-01
  -2.1388723e-01
  -1.4269701e-01
  -1.8394957e-01
  -2.1596334e-01
  -1.7876694e-01
  -1.5935172e-01
  -1.3459778e-01
  -1.1509524e-01
  -1.1818866e-01
  -9.2255857e-02
  -7.2963108e-02
  -5.2663960e-02
  -3.4765544e-02
  -3.3612660e-02
  -2.9538487e-02
  -2.4816595e-02
  -1.1444031e-02
  -2.6258738e-02
  -6.6334405e-02
  -1.0205243e-01
  -1.3017268e-01
  -1.6661919e-01
  -2.0484164e-01
  -2.1328361e-01
  -2.0109330e-01
  -1.6667486e-01
  -1.0968447e-01
  -4.5031586e-02
  -8.3119014e-04
   1.4740482e-02
   3.4901550e-02
   6.5157944e-02
   9.8864367e-02
   1.5378050e-01
   2.3170990e-01
   3.1111287e-01
   3.6426759e-01
   3.6759679e-01
   3.2445476e-01
   2.5328309e-01
   1.7945679e-01
   1.2239327e-01
   9.5380062e-02
   9.8196890e-02
   9.5156952e-02
   7.9630889e-02
   7.2883535e-02
   6.9149705e-02
   6.3601189e-02
   5.8925033e-02
   5.8772326e-02
   6.3644087e-02
   6.1540471e-02
   5.1393517e-02
   3.3982910e-02
   1.2543867e-02
   3.1664043e-03
   6.0109790e-03
   9.7771954e-03
  -8.4822143e-03
  -5.3214096e-02
  -8.1468059e-02
  -6.3935419e-02
  -1.1542816e-02
   1.8673846e-02
  -8.3907214e-03
  -3.0897891e-02
  -5.9479862e-03
   2.7679158e-02
   3.1815549e-02
   1.2447484e-02
  -7.2409261e-03
  -8.2562437e-03
   1.6540213e-02
   4.0042266e-02
   3.7317892e-02
   2.5201036e-02
   1.5415162e-02
   2.0249592e-03
  -1.6664866e-02
  -3.3946125e-02
  -3.2833519e-02
  -1.8630730e-02
  -7.2744473e-03
  -7.6092226e-03
  -1.8333503e-02
  -1.9139060e-02
   2.6358941e-03
   3.0602521e-02
   3.9385596e-02
   4.3759724e-02
   5.9189840e-02
   7.1337369e-02
   7.7065988e-02
   7.5853724e-02
   7.0033743e-02
   6.4610318e-02
   5.2000304e-02
   2.7362066e-02
   8.0415815e-04
  -1.4232042e-02
  -2.0154738e-02
  -2.4426915e-02
  -2.6196957e-02
  -3.1249040e-02
  -4.7802896e-02
  -6.8424267e-02
  -8.0690992e-02
  -8.5473902e-02
  -8.2074846e-02
  -6.4913875e-02
  -5.6715538e-02
  -7.6795941e-02
  -1.0119175e-01
  -1.1099432e-01
  -1.1690828e-01
  -1.2483832e-01
  -1.2613398e-01
  -1.1986527e-01
  -1.0903806e-01
  -9.4501155e-02
  -8.1407697e-02
  -7.3999853e-02
  -7.4581098e-02
  -7.6118968e-02
  -7.2350209e-02
  -6.2654933e-02
  -4.5093258e-02
  -2.9127523e-02
  -1.8751781e-02
  -7.7123840e-03
   1.7407987e-03
   2.6099809e-04
  -1.7247530e-02
  -3.8620536e-02
  -4.7458297e-02
  -4.1252238e-02
  -4.1481680e-02
  -6.3222643e-02
  -8.3593288e-02
  -8.2942621e-02
  -6.6723867e-02
  -5.1303683e-02
  -5.2659266e-02
  -6.4150343e-02
  -7.0430299e-02
  -6.6211934e-02
  -4.7730200e-02
  -2.8171006e-02
  -1.5462099e-02
   5.3301310e-03
   3.3724325e-02
   6.1693833e-02
   9.1149254e-02
   1.1242861e-01
   1.1120936e-01
   9.6162478e-02
   8.6805144e-02
   8.9813864e-02
   9.2375708e-02
   8.7943292e-02
   9.3466593e-02
   1.1487038e-01
   1.3333378e-01
   1.2711309e-01
   9.8403846e-02
   6.5106532e-02
   4.1010571e-02
   3.5914608e-02
   4.4413229e-02
   5.7738965e-02
   7.4710445e-02
   9.2059380e-02
   1.0607552e-01
   1.0928824e-01
   9.4908190e-02
   6.7952395e-02
   3.9365075e-02
   2.0233329e-02
   1.2413974e-02
   5.1671750e-03
  -8.6424851e-03
  -2.5131504e-02
  -3.4437646e-02
  -3.0038740e-02
  -1.6908171e-02
  -1.3831556e-02
  -3.3066017e-02
  -5.9735938e-02
  -7.7171104e-02
  -8.6195628e-02
  -9.2187527e-02
  -9.6656618e-02
  -9.4832546e-02
  -8.8527812e-02
  -8.1953795e-02
  -6.1520059e-02
  -2.8162165e-02
  -4.9389668e-03
   6.9793495e-03
   2.3007586e-02
   4.5963433e-02
   6.6756504e-02
   8.2601296e-02
   9.8053244e-02
   1.1245917e-01
   1.2344224e-01
   1.3354008e-01
   1.4754890e-01
   1.6695211e-01
   1.9080444e-01
   2.1363727e-01
   2.2521633e-01
   2.1815297e-01
   1.8816837e-01
   1.3846947e-01
   8.5820465e-02
   4.5183419e-02
   1.8815091e-02
   6.6144150e-03
   2.9708222e-03
  -4.9756753e-03
  -2.0838478e-02
  -3.4360256e-02
  -3.8856308e-02
  -3.9235509e-02
  -4.0123695e-02
  -4.7264658e-02
  -6.0863498e-02
  -6.1253942e-02
  -3.2910582e-02
   1.6878590e-03
   7.5459787e-03
  -1.4203990e-02
  -3.3417384e-02
  -2.7234247e-02
  -8.6809401e-03
  -5.8017308e-03
  -1.7276675e-02
  -2.5999497e-02
  -2.6621347e-02
  -2.6344205e-02
  -2.9920963e-02
  -3.1662624e-02
  -3.1347278e-02
  -3.1970984e-02
  -2.5339770e-02
  -8.1784933e-03
   3.8214701e-03
  -5.2312812e-03
  -2.5017329e-02
  -4.1944711e-02
  -6.2090498e-02
  -8.2115124e-02
  -9.2776412e-02
  -8.7382132e-02
  -6.3402638e-02
  -4.0095970e-02
  -3.4759650e-02
  -3.3355712e-02
  -1.8784309e-02
  -9.6567985e-03
  -2.3597345e-02
  -3.8936755e-02
  -3.3087738e-02
  -1.0895805e-02
   1.4292186e-02
   3.5935893e-02
   5.6307083e-02
   8.2618542e-02
   1.0087990e-01
   9.4744895e-02
   8.1571210e-02
   6.8826718e-02
   3.8694542e-02
  -1.2739471e-02
  -6.6103435e-02
  -1.1460841e-01
  -1.5340283e-01
  -1.5899370e-01
  -1.3862774e-01
  -1.1219611e-01
  -8.2001168e-02
  -5.0798409e-02
  -2.3783125e-02
  -1.5039673e-02
  -3.0435078e-02
  -5.3039013e-02
  -6.8541062e-02
  -6.8092221e-02
  -5.3182551e-02
  -3.5579397e-02
  -1.7227337e-02
  -1.0629502e-02
  -2.8456226e-02
  -5.4133718e-02
  -6.1995643e-02
  -5.7647494e-02
  -6.6784120e-02
  -8.7461596e-02
  -1.0482559e-01
  -1.1444686e-01
  -1.1445669e-01
  -1.0414556e-01
  -9.5830541e-02
  -1.0290088e-01
  -1.1499482e-01
  -1.1933914e-01
  -1.0294203e-01
  -6.4273141e-02
  -3.2851748e-02
  -1.9333681e-02
  -3.7145210e-03
   2.5462896e-02
   6.1186703e-02
   9.4748497e-02
   1.1743113e-01
   1.2463093e-01
   1.3524179e-01
   1.6417305e-01
   1.9893969e-01
   2.2544555e-01
   2.4314159e-01
   2.5305714e-01
   2.5313028e-01
   2.4200203e-01
   2.1464258e-01
   1.6670542e-01
   1.0784687e-01
   5.7564865e-02
   1.7766558e-02
  -2.0780627e-02
  -6.1425096e-02
  -1.0136596e-01
  -1.1757849e-01
  -1.0521888e-01
  -8.6099354e-02
  -7.6755445e-02
  -7.6707308e-02
  -6.1407522e-02
  -4.6588667e-02
  -5.6629524e-02
  -7.2405768e-02
  -9.2380838e-02
  -1.1149861e-01
  -1.2600627e-01
  -1.4799207e-01
  -1.6812224e-01
  -1.6797816e-01
  -1.3998235e-01
  -1.0211748e-01
  -7.1963804e-02
  -5.9498637e-02
  -6.5346671e-02
  -7.9986403e-02
  -9.6573661e-02
  -1.1012982e-01
  -1.3052524e-01
  -1.4941871e-01
  -1.5145770e-01
  -1.3639445e-01
  -1.1129450e-01
  -9.1362868e-02
  -7.5697197e-02
  -5.9128605e-02
  -4.0920519e-02
  -1.6501681e-02
   1.3205995e-02
   3.9170781e-02
   5.7862746e-02
   7.7023637e-02
   1.0664901e-01
   1.4759474e-01
   1.8384369e-01
   2.0402081e-01
   2.1886793e-01
   2.4687466e-01
   2.8395427e-01
   3.0807512e-01
   3.1000278e-01
   2.9297694e-01
   2.6343332e-01
   2.2399053e-01
   1.7475007e-01
   1.2145237e-01
   7.6681657e-02
   4.3614440e-02
   1.3583340e-02
  -1.8180797e-02
  -5.0962249e-02
  -7.8605387e-02
  -9.7613571e-02
  -1.1260653e-01
  -1.2623877e-01
  -1.3723276e-01
  -1.3918552e-01
  -1.3319733e-01
  -1.3632678e-01
  -1.4718323e-01
  -1.4449041e-01
  -1.2186169e-01
  -9.0723881e-02
  -5.8946645e-02
  -2.2880640e-02
   1.4294260e-02
   2.7365559e-02
   5.2255397e-03
  -1.4934667e-02
  -4.1514535e-04
   3.7023940e-02
   7.0924221e-02
   9.4840405e-02
   1.2409717e-01
   1.5491243e-01
   1.7094060e-01
   1.7588746e-01
   1.7874074e-01
   1.8351514e-01
   1.8600167e-01
   1.8338743e-01
   1.7844494e-01
   1.7090021e-01
   1.6153371e-01
   1.5057901e-01
   1.3966689e-01
   1.2901674e-01
   1.1306716e-01
   9.8868951e-02
   9.7293641e-02
   1.0883940e-01
   1.3012902e-01
   1.4917093e-01
   1.5789561e-01
   1.5943249e-01
   1.5223051e-01
   1.2721024e-01
   8.9290689e-02
   4.6617375e-02
   8.0472357e-04
  -4.4038394e-02
  -8.4185011e-02
  -1.1379412e-01
  -1.2541793e-01
  -1.1413905e-01
  -1.0597040e-01
  -1.2220553e-01
  -1.4152578e-01
  -1.5377395e-01
  -1.6476903e-01
  -1.6872368e-01
  -1.7951137e-01
  -2.1445374e-01
  -2.5502519e-01
  -2.7781545e-01
  -2.7380731e-01
  -2.5521512e-01
  -2.3965522e-01
  -2.3175247e-01
  -2.2183255e-01
  -1.9943852e-01
  -1.6794869e-01
  -1.3002204e-01
  -9.2696075e-02
  -6.8721166e-02
  -6.4642628e-02
  -5.9132862e-02
  -2.6416574e-02
   2.9125121e-02
   9.4605178e-02
   1.5277956e-01
   1.9005455e-01
   2.1250425e-01
   2.3007695e-01
   2.4247794e-01
   2.4727416e-01
   2.4608766e-01
   2.4435430e-01
   2.4308047e-01
   2.4062232e-01
   2.3814125e-01
   2.3197296e-01
   2.1884719e-01
   1.9918419e-01
   1.7191971e-01
   1.2290630e-01
   5.1321912e-02
  -1.6088861e-02
  -7.2615780e-02
  -1.2529677e-01
  -1.8362757e-01
  -2.6040866e-01
  -3.3141224e-01
  -3.5179456e-01
  -3.2376928e-01
  -2.8394226e-01
  -2.6697100e-01
  -2.7690292e-01
  -2.6233414e-01
  -2.2097897e-01
  -1.7799522e-01
  -1.3193661e-01
  -1.0673863e-01
  -8.9939064e-02
  -5.9585305e-02
  -3.1184311e-02
  -7.8991901e-03
   2.7728059e-03
   1.4456026e-03
   1.8825679e-02
   4.5564257e-02
   5.8907786e-02
   6.3129972e-02
   6.5099983e-02
   7.1228979e-02
   8.7945475e-02
   1.2085857e-01
   1.4921350e-01
   1.5613277e-01
   1.5660322e-01
   1.6409337e-01
   1.7118620e-01
   1.7562767e-01
   1.8054833e-01
   1.8017175e-01
   1.7665808e-01
   1.7225263e-01
   1.6800436e-01
   1.6443284e-01
   1.6191356e-01
   1.6237965e-01
   1.6296144e-01
   1.6301384e-01
   1.5654428e-01
   1.3610738e-01
   1.1970154e-01
   1.1949087e-01
   1.2262468e-01
   1.2162810e-01
   1.0978053e-01
   9.1485666e-02
   7.1056734e-02
   4.3699361e-02
   7.7706286e-03
  -4.5802759e-02
  -1.0145372e-01
  -1.3962978e-01
  -1.6172691e-01
  -1.6880118e-01
  -1.9244830e-01
  -2.2914369e-01
  -2.4642385e-01
  -2.6142598e-01
  -2.5748443e-01
  -2.2533094e-01
  -1.9202697e-01
  -1.7320664e-01
  -1.5938883e-01
  -1.2983757e-01
  -1.0055560e-01
  -7.4205390e-02
  -4.2671786e-02
  -9.8010128e-03
   1.9255091e-02
   3.6596057e-02
   4.5144451e-02
   5.7882830e-02
   7.3393393e-02
   8.2481008e-02
   8.4458005e-02
   7.8527560e-02
   6.0819509e-02
   2.8379709e-02
  -8.2309746e-03
  -2.6455979e-02
  -1.7904637e-02
  -8.8052665e-03
  -1.9947673e-02
  -3.9635013e-02
  -5.1432376e-02
  -5.1775665e-02
  -4.2831260e-02
  -3.8551987e-02
  -5.9356955e-02
  -9.4005050e-02
  -1.1196470e-01
  -1.0047995e-01
  -7.4205172e-02
  -6.0590504e-02
  -7.0816377e-02
  -9.3220451e-02
  -1.0655841e-01
  -1.0404492e-01
  -9.2365229e-02
  -8.4634944e-02
  -8.6160808e-02
  -7.8863536e-02
  -5.1664219e-02
  -1.5241171e-02
   1.7465183e-02
   4.1215781e-02
   5.5479587e-02
   6.7905349e-02
   7.6738090e-02
   8.3770772e-02
   9.3385601e-02
   9.2324078e-02
   8.2516156e-02
   7.8293425e-02
   8.4359985e-02
   8.6834288e-02
   8.0302732e-02
   7.4389314e-02
   6.9205046e-02
   6.4087252e-02
   6.2309679e-02
   6.7737143e-02
   7.2900236e-02
   6.6476960e-02
   5.5620941e-02
   5.7598048e-02
   7.7517668e-02
   1.0185770e-01
   1.1246026e-01
   1.0568049e-01
   8.6720768e-02
   6.1165636e-02
   3.7725910e-02
   2.5075072e-02
   2.5912283e-02
   3.0681002e-02
   2.4114953e-02
  -5.8354703e-05
  -2.7823678e-02
  -4.3366224e-02
  -5.1353785e-02
  -6.0056523e-02
  -7.1956927e-02
  -8.3079063e-02
  -8.2131170e-02
  -6.5600126e-02
  -3.8155103e-02
  -1.3806888e-02
  -1.4380819e-02
  -3.1781820e-02
  -3.3499031e-02
  -2.2548048e-02
  -2.3069040e-02
  -2.7673592e-02
  -2.1561514e-02
  -1.6079474e-02
  -2.0216628e-02
  -1.9168859e-02
  -6.3663298e-03
   1.0479099e-03
  -4.7091540e-03
  -9.4398004e-03
  -5.9559217e-03
  -3.1912259e-03
  -1.0068833e-02
  -2.4268315e-02
  -3.1171977e-02
  -2.5830199e-02
  -2.0916742e-02
  -2.0795799e-02
  -1.4048445e-02
   3.8587680e-03
   1.5961478e-02
   3.3806517e-03
  -2.4521552e-02
  -4.1033821e-02
  -4.0002425e-02
  -3.6821351e-02
  -3.6459614e-02
  -3.4603560e-02
  -3.5320811e-02
  -3.9148623e-02
  -4.0320172e-02
  -4.4469661e-02
  -6.0953550e-02
  -8.1097045e-02
  -8.7640717e-02
  -7.7357320e-02
  -6.2234800e-02
  -5.2893947e-02
  -4.9888938e-02
  -4.6622287e-02
  -3.8540198e-02
  -2.4173678e-02
  -6.0416185e-03
   4.4886084e-03
   7.2216277e-03
   8.7238157e-03
   1.0183270e-02
   1.3985245e-02
   1.9586591e-02
   2.3261915e-02
   1.7578485e-02
  -4.0856228e-04
  -2.2366525e-02
  -3.3404722e-02
  -2.8002800e-02
  -1.4397629e-02
  -1.8081903e-03
  -9.8739058e-04
  -1.4945364e-02
  -2.6260375e-02
  -2.1777421e-02
  -1.8444950e-02
  -2.9938100e-02
  -3.7225657e-02
  -2.3746668e-02
  -2.7217655e-04
   1.8472784e-02
   2.7640409e-02
   2.8710336e-02
   1.9246467e-02
  -1.8157329e-05
  -1.3773705e-02
  -1.6437171e-02
  -1.2550744e-02
  -2.4813976e-03
   1.4234880e-02
   2.9510107e-02
   3.9480778e-02
   4.9991870e-02
   5.3045126e-02
   4.6314691e-02
   4.1636897e-02
   4.1821585e-02
   4.0909386e-02
   4.0092586e-02
   4.4001063e-02
   4.5958412e-02
   4.1333449e-02
   3.7523102e-02
   4.4303638e-02
   5.4466638e-02
   5.1825112e-02
   3.6394995e-02
   1.8575061e-02
   6.3480902e-03
   1.5393659e-03
  -2.7087981e-03
  -1.6648275e-02
  -3.3954530e-02
  -4.0205670e-02
  -3.2826970e-02
  -1.7399254e-02
  -3.3082827e-03
   2.9049368e-03
   3.7159182e-03
   3.7940506e-03
   2.8377635e-03
   7.6165250e-03
   2.2325810e-02
   4.1701516e-02
   5.8804745e-02
   6.1177534e-02
   5.2566049e-02
   4.4766887e-02
   4.2429464e-02
   5.1279014e-02
   5.8875149e-02
   4.8970189e-02
   2.7892555e-02
   1.1136108e-02
   6.4362211e-03
   4.4265871e-03
  -5.3546033e-03
  -1.5217157e-02
  -1.8914639e-02
  -2.0103654e-02
  -1.6683204e-02
  -8.3394846e-03
  -1.1944830e-03
   1.7571390e-03
   2.5415305e-03
   2.0171547e-03
  -3.2600584e-03
  -5.7241660e-03
   6.4469509e-03
   2.7297120e-02
   4.1214580e-02
   4.3894092e-02
   4.0165938e-02
   2.7717799e-02
   7.9681427e-03
  -9.2027943e-03
  -1.7087402e-02
  -2.0592445e-02
  -2.9161360e-02
  -4.0221279e-02
  -4.3422984e-02
  -3.8739295e-02
  -4.1911419e-02
  -5.4487377e-02
  -6.1922183e-02
  -6.0145920e-02
  -5.3490801e-02
  -4.7708478e-02
  -4.3368516e-02
  -3.9667759e-02
  -4.0587163e-02
  -4.6493594e-02
  -4.8253047e-02
  -4.1297537e-02
  -3.5375933e-02
  -3.7131239e-02
  -4.1301030e-02
  -3.6945677e-02
  -2.9069671e-02
  -3.0533099e-02
  -3.4533156e-02
  -3.6058692e-02
  -3.9724737e-02
  -4.1578063e-02
  -3.5742036e-02
  -2.7076956e-02
  -2.2539971e-02
  -1.9823128e-02
  -1.8561963e-02
  -2.4888309e-02
  -3.6974603e-02
  -4.8083313e-02
  -5.5287585e-02
  -5.7289578e-02
  -5.6323566e-02
  -5.3543632e-02
  -4.8196397e-02
  -4.3853159e-02
  -3.9276769e-02
  -3.2405199e-02
  -2.9855034e-02
  -3.2698277e-02
  -3.4927201e-02
  -3.3376014e-02
  -2.6815969e-02
  -1.1903242e-02
   8.3750906e-03
   2.4833842e-02
   3.5761684e-02
   4.1041353e-02
   4.5072082e-02
   5.0698970e-02
   5.0416916e-02
   4.3434117e-02
   4.0556818e-02
   5.0367469e-02
   6.1170985e-02
   6.1804842e-02
   6.0659599e-02
   5.8582289e-02
   5.2198637e-02
   5.0196971e-02
   5.1763440e-02
   5.2540179e-02
   5.4659622e-02
   4.8411757e-02
   2.9649606e-02
   1.3616305e-02
   8.1919957e-03
   3.3860330e-03
  -2.2423612e-03
  -1.2607504e-05
   4.3416653e-03
   3.4671672e-03
   4.4966748e-03
   1.0781816e-02
   1.4743538e-02
   1.2666774e-02
   3.6669081e-03
  -5.5085978e-03
  -1.7842529e-03
   3.8719429e-03
  -2.7041808e-03
  -8.9490004e-03
  -4.6965467e-03
   3.4261908e-03
   4.7059449e-03
   2.8998830e-03
   1.0569762e-02
   2.4556590e-02
   3.4634341e-02
   3.6633606e-02
   3.3502851e-02
   3.1920992e-02
   3.6908565e-02
   4.6956080e-02
   5.6291693e-02
   5.9852077e-02
   5.9385553e-02
   6.3221770e-02
   6.1353600e-02
   4.3514018e-02
   2.5779333e-02
   1.6850319e-02
   7.6698358e-03
  -9.8288361e-04
  -5.0165862e-03
  -8.2358538e-03
  -1.3363395e-02
  -2.5775840e-02
  -4.1878346e-02
  -4.8288959e-02
  -4.4645181e-02
  -3.8908593e-02
  -3.3240008e-02
  -2.7767246e-02
  -2.6243893e-02
  -2.7500801e-02
  -2.6902528e-02
  -2.9421038e-02
  -3.7879926e-02
  -3.9155281e-02
  -2.4900535e-02
  -8.8706933e-03
  -4.7332443e-03
  -5.1745538e-03
  -4.1940454e-04
   2.5831509e-04
  -1.1125193e-02
  -1.7646707e-02
  -7.8307615e-03
   2.7833939e-03
   2.5976029e-03
  -3.3007183e-03
  -6.2084931e-03
  -1.8341799e-03
  -1.1053478e-03
  -1.4512022e-02
  -2.3710429e-02
  -9.4639453e-03
   1.5067070e-02
   2.8240210e-02
   2.7775214e-02
   2.3510022e-02
   2.2087200e-02
   2.2775088e-02
   1.5952091e-02
  -3.2061364e-03
  -1.7550433e-02
  -1.6797707e-02
  -1.6883502e-02
  -2.3647119e-02
  -3.1897851e-02
  -4.5427924e-02
  -6.1085408e-02
  -6.8200393e-02
  -6.6885196e-02
  -6.2234691e-02
  -5.0289206e-02
  -3.2935032e-02
  -2.1851755e-02
  -2.1289284e-02
  -2.7297665e-02
  -3.0145165e-02
  -2.5022787e-02
  -2.3739682e-02
  -3.4361565e-02
  -4.6281726e-02
  -5.1836136e-02
  -5.0221749e-02
  -3.8607328e-02
  -2.0202875e-02
  -2.8091215e-03
   1.0784403e-02
   2.2825845e-02
   2.8984858e-02
   2.6998911e-02
   2.6387758e-02
   2.9609438e-02
   3.4017512e-02
   4.1384533e-02
   4.7290746e-02
   4.7671148e-02
   4.7480346e-02
   5.0396723e-02
   5.1900100e-02
   4.4201361e-02
   2.5526969e-02
   1.2784661e-03
  -1.6585948e-02
  -2.1496240e-02
  -2.2350479e-02
  -2.3383622e-02
  -1.8473766e-02
  -5.7504939e-03
   8.7383005e-03
   1.3173576e-02
   8.2834777e-03
   7.1802583e-03
   1.1030229e-02
   1.6678402e-02
   2.2673138e-02
   2.6686949e-02
   3.2019776e-02
   3.8398407e-02
   3.7241048e-02
   2.8242284e-02
   2.2911203e-02
   2.0581966e-02
   1.2300563e-02
   6.0265880e-03
   1.2945881e-02
   2.5098867e-02
   3.0862307e-02
   3.1906365e-02
   2.9673293e-02
   2.3952205e-02
   2.3442565e-02
   3.1757151e-02
   4.4319684e-02
   5.7633741e-02
   6.3131500e-02
   5.4089074e-02
   3.9137707e-02
   2.8083901e-02
   1.7511137e-02
   8.9028174e-03
   1.3423211e-02
   2.9907210e-02
   4.0809837e-02
   3.3356476e-02
   1.5597559e-02
   5.0204612e-03
   4.8711494e-03
   4.1986735e-03
   5.9135045e-03
   2.0840334e-02
   3.8877048e-02
   4.3312738e-02
   3.6057054e-02
   2.8419004e-02
   1.9993736e-02
   7.4999376e-03
  -3.4867058e-03
  -8.4646842e-03
  -1.0417962e-02
  -1.5075366e-02
  -1.9220925e-02
  -2.0439630e-02
  -2.4531812e-02
  -3.1032260e-02
  -3.0309770e-02
  -1.7073321e-02
  -3.0889596e-03
   1.5394314e-04
   1.3018359e-03
   1.2403822e-02
   2.5888378e-02
   3.1277092e-02
   3.0542704e-02
   2.4410761e-02
   1.7815895e-02
   1.4835227e-02
   1.0811724e-02
   6.3643323e-03
   8.1990361e-04
  -8.7222112e-03
  -1.8372035e-02
  -2.3854839e-02
  -2.8940760e-02
  -3.9899384e-02
  -5.0788149e-02
  -5.1400284e-02
  -4.4418140e-02
  -4.0942132e-02
  -4.3027410e-02
  -4.0610959e-02
  -3.0037649e-02
  -1.8826443e-02
  -1.1947013e-02
  -1.0085752e-02
  -1.2381446e-02
  -1.3348659e-02
  -9.7178483e-03
  -5.0077775e-03
   5.9088545e-04
   6.5483768e-03
   4.5245746e-03
  -5.3368549e-03
  -1.2009995e-02
  -1.2774837e-02
  -9.5633409e-03
  -3.4162578e-03
   1.1413905e-04
  -3.9744058e-05
   3.0416850e-04
   2.2629149e-03
   3.6547811e-03
   1.4460065e-03
  -4.6433778e-03
  -9.5317626e-03
  -8.8365282e-03
  -5.6627450e-03
  -4.2191617e-03
  -4.5406530e-03
  -7.0717593e-03
  -1.3429761e-02
  -1.9160127e-02
  -1.9738534e-02
  -1.9983148e-02
  -2.6232977e-02
  -3.6473258e-02
  -4.1187510e-02
  -3.7732131e-02
  -3.4874589e-02
  -3.7843250e-02
  -3.9232780e-02
  -3.0010688e-02
  -1.5573327e-02
  -1.1900950e-02
  -2.0450872e-02
  -2.2589745e-02
  -1.2725827e-02
  -3.8148445e-03
  -2.8841867e-03
  -8.9841043e-03
  -1.6144202e-02
  -1.6729376e-02
  -1.1013419e-02
  -9.7431502e-03
  -1.5157232e-02
  -1.3756240e-02
  -4.9268725e-03
  -1.4549462e-03
  -4.3500483e-03
  -3.8538779e-03
  -3.5296251e-03
  -1.2841530e-02
  -2.1842040e-02
  -2.1301728e-02
  -1.6658426e-02
  -1.4575113e-02
  -1.5350871e-02
  -1.1928020e-02
   1.5594612e-04
   1.2617327e-02
   1.7096789e-02
   1.6829798e-02
   1.9957824e-02
   2.9540343e-02
   3.8933262e-02
   4.3358801e-02
   4.4521509e-02
   4.6877161e-02
   5.0802448e-02
   5.3035302e-02
   5.1284035e-02
   3.7092271e-02
   1.4848217e-02
   7.0640421e-03
   1.3852077e-02
   1.5796437e-02
   1.0363494e-02
   2.8125817e-03
  -2.1474191e-03
   8.1897362e-04
   7.9190343e-03
   1.3570678e-02
   1.5825036e-02
   1.8847837e-02
   1.9649355e-02
   1.1208368e-02
   2.2243072e-03
  -5.1317109e-03
  -1.2785097e-02
  -1.5488405e-02
  -1.3109721e-02
  -1.0463392e-02
  -1.3104918e-02
  -1.7868617e-02
  -2.0011746e-02
  -1.6471118e-02
  -5.9192678e-03
   2.8422825e-03
   3.4215299e-03
  -3.2419061e-04
  -2.7549702e-04
   4.7878104e-03
   7.7086618e-03
   7.2882880e-03
   6.4810506e-03
   9.4797508e-03
   2.1067811e-02
   3.2161130e-02
   3.1474443e-02
   1.9461392e-02
   2.1580180e-03
  -1.1905644e-02
  -1.6363165e-02
  -9.4064102e-03
  -2.5424037e-05
  -2.0807697e-04
  -5.3589586e-03
  -3.4534356e-03
   3.0251154e-03
   4.8448215e-03
   1.3690857e-03
  -1.9821600e-03
   2.2251040e-06
   5.2669309e-03
   8.0967261e-03
   8.0940300e-03
   9.3124723e-03
   1.2024949e-02
   1.3905890e-02
   1.5847958e-02
   1.5948816e-02
   9.3679007e-03
   6.6613949e-04
  -2.9562501e-03
  -4.7341721e-03
  -7.8425938e-03
  -1.0002293e-02
  -1.1314684e-02
  -1.6588786e-02
  -2.2644431e-02
  -2.2721494e-02
  -1.8296500e-02
  -1.2927434e-02
  -5.7918633e-03
   8.8273592e-03
   2.2260864e-02
   2.0123738e-02
   9.5332253e-03
   2.8681192e-03
   2.9456840e-03
   6.9993902e-03
   7.1002594e-03
   1.8450516e-03
  -1.3013993e-03
  -1.8535766e-03
  -5.3636849e-03
  -1.2050927e-02
  -1.7659914e-02
  -1.5637946e-02
  -5.6083645e-03
   2.5009798e-03
   3.9829198e-03
   3.7995411e-03
   7.0974759e-03
   1.1359219e-02
   1.2197630e-02
   9.6556306e-03
   6.5366755e-03
   4.6598819e-03
   3.7912126e-03
   4.6150742e-03
   5.5722564e-03
   5.7373954e-03
   4.7106603e-03
   4.8665977e-03
   9.3513420e-03
   1.4332355e-02
   1.8367450e-02
   1.9212630e-02
   1.3843236e-02
   8.3926971e-03
   6.4113122e-03
   3.2386097e-03
  -1.2601173e-03
  -1.1188393e-03
   1.8803193e-03
  -7.2827539e-04
  -6.6913030e-03
  -5.5061200e-03
   1.9485078e-03
   6.5985767e-03
   2.3373798e-03
  -8.4240025e-03
  -1.3593164e-02
  -1.2970113e-02
  -1.3003187e-02
  -1.3699589e-02
  -1.6993202e-02
  -2.0123738e-02
  -1.9268516e-02
  -1.6738327e-02
  -1.7151912e-02
  -1.7238689e-02
  -1.0419796e-02
  -1.3639555e-03
   3.8849104e-03
   5.4446990e-03
   6.3066771e-03
   6.9194240e-03
   4.6485735e-03
   4.1902687e-04
  -3.7720452e-03
  -9.6118817e-03
  -1.5404793e-02
  -1.5523007e-02
  -1.1628392e-02
  -9.2402014e-03
  -9.8949834e-03
  -1.0948691e-02
  -1.1146368e-02
  -1.4221018e-02
  -1.9410198e-02
  -2.1009632e-02
  -1.7114363e-02
  -1.0160086e-02
  -2.5500991e-03
   5.6711062e-03
   1.1180424e-02
   7.5786704e-03
  -1.7400673e-03
  -5.6694798e-03
  -5.5394119e-03
  -1.1286085e-02
  -2.1031462e-02
  -2.6166503e-02
  -2.4484003e-02
  -2.0262145e-02
  -1.9385311e-02
  -2.0631086e-02
  -1.7396635e-02
  -8.6389485e-03
   2.9426823e-03
   1.3872162e-02
   1.9210556e-02
   1.7860321e-02
   1.3298339e-02
   8.1575358e-03
   2.3348038e-03
  -3.4828199e-03
  -6.3663625e-03
  -6.5564215e-03
  -7.3174976e-03
  -6.3656967e-03
  -2.6088457e-03
  -7.2262449e-03
  -2.0917833e-02
  -2.7543153e-02
  -2.4031887e-02
  -1.9710918e-02
  -2.1358270e-02
  -2.3384932e-02
  -1.6420252e-02
  -4.8875443e-03
   4.7855290e-03
   8.3710191e-03
   7.4743519e-03
   8.0697978e-03
   7.4320547e-03
   3.4991275e-03
  -2.9221286e-03
  -1.2296415e-02
  -2.0831820e-02
  -2.5786756e-02
  -3.0280953e-02
  -3.3874302e-02
  -3.2769118e-02
  -2.7906199e-02
  -2.1291686e-02
  -1.4676627e-02
  -1.1772476e-02
  -1.1259998e-02
  -7.6559296e-03
  -2.0486129e-03
   2.1420706e-03
   4.5740650e-03
   3.7171844e-03
  -5.9722839e-04
  -3.3325694e-03
  -1.1639526e-03
  -1.0998028e-03
  -6.2237529e-03
  -9.6601932e-03
  -1.1540414e-02
  -1.1149752e-02
  -2.4151520e-03
   9.1609120e-03
   1.3978805e-02
   1.2736414e-02
   9.4441884e-03
   7.8809942e-03
   1.2053875e-02
   1.6544579e-02
   1.2651820e-02
   5.0260389e-03
   2.5986617e-03
   6.0803245e-03
   1.0147926e-02
   8.8096872e-03
   3.9095792e-03
   2.4805898e-03
   4.1456793e-03
   3.6180071e-03
  -7.0778719e-04
  -3.5883390e-03
   3.9554348e-04
   2.5556113e-03
  -2.1691407e-03
  -2.4043130e-03
   6.3867634e-03
   1.3806997e-02
   1.2547141e-02
   7.9251360e-03
   6.4748834e-03
   1.1363148e-02
   1.8772193e-02
   2.2351680e-02
   2.6788135e-02
   3.7918239e-02
   4.6755236e-02
   4.4059024e-02
   3.5690079e-02
   2.5447833e-02
   1.3265484e-02
   2.2661241e-03
  -2.5114804e-03
   2.8157144e-03
   1.0853104e-02
   1.4253109e-02
   1.3016613e-02
   9.3014259e-03
   7.9015151e-03
   1.0501912e-02
   1.3163207e-02
   1.4190455e-02
   1.7764484e-02
   2.4510746e-02
   3.0851282e-02
   3.4507395e-02
   3.3298297e-02
   2.9168783e-02
   2.7026636e-02
   2.7971364e-02
   2.9778080e-02
   2.9152956e-02
   2.6719804e-02
   2.6227410e-02
   2.5180296e-02
   1.7283551e-02
   4.3173894e-03
  -4.2844140e-03
  -3.6268813e-03
   9.5640831e-04
   2.5583620e-03
   3.5031880e-03
   6.5106859e-03
   6.4048721e-03
   1.7454268e-03
  -4.3223887e-03
  -9.8993605e-03
  -1.2221426e-02
  -1.0076528e-02
  -5.3682476e-03
  -3.0051075e-03
  -3.7117158e-03
  -3.8679915e-03
  -6.0205736e-03
  -1.0227303e-02
  -1.1017894e-02
  -8.2387791e-03
  -4.6268519e-03
   1.0253631e-03
   8.1924651e-03
   1.3382934e-02
   1.7553707e-02
   1.9890258e-02
   1.8160603e-02
   1.9131310e-02
   2.5792432e-02
   2.8126035e-02
   2.3193039e-02
   1.5645477e-02
   5.8434058e-03
  -1.4256602e-03
  -2.8100384e-03
  -4.5159296e-03
  -8.1942224e-03
  -9.5217314e-03
  -9.5877259e-03
  -1.0799401e-02
  -1.0327222e-02
  -7.0640202e-03
  -6.0371650e-03
  -9.1918899e-03
  -1.1796490e-02
  -1.2142508e-02
  -1.2865216e-02
  -1.5294766e-02
  -1.8727440e-02
  -2.2710469e-02
  -2.7653180e-02
  -3.2009079e-02
  -3.3595523e-02
  -3.3414218e-02
  -3.4634996e-02
  -3.7298026e-02
  -3.8644768e-02
  -3.7458155e-02
  -3.5911552e-02
  -3.6626402e-02
  -3.7740100e-02
  -3.8034270e-02
  -3.8930751e-02
  -3.9715896e-02
  -3.6813928e-02
  -2.9771531e-02
  -2.3422808e-02
  -1.9168968e-02
  -1.5401518e-02
  -1.1703490e-02
  -8.7884349e-03
  -7.3756003e-03
  -5.2463662e-03
  -1.5178080e-03
   5.4286316e-04
   1.2403713e-03
   3.4378812e-03
   5.7830000e-03
   6.4797190e-03
   4.0561512e-03
   1.2021238e-03
   4.0059185e-03
   9.2627635e-03
   1.1194724e-02
   1.1879774e-02
   1.3483355e-02
   1.5641111e-02
   1.8863773e-02
   2.0999590e-02
   1.9312833e-02
   1.3075119e-02
   3.8812974e-03
  -4.1285094e-03
  -1.1378539e-02
  -1.8526051e-02
  -2.0554678e-02
  -1.6487055e-02
  -1.1584185e-02
  -8.0284503e-03
  -4.7377632e-03
  -6.7165613e-04
   6.6354926e-03
   1.4954533e-02
   1.7114144e-02
   1.4193729e-02
   1.3437620e-02
   1.4955733e-02
   1.4924515e-02
   1.3988083e-02
   1.4151378e-02
   1.5522133e-02
   2.0266948e-02
   2.8114355e-02
   3.4101670e-02
   3.8196800e-02
   4.1879000e-02
   4.4365965e-02
   4.4596498e-02
   4.0087784e-02
   3.2366886e-02
   2.6135394e-02
   2.2009919e-02
   1.7596277e-02
   1.3060493e-02
   1.0321295e-02
   7.7593311e-03
   3.4519075e-03
  -9.2645646e-05
   3.8284123e-04
   4.8900658e-03
   8.0378484e-03
   4.3832857e-03
  -9.8844719e-04
  -3.3688304e-04
   2.5216754e-03
  -1.0779960e-03
  -9.7614008e-03
  -1.5797201e-02
  -1.6977593e-02
  -1.4896681e-02
  -1.1110893e-02
  -7.4827895e-03
  -6.7409899e-03
  -7.5375848e-03
  -4.1404290e-03
   1.1480161e-03
  -5.9931760e-04
  -8.0448452e-03
  -1.1897129e-02
  -1.2003773e-02
  -1.2036628e-02
  -1.0308644e-02
  -5.5540713e-03
   8.7766463e-04
   6.2263726e-03
   7.6665393e-03
   6.0733496e-03
   5.3926872e-03
   6.8637882e-03
   8.4797911e-03
   9.5087966e-03
   1.1819303e-02
   1.2388432e-02
   7.2359050e-03
   5.0362121e-04
  -5.7876281e-03
  -1.3292227e-02
  -1.9491409e-02
  -2.0379813e-02
  -1.9055666e-02
  -2.2622600e-02
  -2.8295879e-02
  -2.6683128e-02
  -1.5716100e-02
  -5.1256419e-03
  -3.7538492e-03
  -6.3192517e-03
  -6.2991564e-03
  -6.4317785e-03
  -6.6475541e-03
  -5.4750111e-03
  -2.8346526e-03
   2.0306243e-03
   4.8691082e-03
   5.6026885e-03
   8.3982422e-03
   1.3534112e-02
   1.8185381e-02
   2.0622244e-02
   2.1083420e-02
   1.7702484e-02
   1.2485251e-02
   7.9469341e-03
   4.5468966e-03
   5.2646932e-03
   9.8516166e-03
   1.4495322e-02
   1.6530170e-02
   1.6907734e-02
   1.6876516e-02
   1.6179568e-02
   1.5672220e-02
   1.5276100e-02
   1.4953441e-02
   1.5597340e-02
   1.7538317e-02
   1.9010476e-02
   1.6418615e-02
   1.1309226e-02
   1.0051980e-02
   1.4094727e-02
   1.7784459e-02
   1.8067059e-02
   1.5928732e-02
   1.0710156e-02
   5.0498017e-03
   1.3813764e-03
  -1.5330459e-03
  -3.4847737e-03
  -4.8897929e-03
  -5.4115490e-03
  -6.4310254e-03
  -9.1091839e-03
  -1.0166275e-02
  -9.5780658e-03
  -7.2327068e-03
  -1.3460760e-03
   6.9707700e-03
   1.4970142e-02
   1.8496689e-02
   1.4711556e-02
   5.8553254e-03
  -1.1177914e-03
  -1.1674128e-03
   5.7399497e-03
   1.4828787e-02
   1.8418753e-02
   1.5335917e-02
   1.0422492e-02
   4.7625630e-03
  -2.8206700e-03
  -1.0656715e-02
  -1.6876189e-02
  -1.9131637e-02
  -1.5743934e-02
  -9.5021055e-03
  -4.4584273e-03
  -1.8042826e-03
   2.9796528e-04
   8.0814336e-04
  -3.0093317e-03
  -5.8471498e-03
  -3.1366053e-03
  -1.1540196e-03
  -5.0538950e-03
  -1.2970113e-02
  -2.0850922e-02
  -2.4620773e-02
  -2.4200858e-02
  -2.4499175e-02
  -2.6897725e-02
  -2.5436044e-02
  -1.7560147e-02
  -1.0187625e-02
  -9.0067975e-03
  -1.2171324e-02
  -1.5053208e-02
  -1.2980919e-02
  -6.3432765e-03
   5.5109009e-04
   4.5878730e-03
   5.7957383e-03
   5.3358070e-03
   8.2475660e-04
  -6.1784540e-03
  -1.2390069e-02
  -1.7122440e-02
  -1.9547732e-02
  -2.2530474e-02
  -2.8736315e-02
  -3.5695645e-02
  -3.6545628e-02
  -3.1340838e-02
  -2.7834921e-02
  -2.7979441e-02
  -2.6379899e-02
  -1.8127966e-02
  -9.6674738e-03
  -7.4250361e-03
  -6.1736839e-03
  -2.3289749e-03
   1.2372495e-03
   1.6460967e-03
  -9.7317436e-04
  -4.1916768e-03
  -4.1379184e-03
  -2.7487157e-03
  -4.4237491e-03
  -6.3434293e-03
  -7.5698616e-03
  -6.5227365e-03
  -2.2383007e-03
  -1.2650183e-03
  -2.7498072e-03
  -1.9402776e-03
  -4.0670666e-04
   5.1379982e-04
   5.1074023e-04
   4.1270576e-04
   1.9117775e-03
   4.7042311e-03
   7.3703391e-03
   7.3695095e-03
   2.6458926e-03
  -3.9433187e-03
  -5.9277927e-03
  -2.8058141e-03
   1.5469521e-03
   7.1358981e-03
   1.2371731e-02
   1.3242998e-02
   9.3806608e-03
   3.8526772e-03
  -9.0676290e-04
  -3.5718240e-03
  -4.1250274e-03
  -5.1736479e-03
  -5.5979403e-03
  -3.2112011e-03
  -4.5647760e-04
   6.3544866e-04
   4.2236698e-04
   1.1652515e-03
   4.9699338e-03
   1.0925222e-02
   1.6927491e-02
   2.0870788e-02
   2.1004283e-02
   1.8960156e-02
   1.8624180e-02
   2.0946759e-02
   2.2129552e-02
   2.0608927e-02
   1.8431960e-02
   1.4245905e-02
   7.2272928e-03
  -3.7376399e-04
  -5.5337141e-03
  -4.8052095e-03
   1.3920517e-04
   4.0583452e-03
   6.9977856e-03
   1.0234256e-02
   9.3380034e-03
   2.6556073e-03
  -3.3070929e-03
  -3.6888589e-03
  -1.4063836e-03
  -1.4884783e-03
  -1.4242849e-03
   1.9360206e-03
   3.6589944e-03
   4.1633513e-03
   7.0313177e-03
   1.0969539e-02
   1.5421712e-02
   1.8347912e-02
   1.8782017e-02
   1.8518301e-02
   1.8524414e-02
   1.7964454e-02
   1.6077509e-02
   1.5503905e-02
   1.7733156e-02
   2.1857540e-02
   2.6046106e-02
   2.7256951e-02
   2.5544980e-02
   2.4570235e-02
   2.3565145e-02
   1.6309352e-02
   5.4898342e-03
   4.1581119e-05
  -2.2450137e-03
  -5.5058362e-03
  -6.3149183e-03
  -4.9973533e-03
  -4.0966255e-03
  -3.6227444e-03
  -5.7575889e-03
  -1.0929043e-02
  -1.6751426e-02
  -2.1899564e-02
  -2.5421090e-02
  -2.6929598e-02
  -2.5400897e-02
  -2.3119251e-02
  -2.4407159e-02
  -2.7135681e-02
  -2.7351587e-02
  -2.4574601e-02
  -2.1723935e-02
  -2.1084839e-02
  -1.8747415e-02
  -1.1918305e-02
  -5.8510357e-03
  -4.1825406e-03
  -2.8856930e-03
   5.9449408e-04
   3.7376180e-03
   5.1658543e-03
   7.1587441e-03
   1.1062647e-02
   1.3676230e-02
   1.1717353e-02
   6.3974605e-03
  -3.0839057e-04
  -7.7976769e-03
  -1.3242452e-02
  -1.4914801e-02
  -1.4273739e-02
  -1.1870933e-02
  -9.0847989e-03
  -8.5329382e-03
  -1.0258717e-02
  -1.1097467e-02
  -9.1411223e-03
  -6.6323599e-03
  -6.1509253e-03
  -7.9849524e-03
  -9.8159123e-03
  -9.3235296e-03
  -7.3176504e-03
  -5.3034647e-03
  -3.7283072e-03
  -3.6544536e-03
  -5.8927216e-03
  -7.8114522e-03
  -7.7153857e-03
  -7.7938238e-03
  -7.5182864e-03
  -5.7219174e-03
  -4.8969534e-03
  -5.1537709e-03
  -4.1332357e-03
  -3.0301365e-03
  -4.0711817e-03
  -4.8776768e-03
  -3.4816083e-03
  -2.1836582e-03
  -3.5253463e-04
   2.1223792e-03
   1.4346217e-03
  -4.5159296e-04
  -8.2127350e-04
  -1.2299799e-03
  -4.0879041e-05
   2.6354138e-03
   4.2907886e-03
   6.1431426e-03
   7.3673155e-03
   6.5696946e-03
   5.5973618e-03
   5.6860058e-03
   8.4749337e-03
   1.3004060e-02
   1.4452861e-02
   1.2397164e-02
   9.1600169e-03
   5.9574717e-03
   6.4587396e-03
   9.7603311e-03
   9.6230044e-03
   7.5640219e-03
   7.7961269e-03
   8.0270422e-03
   6.9854294e-03
   4.8509559e-03
  -4.9960762e-04
  -6.4916495e-03
  -1.0823567e-02
  -1.6165159e-02
  -1.9906740e-02
  -1.9462374e-02
  -1.8533146e-02
  -1.7799522e-02
  -1.2823410e-02
  -3.5457035e-03
   1.5684445e-03
  -1.5033997e-03
  -7.0583988e-03
  -1.1350268e-02
  -1.4102804e-02
  -1.5342575e-02
  -1.5298149e-02
  -1.3626347e-02
  -1.3734519e-02
  -1.6999642e-02
  -1.9419586e-02
  -2.0680096e-02
  -2.1100775e-02
  -1.9048789e-02
  -1.4213923e-02
  -8.8097090e-03
  -5.2887726e-03
  -2.7875636e-03
  -9.3400009e-04
   1.4850072e-03
   5.9492852e-03
   1.0008220e-02
   1.2789136e-02
   1.5806916e-02
   1.9254545e-02
   2.2094295e-02
   2.2718328e-02
   1.9312506e-02
   1.1907390e-02
   4.6166678e-03
   2.0070471e-03
   3.2674481e-03
   5.4589109e-03
   8.3106352e-03
   1.0737390e-02
   1.1730015e-02
   1.1817010e-02
   1.0974560e-02
   1.0228602e-02
   1.1592808e-02
   1.5617861e-02
   1.8609554e-02
   1.7040574e-02
   1.3487721e-02
   1.0938103e-02
   9.0400021e-03
   6.0539202e-03
   1.4740045e-03
  -2.2585379e-03
  -3.4244225e-03
  -1.1053806e-03
   4.0636610e-03
   8.7216436e-03
   1.1117552e-02
   1.1662012e-02
   1.2010868e-02
   1.2050818e-02
   1.1289906e-02
   1.3248456e-02
   1.7627168e-02
   1.9232823e-02
   1.7355920e-02
   1.3576354e-02
   9.2745522e-03
   7.2884408e-03
   6.6129196e-03
   4.6303339e-03
   3.6184328e-03
   5.8612306e-03
   8.7626964e-03
   9.1858755e-03
   8.4005671e-03
   8.2000949e-03
   7.4883782e-03
   8.1465221e-03
   1.4447512e-02
   2.1934384e-02
   2.1906659e-02
   1.4377545e-02
   6.4517210e-03
   2.1565990e-03
  -1.5113024e-03
  -5.9211125e-03
  -9.0269473e-03
  -1.0617463e-02
  -1.2584363e-02
  -1.4831625e-02
  -1.4288475e-02
  -1.1670635e-02
  -1.0677126e-02
  -1.1824979e-02
  -1.1311737e-02
  -7.1365203e-03
  -2.8005856e-03
  -1.3424630e-03
  -2.0336261e-03
  -2.0782482e-03
  -6.5582443e-04
   5.6511311e-04
   2.3905487e-03
   5.6374541e-03
   7.3563455e-03
   6.0913272e-03
   4.3190267e-03
   3.8408231e-03
   3.7707899e-03
   3.5000116e-03
   3.1793936e-03
   1.6334021e-03
  -2.0114242e-03
  -5.7366969e-03
  -6.4766845e-03
  -4.3540761e-03
  -2.5995349e-03
  -2.3411565e-03
  -2.2406803e-03
  -3.0795614e-03
  -4.5171085e-03
  -3.7156999e-03
  -1.6752299e-03
  -9.7147047e-04
  -6.9494959e-04
   1.4740918e-03
   5.8976772e-03
   9.1693714e-03
   8.4301479e-03
   6.3129098e-03
   4.3165708e-03
   1.0960807e-03
  -8.3345945e-04
  -4.6531252e-04
  -1.7356575e-03
  -4.5731809e-03
  -4.2842830e-03
   2.1454216e-04
   4.6086341e-03
   5.5837503e-03
   4.8614893e-03
   4.6818109e-03
   5.6735840e-03
   7.0692596e-03
   5.6256545e-03
   2.2129224e-03
   2.3807467e-03
   6.1364297e-03
   9.2606460e-03
   9.1624729e-03
   6.6116425e-03
   5.4508117e-03
   5.5029545e-03
   4.1115141e-03
   1.9117120e-03
   4.1892208e-04
  -4.1308125e-04
  -2.7262299e-03
  -6.4064875e-03
  -1.0060374e-02
  -1.4801826e-02
  -1.9547077e-02
  -2.2850514e-02
  -2.4843884e-02
  -2.3899483e-02
  -1.9438906e-02
  -1.3552777e-02
  -9.3575310e-03
  -8.3638696e-03
  -9.4108637e-03
  -1.0534244e-02
  -9.4839423e-03
  -6.8128133e-03
  -4.9586691e-03
  -4.3935898e-03
  -6.8826718e-03
  -1.2626933e-02
  -1.7002043e-02
  -1.8374982e-02
  -1.9093324e-02
  -1.9231295e-02
  -1.7461581e-02
  -1.5987129e-02
  -1.6851301e-02
  -1.6904678e-02
  -1.5331550e-02
  -1.4738408e-02
  -1.4177138e-02
  -1.1503629e-02
  -7.4153105e-03
  -3.7187453e-03
   8.8255909e-04
   7.9756088e-03
   1.4716686e-02
   1.7529584e-02
   1.6137980e-02
   1.2917173e-02
   1.0676777e-02
   9.5783059e-03
   7.5841499e-03
   6.2066048e-03
   6.9123508e-03
   6.5143099e-03
   3.8086554e-03
  -1.0108805e-03
  -7.1682405e-03
  -1.0478521e-02
  -9.0956815e-03
  -5.5325680e-03
  -1.8319204e-03
   3.6023981e-03
   1.1647822e-02
   1.8096967e-02
   2.0074728e-02
   1.9928898e-02
   2.0048422e-02
   2.1393417e-02
   2.3860625e-02
   2.4332170e-02
   2.1199887e-02
   1.6427566e-02
   1.3187002e-02
   1.2865762e-02
   1.2015125e-02
   1.0489349e-02
   1.1280955e-02
   1.1456475e-02
   9.5923540e-03
   9.2726747e-03
   9.8972648e-03
   8.3159837e-03
   6.2509104e-03
   7.0159488e-03
   1.0501410e-02
   1.4213050e-02
   1.4449041e-02
   1.0476709e-02
   6.0984332e-03
   3.2692929e-03
   1.9014188e-03
   1.9320910e-03
   1.5503905e-03
   1.5030067e-03
   5.1078498e-03
   1.0829833e-02
   1.5021662e-02
   1.7893395e-02
   1.9452768e-02
   1.8173265e-02
   1.5562193e-02
   1.3426268e-02
   1.0557483e-02
   6.4069678e-03
   1.8211142e-03
  -2.7919625e-03
  -6.0181941e-03
  -7.6064282e-03
  -8.8292803e-03
  -8.4994716e-03
  -6.1357093e-03
  -3.0638869e-03
  -1.2414738e-04
   1.9754688e-03
   2.2852042e-03
  -2.8151249e-04
  -4.6106098e-03
  -8.5021022e-03
  -9.6830937e-03
  -7.1664831e-03
  -4.0589674e-03
  -1.3325082e-03
   2.1953268e-03
   3.6547592e-03
   2.0901788e-03
  -5.0588834e-04
  -3.5480503e-03
  -5.5546280e-03
  -4.9420449e-03
  -2.8577932e-03
  -3.0430494e-03
  -6.2131322e-03
  -8.9211116e-03
  -1.0299061e-02
  -1.1996023e-02
  -1.4991863e-02
  -1.8666096e-02
  -2.0787394e-02
  -2.1135268e-02
  -2.1481068e-02
  -2.0493442e-02
  -1.6315574e-02
  -1.0549111e-02
  -5.4828920e-03
  -3.2274323e-03
  -2.6600935e-03
   2.0567558e-04
   3.0464113e-03
   1.6826305e-03
  -1.3826754e-03
  -2.0953308e-03
  -1.1106418e-03
  -2.3715996e-03
  -6.0029234e-03
  -8.0868367e-03
  -7.2478683e-03
  -6.3437458e-03
  -8.5954397e-03
  -1.3060165e-02
  -1.5229492e-02
  -1.4743865e-02
  -1.6928910e-02
  -2.2116453e-02
  -2.4053281e-02
  -2.1827086e-02
  -1.9072694e-02
  -1.6533445e-02
  -1.5153848e-02
  -1.3648614e-02
  -1.0611863e-02
  -9.9651585e-03
  -1.2194683e-02
  -1.3460542e-02
  -1.2688168e-02
  -1.0548914e-02
  -7.8238193e-03
  -5.3083439e-03
  -3.1192280e-03
  -1.7520634e-03
  -6.8643885e-04
   7.9663526e-04
   1.3241361e-03
   9.7075770e-04
   6.6754975e-04
  -1.2148184e-03
  -4.7876030e-03
  -6.8810236e-03
  -6.6960185e-03
  -5.3374225e-03
  -4.4478284e-03
  -6.2225085e-03
  -9.1337654e-03
  -1.0814737e-02
  -1.0779884e-02
  -8.2594638e-03
  -4.4494221e-03
  -1.7463110e-03
  -1.5851233e-04
   1.6868548e-03
   4.2944780e-03
   6.9432304e-03
   8.1447539e-03
   7.1877354e-03
   6.2753500e-03
   7.9294476e-03
   1.0646672e-02
   1.1665286e-02
   1.1514436e-02
   1.1456038e-02
   1.1171692e-02
   1.1064066e-02
   1.1153682e-02
   1.0108270e-02
   7.9384092e-03
   5.7635051e-03
   4.0695116e-03
   3.8581895e-03
   5.7949960e-03
   7.6312608e-03
   8.1183604e-03
   9.0714057e-03
   1.0421673e-02
   1.0678829e-02
   9.7940815e-03
   7.4473035e-03
   4.5429998e-03
   3.7691199e-03
   4.7618099e-03
   5.6032998e-03
   6.2493931e-03
   7.0632671e-03
   8.1229449e-03
   8.8210065e-03
   9.0014380e-03
   8.5958545e-03
   6.1722103e-03
   2.9616969e-03
   1.8282092e-03
   1.3685836e-03
   8.3589467e-04
   3.3273519e-03
   8.9214063e-03
   1.4546406e-02
   1.7636992e-02
   1.6921924e-02
   1.3128059e-02
   8.4949417e-03
   4.7724742e-03
   2.7437055e-03
   3.4789122e-03
   5.7990347e-03
   6.7853174e-03
   6.2129030e-03
   4.8776332e-03
   2.6958742e-03
   4.8284156e-04
  -1.0302062e-03
  -1.7615161e-03
  -1.3421902e-05
   4.3875973e-03
   6.7101321e-03
   4.3636270e-03
   1.8430978e-03
   2.1821192e-03
   1.9467941e-03
  -1.3636280e-03
  -6.2886012e-03
  -9.1926321e-03
  -6.8920700e-03
  -2.1636940e-03
   1.0921075e-03
   3.0073124e-03
   3.9234854e-03
   4.1269921e-03
   3.6956047e-03
   3.6356900e-03
   4.6594453e-03
   4.9260320e-03
   4.1871905e-03
   3.8396224e-03
   3.6665151e-03
   2.3570821e-03
   1.3487831e-03
   2.3191402e-03
   4.1242960e-03
   5.2077803e-03
   4.5786822e-03
   3.5009176e-03
   2.3963993e-03
   7.1511033e-04
  -8.1244949e-04
  -3.1381989e-03
  -5.7211424e-03
  -6.0408654e-03
  -5.1662581e-03
  -4.8014437e-03
  -4.0425506e-03
  -3.1233867e-03
  -3.0231397e-03
  -3.3709370e-03
  -3.0284664e-03
  -2.0177442e-03
  -2.2801613e-03
  -3.5885573e-03
  -4.2174262e-03
  -4.0633008e-03
  -3.7501598e-03
  -3.7021757e-03
  -3.6990212e-03
  -3.6760006e-03
  -2.7406928e-03
  -7.0441870e-05
   2.7254877e-03
   3.3722141e-03
   1.5354255e-03
   1.2909205e-04
   1.1257596e-03
   2.7881421e-03
   3.1232448e-03
   2.1552018e-03
   1.1571960e-03
  -2.1287865e-05
  -1.4884783e-03
  -3.1222733e-03
  -5.1058851e-03
  -5.1949329e-03
  -3.8544019e-03
  -4.1426448e-03
  -5.2689393e-03
  -5.4087328e-03
  -3.6613521e-03
  -1.1627519e-03
  -1.0988532e-03
  -2.2891774e-03
  -1.2884209e-03
   8.3629090e-04
   1.6488583e-03
   4.3096941e-04
  -2.4445581e-03
  -4.8296600e-03
  -5.0125147e-03
  -4.9284771e-03
  -7.6933475e-03
  -1.1439119e-02
  -1.1750208e-02
  -8.4516075e-03
  -4.5639137e-03
  -3.5005137e-03
  -4.5999563e-03
  -4.3578965e-03
  -3.1381007e-03
  -1.8334267e-03
  -1.4198641e-03
  -4.0097062e-03
  -6.6918052e-03
  -6.8443478e-03
  -6.5550025e-03
  -6.1777663e-03
  -5.4379861e-03
  -4.8705709e-03
  -4.3651443e-03
  -4.8590879e-03
  -7.2596133e-03
  -9.2124872e-03
  -8.0507286e-03
  -5.9650470e-03
  -6.0532216e-03
  -7.3632550e-03
  -7.2734431e-03
  -5.2384198e-03
  -2.9353144e-03
  -2.6428254e-03
  -4.6691818e-03
  -6.2437499e-03
  -4.6666276e-03
  -4.4288029e-04
   2.7137755e-03
   3.3887510e-03
   4.2164547e-03
   5.4600679e-03
   4.5940511e-03
   1.7967619e-03
  -1.0309758e-03
  -2.6977408e-03
  -3.4356654e-03
  -4.9301253e-03
  -5.7139710e-03
  -4.6385314e-03
  -2.6943570e-03
  -2.0981688e-04
   1.2775601e-03
   2.9403573e-03
   6.1759980e-03
   8.3129820e-03
   8.7420445e-03
   9.4437518e-03
   9.8641911e-03
   9.3412343e-03
   9.0426000e-03
   8.9137983e-03
   8.6799358e-03
   8.6704285e-03
   8.6044559e-03
   7.7015232e-03
   6.5091796e-03
   6.2507248e-03
   6.0463231e-03
   5.1266352e-03
   3.8421439e-03
   1.7763501e-03
  -9.2351694e-04
  -3.0962510e-03
  -4.7188796e-03
  -6.1317797e-03
  -6.5332481e-03
  -5.7537031e-03
  -5.0694385e-03
  -5.3311352e-03
  -5.0705519e-03
  -3.1056710e-03
  -8.5573123e-04
   1.2453924e-03
   3.3994262e-03
   5.3401841e-03
   7.6842223e-03
   1.0115038e-02
   1.1749881e-02
   1.1787648e-02
   1.0560648e-02
   9.3057921e-03
   7.7022108e-03
   6.1334389e-03
   5.6947162e-03
   6.1247175e-03
   6.2691609e-03
   4.8805367e-03
   2.7795189e-03
   1.9607440e-03
   2.5604032e-03
   3.0871476e-03
   2.8096563e-03
   2.2808708e-03
   8.2741886e-04
  -2.1496786e-03
  -5.3076235e-03
  -8.0402171e-03
  -9.9748296e-03
  -1.0702461e-02
  -1.1312501e-02
  -1.1806095e-02
  -1.1283138e-02
  -1.0447914e-02
  -1.0868506e-02
  -1.2634356e-02
  -1.2681728e-02
  -9.7122378e-03
  -6.5867335e-03
  -4.6400159e-03
  -3.4810952e-03
  -2.4639766e-03
  -5.0638171e-04
   1.8549737e-03
   3.3018753e-03
   3.6215655e-03
   3.3266205e-03
   2.7847256e-03
   2.5760996e-03
   2.3941399e-03
   1.3689001e-03
  -1.6315901e-04
  -2.2881623e-03
  -4.6808067e-03
  -6.8504823e-03
  -9.3114353e-03
  -1.1326582e-02
  -1.1697923e-02
  -1.0390881e-02
  -7.8499508e-03
  -4.9436168e-03
  -2.9708549e-03
  -2.3588940e-03
  -1.9225073e-03
  -9.3990423e-04
  -3.9610235e-04
  -8.9317541e-06
   1.1599139e-03
   2.2910003e-03
   3.0752061e-03
   3.5540756e-03
   2.3303503e-03
  -1.0051390e-03
  -4.5055709e-03
  -7.3267648e-03
  -1.0112080e-02
  -1.2028878e-02
  -1.2382974e-02
  -1.1957055e-02
  -1.1116351e-02
  -1.0045059e-02
  -9.0029225e-03
  -7.7993688e-03
  -6.8119619e-03
  -6.2224103e-03
  -5.2547274e-03
  -4.8712258e-03
  -5.2233566e-03
  -3.9742530e-03
  -1.5675167e-03
   6.3000624e-04
   2.5092864e-03
   4.6145175e-03
   6.5066800e-03
   6.1939757e-03
   4.6328772e-03
   3.5530605e-03
   3.6487885e-03
   5.4110359e-03
   8.2181490e-03
   1.0851314e-02
   1.1535721e-02
   9.4683442e-03
   6.3309202e-03
   4.6856204e-03
   5.2860110e-03
   7.6915138e-03
   1.0346521e-02
   1.0827781e-02
   9.4255885e-03
   8.3769899e-03
   7.3423083e-03
   5.0778980e-03
   3.7403141e-03
   4.9113399e-03
   6.6074728e-03
   7.6987070e-03
   9.1657038e-03
   1.1118971e-02
   1.1961312e-02
   1.1021387e-02
   9.7086685e-03
   9.5746601e-03
   1.0914733e-02
   1.2577705e-02
   1.2747548e-02
   1.0774393e-02
   7.7089020e-03
   4.7815667e-03
   2.8351110e-03
   2.2072682e-03
   2.5400460e-03
   3.4194014e-03
   4.7723323e-03
   5.9136464e-03
   6.4093146e-03
   7.4127454e-03
   9.0819936e-03
   9.8761544e-03
   8.7555250e-03
   6.9124927e-03
   6.1029631e-03
   5.6795548e-03
   4.7058575e-03
   3.3170041e-03
   1.5009219e-03
  -9.2048246e-05
  -8.0156683e-04
  -9.5780985e-04
  -4.2009985e-04
   3.5214931e-04
  -1.8648413e-04
  -1.5190087e-03
  -1.9249851e-03
  -1.3099461e-03
  -5.9537932e-04
  -6.1559792e-04
  -1.5361895e-03
  -2.7302905e-03
  -3.5472426e-03
  -4.1157602e-03
  -5.3588603e-03
  -7.6899747e-03
  -1.0238273e-02
  -1.1608308e-02
  -1.0809792e-02
  -8.5313336e-03
  -6.9800044e-03
  -6.7146183e-03
  -6.0833481e-03
  -4.9830650e-03
  -5.4132081e-03
  -7.7068608e-03
  -9.8628922e-03
  -1.0742095e-02
  -1.1089827e-02
  -1.1895492e-02
  -1.3498964e-02
  -1.4921677e-02
  -1.4325369e-02
  -1.2392034e-02
  -1.1398405e-02
  -1.0742084e-02
  -9.3096779e-03
  -8.4334334e-03
  -8.9117680e-03
  -9.7229022e-03
  -9.2307814e-03
  -7.1947649e-03
  -6.1078750e-03
  -6.5948109e-03
  -7.1270458e-03
  -8.2060220e-03
  -9.6816311e-03
  -1.0722360e-02
  -1.1212625e-02
  -1.0577480e-02
  -9.0699976e-03
  -7.7276656e-03
  -6.8994597e-03
  -6.2217444e-03
  -5.2495099e-03
  -3.6177124e-03
  -2.3686415e-03
  -2.3374344e-03
  -1.9405286e-03
  -7.9984548e-04
  -3.7226748e-04
  -4.7364534e-04
   4.4187171e-05
   1.7922648e-03
   4.8416888e-03
   7.2702012e-03
   7.7649744e-03
   7.7766648e-03
   7.2730174e-03
   5.4071828e-03
   3.3158798e-03
   2.2959777e-03
   2.7630585e-03
   3.8266658e-03
   4.7209099e-03
   6.3989341e-03
   9.3016660e-03
   1.2384502e-02
   1.4432340e-02
   1.5037053e-02
   1.4343052e-02
   1.2875586e-02
   1.1497844e-02
   1.0076812e-02
   7.8763224e-03
   5.7119189e-03
   5.6053628e-03
   7.1201800e-03
   8.0067396e-03
   8.0363749e-03
   8.4873336e-03
   1.0064685e-02
   1.1647494e-02
   1.1766254e-02
   1.1249191e-02
   1.1757303e-02
   1.2313115e-02
   1.0860560e-02
   8.7013955e-03
   7.8491867e-03
   7.5765419e-03
   7.4773100e-03
   7.6502972e-03
   7.1020386e-03
   6.0191655e-03
   4.8420381e-03
   3.0594661e-03
   1.4138716e-03
   1.0468227e-03
   2.2983791e-03
   4.5886043e-03
   6.3470859e-03
   6.9120888e-03
   6.9096983e-03
   6.5362607e-03
   6.1967918e-03
   6.8122893e-03
   7.7527710e-03
   8.3818800e-03
   9.1405220e-03
   1.0282851e-02
   1.1971463e-02
   1.2980701e-02
   1.2435695e-02
   1.1599357e-02
   1.1035250e-02
   1.0415364e-02
   9.3353509e-03
   7.2383610e-03
   4.5892920e-03
   2.3838685e-03
   6.9699950e-04
  -1.2739580e-03
  -3.1388648e-03
  -3.8229437e-03
  -3.7726565e-03
  -3.6046030e-03
  -3.6153765e-03
  -3.4084424e-03
  -2.8161292e-03
  -2.8920567e-03
  -3.8250722e-03
  -4.8527570e-03
  -4.8605506e-03
  -4.0064425e-03
  -3.4051350e-03
  -3.6567022e-03
  -5.1561396e-03
  -6.7108525e-03
  -6.9542441e-03
  -6.3357339e-03
  -6.2811788e-03
  -7.2947827e-03
  -8.4971684e-03
  -9.1857118e-03
  -9.2130002e-03
  -9.0192410e-03
  -8.6091167e-03
  -7.5971829e-03
  -6.2480833e-03
  -4.5668609e-03
  -2.5220792e-03
  -9.1179490e-04
  -6.0943726e-04
  -1.5193252e-03
  -2.3024833e-03
  -1.7973623e-03
  -6.7733650e-04
   6.8556344e-05
   4.4962273e-04
   4.2896534e-04
  -2.4248121e-04
  -1.5386782e-03
  -3.1902654e-03
  -4.6179122e-03
  -5.6495047e-03
  -6.8041246e-03
  -7.7618635e-03
  -8.6489034e-03
  -1.0443646e-02
  -1.1745842e-02
  -1.0950655e-02
  -9.3599543e-03
  -8.2664278e-03
  -7.4086630e-03
  -5.9303688e-03
  -3.8604381e-03
  -3.2042043e-03
  -4.7303189e-03
  -6.8582104e-03
  -8.1650456e-03
  -7.9547058e-03
  -7.2403694e-03
  -6.8011993e-03
  -5.7400479e-03
  -5.2542690e-03
  -6.6440721e-03
  -8.6172815e-03
  -1.0387814e-02
  -1.1128358e-02
  -1.0521276e-02
  -1.0715745e-02
  -1.2043832e-02
  -1.2352083e-02
  -1.1754793e-02
  -1.2259084e-02
  -1.3626893e-02
  -1.3732335e-02
  -1.2026259e-02
  -9.5958251e-03
  -8.1772053e-03
  -8.2157149e-03
  -7.8946821e-03
  -7.0684410e-03
  -6.5865807e-03
  -4.5324009e-03
  -2.1460983e-04
   3.2077082e-03
   4.2848179e-03
   4.4419341e-03
   4.4836091e-03
   4.6022922e-03
   4.6149978e-03
   4.0743362e-03
   3.4938881e-03
   3.6630768e-03
   4.1356153e-03
   3.7734969e-03
   1.8194005e-03
  -9.3916198e-04
  -2.2840362e-03
  -1.6092135e-03
  -7.4453934e-04
  -7.1416506e-04
  -7.9142534e-04
  -8.8405559e-04
  -1.2185842e-03
  -1.4399375e-03
  -1.4156726e-03
  -1.0393075e-03
  -2.0844809e-04
   1.4033164e-03
   3.8382362e-03
   5.7865911e-03
   6.5933046e-03
   6.8871035e-03
   6.2450379e-03
   4.6610280e-03
   3.6908565e-03
   3.5486179e-03
   3.9808131e-03
   5.4915370e-03
   7.4347290e-03
   8.9825762e-03
   9.4241477e-03
   8.3862680e-03
   6.7135923e-03
   4.5098279e-03
   2.1313407e-03
   8.4782193e-04
   9.5441298e-04
   2.1889740e-03
   3.5028496e-03
   3.8223215e-03
   4.0971167e-03
   5.3724609e-03
   6.8197445e-03
   7.9841447e-03
   9.3503269e-03
   1.0207906e-02
   9.2781652e-03
   7.5429334e-03
   6.7646764e-03
   6.0629581e-03
   4.8220847e-03
   3.9085095e-03
   3.3865351e-03
   3.3438887e-03
   3.2655707e-03
   2.2966653e-03
   1.3791060e-03
   1.1703709e-03
   6.6903316e-04
   1.6620113e-04
   6.7352484e-04
   1.2386249e-03
   6.5446437e-04
  -1.1263381e-03
  -3.2342326e-03
  -4.1572278e-03
  -3.3749212e-03
  -1.7692224e-03
  -5.0043500e-04
   4.3131761e-04
   1.9461501e-03
   3.4443213e-03
   3.9339315e-03
   4.3918434e-03
   5.2825180e-03
   5.3684877e-03
   4.0928378e-03
   2.3028216e-03
   9.4475722e-04
   7.1553821e-06
  -8.2021907e-04
  -2.0057591e-03
  -3.3547168e-03
  -3.6162606e-03
  -3.2819111e-03
  -4.0886463e-03
  -6.0168515e-03
  -7.9218068e-03
  -9.4198689e-03
  -1.0300632e-02
  -9.9830380e-03
  -8.2131825e-03
  -5.3830270e-03
  -2.3074934e-03
   1.8159949e-05
   4.1955845e-04
  -4.5250440e-04
  -8.5522803e-04
  -8.7211961e-04
  -8.4217212e-04
  -4.9904656e-04
   3.4661848e-04
   1.6936332e-03
   3.1701265e-03
   3.9914338e-03
   3.1309729e-03
   1.1641818e-03
  -6.0638095e-04
  -2.4898679e-03
  -4.5841399e-03
  -6.3308220e-03
  -7.5009855e-03
  -7.7377077e-03
  -7.4458300e-03
  -6.9256676e-03
  -5.5683159e-03
  -4.0437404e-03
  -3.8872681e-03
  -4.7743844e-03
  -5.5067967e-03
  -5.9116380e-03
  -6.0994592e-03
  -7.3074118e-03
  -9.8713516e-03
  -1.1173220e-02
  -1.0343301e-02
  -8.8361679e-03
  -7.8036367e-03
  -7.7742634e-03
  -7.8661492e-03
  -6.7885592e-03
  -3.9257995e-03
  -5.3445175e-04
   1.0127492e-03
   1.0809847e-03
   1.5787814e-03
   2.6299998e-03
   3.3109569e-03
   3.4195542e-03
   3.8525572e-03
   4.7340302e-03
   4.0818460e-03
   1.2458181e-03
  -1.8120435e-03
  -4.1122891e-03
  -5.8971751e-03
  -6.8628494e-03
  -6.4263645e-03
  -4.2081263e-03
  -9.3269679e-04
   1.3158185e-03
   1.7999165e-03
   2.1155025e-03
   2.9639018e-03
   2.9695451e-03
   1.8341690e-03
   8.3948365e-04
   4.6484862e-04
   8.8849270e-04
   1.1887196e-03
  -7.4998175e-04
  -3.8789179e-03
  -5.2500884e-03
  -5.1043787e-03
  -5.2587880e-03
  -5.9122274e-03
  -6.1950017e-03
  -5.2912613e-03
  -3.1377950e-03
  -3.6918716e-04
   2.1181222e-03
   3.8374503e-03
   5.2977669e-03
   7.1186082e-03
   8.7594218e-03
   9.0794940e-03
   8.6820098e-03
   8.3178066e-03
   7.2034645e-03
   5.9135045e-03
   5.1646754e-03
   4.2410690e-03
   3.1376531e-03
   2.3899593e-03
   1.7699319e-03
   1.3567840e-03
   1.9040930e-03
   3.3023228e-03
   4.7427625e-03
   5.3310697e-03
   5.0722220e-03
   4.8132432e-03
   4.8243333e-03
   4.7384400e-03
   3.9127556e-03
   2.4162654e-03
   1.1921143e-03
   3.3437140e-04
  -1.0592936e-03
  -2.3174701e-03
  -1.6017911e-03
   2.2588544e-04
   7.8523849e-04
   3.3294367e-04
   2.6538718e-04
   8.4697380e-04
   2.0362021e-03
   2.9126540e-03
   2.8993482e-03
   2.9776989e-03
   2.8906486e-03
   2.2236086e-03
   1.8798499e-03
   1.8831901e-03
   1.9347326e-03
   2.2432563e-03
   3.1484594e-03
   4.7817305e-03
   6.8580903e-03
   9.1227517e-03
   1.1646403e-02
   1.3898795e-02
   1.4808703e-02
   1.5104292e-02
   1.5537524e-02
   1.5220650e-02
   1.4209993e-02
   1.3262100e-02
   1.2825921e-02
   1.2739034e-02
   1.1950724e-02
   1.0410529e-02
   9.2146921e-03
   8.3955133e-03
   7.1805967e-03
   5.8311260e-03
   4.6416532e-03
   3.2788547e-03
   2.0987364e-03
   1.4515297e-03
   1.4450678e-03
   1.7996982e-03
   1.3633333e-03
   2.4670001e-05
  -1.2208218e-03
  -1.5069253e-03
  -8.6657895e-04
  -4.5417118e-04
  -4.0112125e-04
   4.4451760e-04
   2.4389367e-03
   4.2861386e-03
   5.3211476e-03
   6.4750799e-03
   7.6198760e-03
   8.1311424e-03
   8.0693612e-03
   7.7439841e-03
   7.5555516e-03
   7.6966440e-03
   7.6248207e-03
   6.3053127e-03
   4.4345881e-03
   3.1170558e-03
   2.0909537e-03
   1.4015481e-03
   1.3182527e-03
   1.6454308e-03
   1.7540281e-03
   7.9799423e-04
  -8.8314416e-04
  -1.4118850e-03
  -3.7147830e-04
  -2.8874722e-05
  -1.3429870e-03
  -2.2866123e-03
  -2.1354667e-03
  -2.2372310e-03
  -2.5728468e-03
  -2.8723216e-03
  -3.5584745e-03
  -4.5369527e-03
  -5.7565738e-03
  -6.6291617e-03
  -6.3356139e-03
  -5.8528913e-03
  -6.2638888e-03
  -7.1625208e-03
  -8.4777499e-03
  -1.0052165e-02
  -1.1457021e-02
  -1.2312897e-02
  -1.2012178e-02
  -1.1541288e-02
  -1.1565847e-02
  -1.0992789e-02
  -9.8332459e-03
  -9.1508480e-03
  -8.8489717e-03
  -8.2468565e-03
  -7.6257485e-03
  -7.3417516e-03
  -7.3371126e-03
  -6.9969342e-03
  -5.4430617e-03
  -3.6652708e-03
  -3.7562615e-03
  -5.5867739e-03
  -7.4029652e-03
  -7.9767222e-03
  -7.3764299e-03
  -6.8599678e-03
  -6.4302395e-03
  -6.0283017e-03
  -7.0074239e-03
  -8.7698896e-03
  -9.8464754e-03
  -1.0308371e-02
  -1.0394407e-02
  -1.0424992e-02
  -1.0350734e-02
  -9.8464972e-03
  -9.9944773e-03
  -1.0891767e-02
  -1.1948759e-02
  -1.3583886e-02
  -1.4179976e-02
  -1.2445301e-02
  -9.6228516e-03
  -7.7666881e-03
  -7.0716064e-03
  -6.0255511e-03
  -4.9488671e-03
  -3.9333530e-03
  -3.2012899e-03
  -3.5969076e-03
  -4.4399257e-03
  -4.2270645e-03
  -3.0549472e-03
  -3.6266303e-03
  -5.5653906e-03
  -6.3036208e-03
  -5.9503112e-03
  -5.1871175e-03
  -4.6495013e-03
  -4.2786943e-03
  -3.6072882e-03
  -3.1802887e-03
  -3.6982898e-03
  -5.0828099e-03
  -6.0111209e-03
  -6.0185979e-03
  -5.5057925e-03
  -4.0806563e-03
  -2.1954687e-03
  -8.5218154e-04
   7.1278098e-04
   2.4286762e-03
   2.5209113e-03
   1.6204455e-03
   7.7317479e-04
  -8.5523348e-05
  -5.0157457e-04
  -4.0230557e-04
  -1.8061601e-04
  -2.4962752e-04
  -4.5335034e-04
  -9.3198293e-04
  -1.4947874e-03
  -1.0243425e-03
   4.8712804e-04
   2.2001623e-03
   3.3626304e-03
   4.1134025e-03
   4.9658078e-03
   6.0023231e-03
   7.2963545e-03
   8.5235291e-03
   9.2337504e-03
   9.1403910e-03
   8.5214443e-03
   7.8827515e-03
   6.9266500e-03
   5.8911388e-03
   5.5661765e-03
   5.5490721e-03
   4.6388697e-03
   2.2310638e-03
  -5.2629467e-04
  -2.3510459e-03
  -3.6588525e-03
  -4.1661347e-03
  -2.6450849e-03
   5.7113950e-04
   3.6360830e-03
   5.3512741e-03
   6.4985808e-03
   7.5032340e-03
   7.5693595e-03
   5.8684348e-03
   2.6302290e-03
   4.3243753e-04
   1.4634711e-04
   9.7258712e-05
   2.7421773e-05
   8.9703728e-05
   4.8320941e-04
   1.5598432e-03
   2.9272370e-03
   3.9073743e-03
   3.9900366e-03
   4.0709306e-03
   5.2459405e-03
   6.3698664e-03
   6.7913645e-03
   6.3237816e-03
   5.6330552e-03
   6.1113352e-03
   6.7941479e-03
   6.6184537e-03
   6.6614494e-03
   7.2669375e-03
   8.2203321e-03
   8.8204279e-03
   8.4149755e-03
   8.0230362e-03
   8.0031266e-03
   7.9551097e-03
   8.1475482e-03
   8.3452588e-03
   8.2478389e-03
   7.8499944e-03
   7.3295810e-03
   7.5869552e-03
   8.6557255e-03
   9.3718739e-03
   9.6265410e-03
   9.7718250e-03
   9.5963054e-03
   9.5156078e-03
   9.3032051e-03
   8.0755066e-03
   6.7935039e-03
   6.1987675e-03
   5.9744670e-03
   6.1882451e-03
   5.2929859e-03
   2.5424365e-03
   6.5828040e-05
  -9.9450087e-04
  -8.0305788e-04
  -1.4548152e-04
   3.9692537e-04
   1.1066468e-03
   1.3982189e-03
   1.4100948e-03
   1.6517727e-03
   1.4469016e-03
   4.9552853e-04
  -8.4320144e-04
  -1.4922005e-03
  -7.9237716e-04
   8.1589439e-04
   2.3052667e-03
   3.0900620e-03
   4.5950553e-03
   6.9142828e-03
   7.6246569e-03
   6.4951861e-03
   4.7875811e-03
   2.5322742e-03
   1.9722706e-04
  -1.4142645e-03
  -2.6746329e-03
  -3.9172637e-03
  -4.5235922e-03
  -4.5214637e-03
  -4.8525823e-03
  -5.7450908e-03
  -6.3228428e-03
  -6.2248662e-03
  -5.9338945e-03
  -5.3338641e-03
  -4.4689388e-03
  -3.2393083e-03
  -1.8724384e-03
  -1.6747387e-03
  -2.0627811e-03
  -1.3059183e-03
   4.2299025e-04
   1.5943577e-03
   1.2605866e-03
  -2.1323886e-04
  -1.7570517e-03
  -2.6573974e-03
  -3.8401573e-03
  -5.9533020e-03
  -6.9348474e-03
  -6.0260313e-03
  -5.2133690e-03
  -5.3757574e-03
  -5.9784620e-03
  -5.9389265e-03
  -4.8960038e-03
  -3.6141103e-03
  -2.6579978e-03
  -2.2824098e-03
  -2.1032445e-03
  -2.3601602e-03
  -3.2359463e-03
  -3.4058991e-03
  -3.0606232e-03
  -3.1199702e-03
  -3.4869896e-03
  -3.9378938e-03
  -3.9804202e-03
  -3.9610126e-03
  -4.2178737e-03
  -4.2700275e-03
  -3.8624356e-03
  -3.2750889e-03
  -2.8870028e-03
  -2.4558664e-03
  -2.2708395e-03
  -2.8025832e-03
  -3.5396236e-03
  -4.1112412e-03
  -4.6711793e-03
  -4.7789143e-03
  -3.8951272e-03
  -2.7793552e-03
  -2.8974598e-03
  -4.5396160e-03
  -5.8367692e-03
  -6.0270683e-03
  -6.1370191e-03
  -5.7230854e-03
  -4.7913469e-03
  -4.1874525e-03
  -3.5754589e-03
  -2.6352610e-03
  -1.2073959e-03
   3.7961464e-04
   1.5860511e-03
   2.4618590e-03
   2.7460960e-03
   2.7124110e-03
   2.7582011e-03
   2.8470088e-03
   3.1587744e-03
   3.0048564e-03
   2.2801285e-03
   1.9162528e-03
   1.7544211e-03
   1.7680872e-03
   2.2084144e-03
   2.2790370e-03
   1.7054546e-03
   1.3407493e-03
   1.5062923e-03
   1.5273262e-03
   1.1984889e-03
   1.0497983e-03
   9.9885721e-04
   1.0592881e-03
   1.6856868e-03
   2.4346906e-03
   2.8923077e-03
   2.9944759e-03
   2.4699473e-03
   2.0394986e-03
   2.3660655e-03
   2.6810839e-03
   2.2858918e-03
   1.4899737e-03
   8.8942488e-04
   6.9823076e-04
   6.2193976e-04
   5.6622320e-04
   8.8609786e-04
   1.2919029e-03
   1.4862843e-03
   1.3968872e-03
   7.6300055e-04
   2.3915529e-04
   3.2585630e-04
   8.1071176e-04
   1.5962461e-03
   2.0605544e-03
   2.2323300e-03
   2.8502180e-03
   3.3097562e-03
   3.1052453e-03
   2.5391291e-03
   1.8528889e-03
   1.7128880e-03
   2.0551731e-03
   2.2116453e-03
   2.3701478e-03
   2.4309684e-03
   1.9512803e-03
   1.3441003e-03
   9.2450151e-04
   3.4946194e-04
  -3.4535994e-04
  -8.6030587e-04
  -1.1918633e-03
  -1.3954355e-03
  -1.5436447e-03
  -1.4039495e-03
  -8.9266020e-04
  -5.3303602e-04
  -2.3720471e-04
   5.5498689e-04
   1.6191029e-03
   2.3074607e-03
   2.3205155e-03
   2.0375774e-03
   2.2904327e-03
   2.8696583e-03
   2.7792788e-03
   2.0472376e-03
   1.2037611e-03
   7.0245392e-04
   7.8546444e-04
   7.0747828e-04
  -8.0982870e-05
  -8.6978262e-04
  -9.1379569e-04
  -4.7757925e-04
  -4.7879523e-04
  -1.0363723e-03
  -1.6672726e-03
  -2.4188087e-03
  -2.9504213e-03
  -2.8745702e-03
  -2.6726026e-03
  -2.5995677e-03
  -2.4484440e-03
  -2.3264644e-03
  -2.2807398e-03
  -1.8940727e-03
  -1.3306853e-03
  -1.2761847e-03
  -1.6024678e-03
  -1.7473588e-03
  -1.7203978e-03
  -1.7899944e-03
  -2.0027792e-03
  -2.1494275e-03
  -1.8268120e-03
  -1.1568249e-03
  -6.8279747e-04
  -4.2715557e-04
  -2.2519013e-04
  -3.2904469e-04
  -8.5950140e-04
  -1.4149740e-03
  -1.9529831e-03
  -2.3917276e-03
  -2.4707114e-03
  -2.6526820e-03
  -2.8566144e-03
  -2.7700007e-03
  -2.6765867e-03
  -2.4793455e-03
  -2.2321553e-03
  -2.1201088e-03
  -1.9346016e-03
  -1.6585948e-03
  -1.4487899e-03
  -1.3507151e-03
  -1.3044120e-03
  -1.2775382e-03
  -1.4129656e-03
  -1.6955871e-03
  -1.7440951e-03
  -1.2838364e-03
  -6.6266293e-04
  -3.5678072e-04
  -1.3052524e-04
   2.3362446e-04
   4.3567067e-04
   4.5653436e-04
   4.1183690e-04
   2.4248012e-04
   8.9253686e-05
  -3.4928620e-05
  -2.6676579e-04
  -2.7636152e-04
   7.5308828e-05
   4.9005118e-04
   9.2683304e-04
   1.3417426e-03
   1.7150929e-03
   2.1507046e-03
   2.4842137e-03
   2.5719844e-03
   2.5400351e-03
   2.4894422e-03
   2.3162694e-03
   1.9048571e-03
   1.3466327e-03
   8.6459671e-04
   5.7612238e-04
   4.0866706e-04
   2.7756767e-04
   1.6047928e-04
   9.3605328e-05
   1.1976484e-04
   1.4877252e-04
   1.7496401e-04
   3.3655121e-04
   6.1564376e-04
   8.3654632e-04
   8.8243466e-04
   8.9039198e-04
   1.0122613e-03
   1.1971900e-03
   1.3707230e-03
   1.4744739e-03
   1.5081042e-03
   1.5279702e-03
   1.5503795e-03
   1.5266931e-03
   1.4402868e-03
   1.3505623e-03
   1.2647345e-03
   1.1772366e-03
   1.1105545e-03
   1.0233099e-03
   8.8255582e-04
   7.8417206e-04
   7.7088802e-04
   7.4647573e-04
   7.0830894e-04
   6.6559590e-04
   5.7393275e-04
   4.7914561e-04
   3.7637058e-04
   2.2800630e-04
   1.7841546e-04
   2.9244536e-04
   3.7999122e-04
   3.9361800e-04
   4.2968576e-04
   4.8722955e-04
   5.6329678e-04
   6.0325369e-04
   5.6096416e-04
   4.9997110e-04
   4.4832380e-04
   4.2596579e-04
   4.3462279e-04
   4.1944384e-04
   3.7902193e-04
   3.4139001e-04
   3.0343607e-04
   2.4588573e-04
   1.8440474e-04
   1.5800585e-04
   1.4998413e-04
   1.3296047e-04
   1.1859799e-04
   1.2944244e-04
   1.7878768e-04
   2.3850801e-04
   2.8007821e-04
   3.2902722e-04
   3.8187304e-04
   3.8130216e-04
   3.2761041e-04
   2.6171960e-04
   1.8822841e-04
   1.0250520e-04
   2.9029502e-05
   1.3743033e-05
   4.4895798e-05
   5.9351606e-05
   3.1735211e-05
  -2.3517117e-05
  -6.5156415e-05
  -7.5376176e-05
  -8.2567895e-05
  -8.9671855e-05
  -9.0520418e-05
  -9.6048521e-05
  -9.8827473e-05
  -9.5921030e-05
  -9.3861730e-05
  -9.1630950e-05
  -9.1100462e-05
  -8.7136535e-05
  -7.6197668e-05
  -7.1510705e-05
  -8.1864834e-05
  -9.9192702e-05
  -1.1307916e-04
  -1.1991984e-04
  -1.2167067e-04
  -1.2716985e-04
  -1.3908073e-04
  -1.4551754e-04
  -1.4520100e-04
  -1.4853456e-04
  -1.5575837e-04
  -1.5987784e-04
  -1.5766638e-04
  -1.5493862e-04
  -1.5827437e-04
  -1.6523730e-04
  -1.6921597e-04
  -1.6924980e-04
  -1.7096025e-04
  -1.7678252e-04
  -1.8326845e-04
  -1.8824041e-04
  -1.9408670e-04
  -1.9980855e-04
  -2.0238895e-04
  -2.0706729e-04
  -2.1711928e-04
  -2.2750310e-04
  -2.3345964e-04
  -2.3588831e-04
  -2.4017806e-04
  -2.4644678e-04
  -2.5058480e-04
  -2.5242732e-04
  -2.5442702e-04
  -2.5764052e-04
  -2.6127862e-04
  -2.6516887e-04
  -2.6889539e-04
  -2.7187966e-04
  -2.7494470e-04
  -2.7840051e-04
  -2.8180284e-04
  -2.8503817e-04
  -2.8822656e-04
  -2.9143678e-04
  -2.9474087e-04
  -2.9813119e-04
  -3.0128901e-04
  -3.0420561e-04
  -3.0707199e-04
  -3.0981721e-04
  -3.1247839e-04
  -3.1509918e-04
  -3.1763482e-04
  -3.2006241e-04
  -3.2237211e-04
  -3.2461631e-04
  -3.2681358e-04
  -3.2893663e-04
  -3.3098654e-04
  -3.3296659e-04
  -3.3487133e-04
  -3.3670184e-04
  -3.3845485e-04
  -3.4013364e-04
  -3.4173821e-04
  -3.4326855e-04
  -3.4472466e-04
  -3.4610764e-04
