   3.7380328e-04
   3.7334920e-04
   3.7617847e-04
   3.8179663e-04
   3.9486127e-04
   3.9954179e-04
   3.6220021e-04
   3.5730684e-04
   3.5414683e-04
   1.7428944e-04
  -9.9958526e-06
   1.0668350e-06
   3.6209106e-05
  -8.1086457e-06
  -9.5213821e-05
  -3.0391853e-05
   2.2447845e-04
   4.4765468e-04
   6.0247870e-04
   7.8305650e-04
   1.0115223e-03
   8.5687734e-04
   7.7962579e-04
   1.1371881e-03
   1.0563923e-03
   1.0022901e-03
   1.4573367e-03
   1.3075774e-03
  -9.2683413e-05
  -1.0041348e-03
  -1.4775848e-04
   3.5609523e-04
  -8.3634766e-04
  -2.6215185e-03
  -3.7300209e-03
  -3.3068855e-03
  -2.5578272e-03
  -2.2186967e-03
  -2.0485911e-03
  -2.3945328e-03
  -2.0277754e-03
  -3.7342561e-04
   2.1193338e-03
   3.2658982e-03
   1.5377613e-03
  -1.3000567e-04
   5.3335366e-04
   1.8829827e-03
   2.7243307e-03
   3.1990850e-03
   2.2760898e-03
   1.8966815e-03
   3.3942523e-03
   4.0714218e-03
   2.5283556e-03
   2.4814740e-04
   3.1574209e-04
   1.3185037e-03
   2.0717645e-04
  -2.8275794e-04
   8.1229776e-04
   1.4904540e-03
   2.0025608e-03
   2.1017709e-03
   1.4572821e-03
   8.0799164e-04
   1.5808008e-03
   2.7928139e-03
   1.4303757e-03
  -1.6150424e-03
  -2.8152668e-03
  -7.1680222e-04
   2.1069666e-03
   3.0496095e-03
   2.1061480e-03
   9.2113302e-04
   7.4472817e-04
   1.3555724e-04
  -1.1617804e-03
  -2.6613161e-03
  -3.2555940e-03
  -2.2643667e-03
  -2.7339253e-03
  -3.5661699e-03
  -2.1288738e-03
  -1.2493765e-03
  -2.1268763e-03
  -2.4508563e-03
  -1.9719759e-03
  -1.4780214e-03
  -1.7858793e-03
  -3.3548914e-03
  -3.1427397e-03
  -3.7832553e-04
   2.3928846e-03
   4.1956391e-03
   4.9006101e-03
   5.0550957e-03
   4.4425235e-03
   2.8620939e-03
   2.2881295e-03
   3.5513577e-03
   4.1268939e-03
   2.0179843e-03
  -1.4622159e-03
  -2.8338449e-03
  -1.9409216e-03
  -2.7217983e-03
  -3.8172568e-03
  -2.2717018e-03
   7.6596190e-04
   3.1638501e-03
   2.4249759e-03
   8.5632284e-04
   1.0635069e-03
   1.6840277e-03
   1.6133832e-03
   1.7496620e-04
  -3.6797118e-04
   5.2466610e-04
   2.2928777e-04
  -4.5052653e-04
  -1.4108153e-03
  -2.4829803e-03
  -2.8436578e-03
  -4.3848029e-03
  -3.7084521e-03
  -1.6043671e-03
  -3.9092081e-03
  -8.6537935e-03
  -1.3426923e-02
  -1.3980988e-02
  -1.0783355e-02
  -8.0459477e-03
  -4.1225059e-03
  -1.0865406e-03
   3.6346967e-04
   2.1555729e-03
   3.5276494e-03
   2.9858854e-03
   2.3657489e-03
   4.9794302e-03
   8.1544140e-03
   8.5343463e-03
   5.8729429e-03
   3.2588359e-03
   2.4685610e-03
   1.6894963e-03
   2.3336249e-03
   4.1697587e-03
   3.0675435e-03
   6.6836295e-04
  -1.7981263e-04
   6.5491627e-04
   3.5588238e-03
   4.5123930e-03
   4.3121828e-03
   8.5478595e-03
   1.3266466e-02
   1.3485647e-02
   1.0204173e-02
   1.2298816e-03
  -7.5677331e-03
  -7.4961936e-03
  -2.8753015e-03
   2.6933746e-03
   3.4953835e-03
   8.4856308e-04
   1.7139795e-04
  -1.2491036e-03
  -3.8828801e-03
  -9.3498793e-03
  -1.1309881e-02
  -7.7755842e-03
  -6.4871851e-03
  -7.4384184e-03
  -7.4609696e-03
  -5.6796967e-03
  -2.8491482e-03
  -3.4272278e-04
   8.9691175e-04
   3.6363013e-03
   5.6650045e-03
   6.1776353e-03
   3.5059496e-03
  -3.1972731e-03
  -5.3248261e-03
  -5.4549486e-03
  -8.7904761e-03
  -1.4230514e-02
  -1.6368295e-02
  -1.0795318e-02
  -3.6102462e-03
  -4.3596211e-05
   1.7724315e-03
   4.4470971e-03
   7.6867983e-03
   1.0442118e-02
   1.1575780e-02
   1.1792123e-02
   8.8239536e-03
   1.5119464e-03
  -3.9853867e-03
  -5.5618431e-03
  -2.5715587e-03
   1.4975272e-03
  -2.2574682e-05
  -2.6889211e-03
  -2.9244754e-03
  -4.6285983e-03
  -9.7751979e-03
  -1.1463133e-02
  -6.3506444e-03
  -2.8184323e-03
  -2.2745071e-03
  -4.2312888e-03
  -5.0353716e-03
   5.7140365e-04
   7.5201529e-03
   1.4395118e-02
   2.0823524e-02
   2.2493471e-02
   1.7748656e-02
   1.0727577e-02
   4.9112308e-03
   9.2227695e-04
   2.9949016e-04
   2.3592761e-04
  -1.5012930e-03
  -7.5494389e-03
  -1.5156795e-02
  -1.5645696e-02
  -9.9391799e-03
  -1.1032521e-03
   3.2486627e-03
   1.6923452e-05
  -2.3053868e-03
  -4.2781049e-03
  -6.9806812e-03
  -7.6087641e-03
  -3.9961492e-03
   4.3668034e-03
   1.1072799e-02
   1.3086035e-02
   1.1606889e-02
   7.2918683e-03
   3.8878248e-03
   1.8882002e-03
  -3.1470295e-03
  -5.2908465e-03
  -2.1471353e-04
   3.0179331e-03
   4.9773453e-03
   8.0701144e-03
   8.4067343e-03
   4.0935037e-03
  -3.2440128e-03
  -2.0395422e-03
   3.0208802e-03
   1.8952843e-03
   4.9303764e-03
   6.7563042e-03
  -3.8889709e-04
  -7.0235569e-03
  -7.7155276e-03
   1.8596019e-03
   1.0211988e-02
   6.0433868e-03
   3.9937806e-03
   4.7757816e-03
   7.2346388e-04
  -2.8653794e-03
  -4.0198684e-03
   3.7411983e-04
   7.7557072e-03
   8.6525491e-03
   1.9663217e-03
  -8.6021418e-03
  -1.8673300e-02
  -2.5475994e-02
  -2.8414420e-02
  -2.3385041e-02
  -1.4563216e-02
  -1.2255373e-02
  -1.1453200e-02
  -8.6610522e-03
  -5.9630931e-03
  -2.1408044e-03
  -1.6617057e-03
  -2.8067201e-03
   9.0301564e-05
   5.5814144e-03
   1.2845023e-02
   1.9537035e-02
   2.0134981e-02
   1.8190075e-02
   1.5236041e-02
   8.3825021e-03
   4.1657090e-03
  -8.3463394e-04
  -9.5625441e-03
  -1.1037324e-02
  -3.7428683e-03
   6.7087022e-03
   1.6173346e-02
   2.0271860e-02
   1.5943359e-02
   6.9544078e-03
   5.4523507e-03
   1.4492811e-02
   1.9231622e-02
   1.2772326e-02
   5.7244389e-03
   6.2482579e-03
   1.2954722e-02
   1.6236765e-02
   1.5200238e-02
   1.7191316e-02
   2.1052638e-02
   2.3971634e-02
   1.8933632e-02
   5.6701238e-03
  -8.2465290e-03
  -2.3062600e-02
  -3.1878421e-02
  -2.5997641e-02
  -1.3380532e-02
  -7.6773892e-03
  -1.2864016e-02
  -1.9732203e-02
  -1.7698555e-02
  -1.4800953e-02
  -1.3348223e-02
  -8.2600750e-03
  -7.9348944e-03
   1.5628231e-04
   1.5003215e-02
   1.3704501e-02
   4.9798886e-03
  -4.4722571e-03
  -7.8390354e-03
  -1.0119873e-03
  -4.8616967e-03
  -1.6046618e-02
  -1.9917983e-02
  -1.8395612e-02
  -1.5722977e-02
  -1.4843305e-02
  -1.4965011e-02
  -1.4851710e-02
  -1.6240367e-02
  -1.7023765e-02
  -5.5155072e-03
   1.4821037e-02
   2.5382122e-02
   2.1926525e-02
   1.7545630e-02
   2.0265529e-02
   2.1701559e-02
   1.4042442e-02
   4.0313841e-03
   1.0000786e-02
   2.7983916e-02
   3.9001592e-02
   4.5886698e-02
   4.6456155e-02
   3.6003351e-02
   2.4190270e-02
   1.4678155e-02
   1.2544631e-02
   1.5948707e-02
   1.3172921e-02
   7.4144373e-03
   1.0797196e-04
  -1.2748531e-02
  -1.4732732e-02
   5.1170733e-03
   2.4523298e-02
   2.1560750e-02
   3.7811377e-03
  -8.7590507e-03
  -5.4468930e-03
   7.9931390e-03
   1.4125945e-02
   1.0341707e-02
   5.2239351e-03
   8.7959120e-04
  -4.2124815e-03
  -7.7549759e-03
   3.0356706e-03
   1.1710149e-02
   7.2742836e-04
  -6.2404971e-03
  -6.3740252e-04
   6.0107061e-03
   6.6826799e-03
  -4.3860254e-03
  -2.7494907e-02
  -5.0041099e-02
  -5.7854778e-02
  -5.7047366e-02
  -5.6375523e-02
  -5.3773183e-02
  -4.7253961e-02
  -3.8728926e-02
  -3.4606725e-02
  -3.1239871e-02
  -2.9303806e-02
  -2.7566402e-02
  -1.0885228e-02
   8.5500972e-03
   1.1375264e-02
   3.4913666e-03
  -4.5661404e-03
  -1.1832838e-02
  -1.4725855e-02
  -8.9746298e-03
  -4.3665196e-03
  -7.8649594e-03
  -2.0805950e-02
  -4.0543720e-02
  -5.4134373e-02
  -5.8091314e-02
  -5.6821090e-02
  -5.6347580e-02
  -6.5985440e-02
  -7.2874585e-02
  -6.5186542e-02
  -5.8245003e-02
  -5.8535790e-02
  -5.4573172e-02
  -4.0058530e-02
  -2.3179067e-02
  -1.3569478e-02
  -1.8441129e-02
  -3.2744668e-02
  -3.9284956e-02
  -4.0237652e-02
  -4.4787627e-02
  -4.3465226e-02
  -2.8621485e-02
  -7.6796051e-03
   1.3554414e-02
   2.5683933e-02
   2.8205390e-02
   3.7641315e-02
   5.6437741e-02
   8.2594419e-02
   1.0438898e-01
   1.0771861e-01
   1.0200003e-01
   9.4864419e-02
   9.0659698e-02
   8.4693778e-02
   6.6968699e-02
   4.6048792e-02
   3.2293316e-02
   1.7590165e-02
  -8.2245782e-03
  -2.7551667e-02
  -2.5184553e-02
  -1.0916599e-02
  -1.6522093e-03
  -1.3966471e-03
   1.2563405e-02
   4.6560833e-02
   7.9774972e-02
   9.4855687e-02
   8.6692824e-02
   7.3867667e-02
   7.0183175e-02
   6.7152296e-02
   6.3939239e-02
   6.3587545e-02
   6.4133861e-02
   6.3885535e-02
   5.9173904e-02
   5.4387283e-02
   5.7394257e-02
   6.3836525e-02
   6.2801200e-02
   5.3762486e-02
   4.2443763e-02
   2.6533151e-02
   1.0325771e-02
  -3.8514329e-03
  -2.0186174e-02
  -2.4936665e-02
  -1.0067545e-02
   1.5293565e-02
   4.0733866e-02
   5.8119367e-02
   6.9146321e-02
   7.7868925e-02
   8.3267135e-02
   8.5707709e-02
   8.6848041e-02
   8.6239835e-02
   8.8045351e-02
   9.4225541e-02
   9.6246854e-02
   8.5052131e-02
   5.7072144e-02
   1.4548371e-02
  -3.9930384e-02
  -1.0141617e-01
  -1.6009943e-01
  -2.1033755e-01
  -2.4613678e-01
  -2.6106140e-01
  -2.5876262e-01
  -2.4347670e-01
  -2.0998498e-01
  -1.5293128e-01
  -8.8362334e-02
  -3.9541904e-02
   1.2071994e-03
   4.6978020e-02
   8.0899804e-02
   9.1543518e-02
   8.4422858e-02
   5.5481661e-02
   1.1991984e-02
  -3.2903923e-02
  -7.7544301e-02
  -1.1846155e-01
  -1.5261474e-01
  -1.7306364e-01
  -1.7708815e-01
  -1.7290100e-01
  -1.7312150e-01
  -1.8708120e-01
  -2.0148516e-01
  -1.9196147e-01
  -1.5092067e-01
  -9.8919490e-02
  -6.4401506e-02
  -3.9835310e-02
   4.6487154e-03
   5.4020307e-02
   6.5963500e-02
   5.4337072e-02
   3.9569520e-02
   2.0247846e-02
   1.6129684e-02
   2.3592652e-02
   3.2488701e-02
   4.1616158e-02
   5.1836354e-02
   6.9764023e-02
   8.0110948e-02
   7.0821835e-02
   4.9956614e-02
   2.9361767e-02
   6.4431960e-03
  -2.2493034e-02
  -5.5047556e-02
  -8.5330473e-02
  -9.7453552e-02
  -8.9546655e-02
  -7.2040648e-02
  -4.7386037e-02
  -1.7333325e-02
   8.1621639e-03
   2.6935929e-02
   3.6885970e-02
   3.4229162e-02
   2.7422865e-02
   1.2297506e-02
  -1.2192500e-02
  -3.2808086e-02
  -5.0002568e-02
  -7.0838535e-02
  -8.4128470e-02
  -7.3491523e-02
  -4.4978319e-02
  -4.6887640e-03
   2.3963993e-02
   2.5975920e-02
   2.7594128e-02
   3.6371964e-02
   4.3916141e-02
   4.2952639e-02
   3.8717464e-02
   3.2287203e-02
   1.7427634e-02
   4.2543093e-03
  -7.5305116e-03
  -1.7104102e-02
  -1.4792548e-02
   2.0658592e-03
   3.0131958e-02
   6.5357695e-02
   1.0461558e-01
   1.4979529e-01
   1.9810466e-01
   2.3935941e-01
   2.7184691e-01
   2.8912380e-01
   2.8989115e-01
   2.7369925e-01
   2.3290841e-01
   1.7495856e-01
   1.1651642e-01
   8.6902618e-02
   8.4305845e-02
   7.1273732e-02
   6.7698612e-02
   8.6770651e-02
   8.0499864e-02
   5.3463840e-02
   4.2254599e-02
   3.6291954e-02
   2.8671696e-02
   2.4651991e-02
   1.0927624e-02
  -1.2520945e-02
  -4.1896356e-02
  -7.2752005e-02
  -9.4337860e-02
  -1.0336064e-01
  -8.6924340e-02
  -4.4460601e-02
   1.1570432e-02
   6.5622175e-02
   9.6707921e-02
   1.0170139e-01
   9.7361535e-02
   8.2725404e-02
   4.2594177e-02
  -6.1821870e-03
  -5.3052985e-02
  -9.9778750e-02
  -1.4121251e-01
  -1.7775072e-01
  -1.9861659e-01
  -1.9886874e-01
  -1.7413444e-01
  -1.2594296e-01
  -7.6589640e-02
  -4.5662823e-02
  -3.1348042e-02
  -2.3027234e-02
  -3.7739008e-02
  -7.5137565e-02
  -1.0012771e-01
  -1.0208496e-01
  -1.0417897e-01
  -1.1398187e-01
  -1.1715934e-01
  -1.1622607e-01
  -1.0688609e-01
  -8.9124338e-02
  -7.1024861e-02
  -5.8199704e-02
  -6.0232152e-02
  -6.7190282e-02
  -7.8949768e-02
  -9.6309072e-02
  -1.1352342e-01
  -1.3008208e-01
  -1.3836032e-01
  -1.3594147e-01
  -1.2612416e-01
  -1.2257119e-01
  -1.2704760e-01
  -1.2062389e-01
  -9.6858771e-02
  -6.3257136e-02
  -3.4657482e-02
  -2.2353099e-02
  -1.6639979e-02
  -8.1317973e-03
  -4.3183172e-03
  -1.3847820e-02
  -3.1952210e-02
  -4.7572909e-02
  -5.4713435e-02
  -5.5886622e-02
  -5.7931950e-02
  -5.8289429e-02
  -5.6190944e-02
  -5.5104534e-02
  -5.4542282e-02
  -5.0740558e-02
  -3.7076443e-02
  -1.9713537e-02
  -1.0774841e-02
  -9.8350797e-03
  -9.6070571e-03
  -4.7606638e-03
   5.5068731e-03
   1.9819853e-02
   4.0755042e-02
   7.5197272e-02
   1.2365509e-01
   1.7055747e-01
   2.0308317e-01
   2.2211199e-01
   2.2084253e-01
   1.9182721e-01
   1.4622923e-01
   1.1074873e-01
   1.0559819e-01
   1.1893200e-01
   1.3215382e-01
   1.4741137e-01
   1.5630087e-01
   1.4275813e-01
   1.1746824e-01
   9.9433168e-02
   9.6072754e-02
   9.9220427e-02
   9.3164891e-02
   7.2327832e-02
   3.9274914e-02
   1.5922619e-03
  -2.6409698e-02
  -3.3120812e-02
  -3.3072784e-02
  -4.1443039e-02
  -4.8501809e-02
  -4.5941494e-02
  -2.9759852e-02
  -4.4118513e-03
   1.7711217e-02
   2.8881599e-02
   3.0381265e-02
   3.7686396e-02
   5.6247922e-02
   7.1202455e-02
   6.9201771e-02
   4.3051751e-02
  -6.8108376e-03
  -6.4149033e-02
  -1.0322398e-01
  -1.1643128e-01
  -1.2281133e-01
  -1.3071845e-01
  -1.2751259e-01
  -1.0232226e-01
  -6.1440377e-02
  -3.2326499e-02
  -2.5343263e-02
  -3.3794183e-02
  -5.3820228e-02
  -6.5255964e-02
  -5.5557632e-02
  -3.5646854e-02
  -1.9777720e-02
  -4.6989372e-03
   1.7510482e-02
   4.0934054e-02
   5.7819303e-02
   6.1120228e-02
   5.3721771e-02
   4.1930521e-02
   3.7518735e-02
   4.7441160e-02
   6.0764932e-02
   7.0757434e-02
   7.3203138e-02
   6.1491570e-02
   3.3510710e-02
   2.0745042e-03
  -1.8639135e-02
  -2.6428145e-02
  -2.3530434e-02
  -1.0002937e-02
   1.4319038e-02
   4.3414360e-02
   7.3408347e-02
   8.9814192e-02
   7.8947912e-02
   5.2425459e-02
   1.9636693e-02
  -1.6368841e-02
  -4.2523773e-02
  -5.1659962e-02
  -5.3517435e-02
  -5.4798030e-02
  -5.7372317e-02
  -6.6981361e-02
  -8.1404750e-02
  -1.0040256e-01
  -1.2789136e-01
  -1.5203185e-01
  -1.4774974e-01
  -1.0177998e-01
  -4.8842042e-02
  -2.5786101e-02
  -4.6720635e-03
   2.5001502e-02
   3.8832185e-02
   4.3969081e-02
   4.5425523e-02
   4.7277320e-02
   4.8746751e-02
   3.3684047e-02
   7.4523355e-04
  -3.5448630e-02
  -4.8204037e-02
  -3.9331783e-02
  -3.4700379e-02
  -2.9495590e-02
  -2.0104090e-02
  -4.1106845e-02
  -7.8203373e-02
  -7.5902734e-02
  -5.4482793e-02
  -4.6534745e-02
  -2.3887804e-02
   1.4753034e-02
   5.1738662e-02
   9.9132558e-02
   1.4257148e-01
   1.7993707e-01
   2.0541034e-01
   2.0067633e-01
   1.6465442e-01
   9.3703894e-02
   2.7628293e-02
  -5.1155779e-03
  -1.5325874e-02
  -2.4640966e-02
  -3.0754681e-02
  -1.3853169e-02
   1.7331361e-02
   4.5760735e-02
   5.6655066e-02
   5.7044200e-02
   5.7643019e-02
   5.4041374e-02
   5.0631731e-02
   6.3503933e-02
   8.8291603e-02
   1.0465815e-01
   1.0710069e-01
   1.0504488e-01
   9.9020675e-02
   8.7099859e-02
   7.6802272e-02
   5.4912423e-02
   1.5576383e-02
  -2.9068034e-02
  -5.5521611e-02
  -5.6560757e-02
  -4.9406478e-02
  -3.9313554e-02
  -3.1687075e-02
  -2.6813786e-02
  -3.6638627e-02
  -5.3884847e-02
  -5.7427112e-02
  -5.9228808e-02
  -6.1302625e-02
  -6.1086609e-02
  -5.8149057e-02
  -5.1300190e-02
  -4.8032120e-02
  -4.8945302e-02
  -4.7797984e-02
  -3.9510359e-02
  -3.2034621e-02
  -3.0917866e-02
  -2.6964964e-02
  -1.6595008e-02
  -4.1239140e-03
   2.2426778e-03
  -7.8524613e-03
  -2.5042217e-02
  -2.4966464e-02
  -1.3834722e-02
  -1.5532066e-02
  -2.4219195e-02
  -2.4263839e-02
  -2.2033169e-02
  -2.7201719e-02
  -3.8192106e-02
  -4.8306096e-02
  -5.5656635e-02
  -6.1795455e-02
  -6.3417374e-02
  -6.2930984e-02
  -6.1499211e-02
  -6.2717260e-02
  -7.4250798e-02
  -8.8831042e-02
  -9.7090178e-02
  -9.5762320e-02
  -8.4434756e-02
  -6.4939963e-02
  -4.2089886e-02
  -1.7677488e-02
   5.6427262e-03
   1.9257601e-02
   2.2394141e-02
   1.5790980e-02
   2.3101677e-03
  -8.6903164e-03
  -1.3721857e-02
  -1.9552753e-02
  -2.6569608e-02
  -2.9314067e-02
  -2.8881271e-02
  -2.0693740e-02
  -1.0196947e-02
  -3.5152277e-03
   6.9084758e-03
   1.5681498e-02
   1.9120831e-02
   2.1706471e-02
   2.0813373e-02
   1.0432676e-02
  -4.1914585e-03
  -1.1594882e-02
  -1.4329408e-02
  -1.1096594e-02
   5.0890754e-03
   2.0227325e-02
   1.8930903e-02
   1.2752678e-02
   1.7146236e-02
   2.4902609e-02
   2.4698927e-02
   2.1827632e-02
   1.9570873e-02
   1.5175024e-02
   1.1813845e-02
   1.4761548e-02
   2.7081868e-02
   4.1910873e-02
   5.5466379e-02
   6.8573263e-02
   8.0656827e-02
   9.2366103e-02
   1.0047079e-01
   1.1061337e-01
   1.2393562e-01
   1.3516865e-01
   1.4196677e-01
   1.3905890e-01
   1.3134499e-01
   1.2581743e-01
   1.2236380e-01
   1.1503411e-01
   1.0038521e-01
   8.4160452e-02
   7.3898231e-02
   7.3200191e-02
   7.4403832e-02
   7.2075796e-02
   7.0789962e-02
   7.3205867e-02
   8.0517765e-02
   8.5763705e-02
   8.0827762e-02
   7.0873574e-02
   6.4461214e-02
   6.1690776e-02
   5.8450649e-02
   5.5209868e-02
   4.3426258e-02
   1.8184836e-02
  -1.3257079e-02
  -4.4135977e-02
  -7.0188960e-02
  -9.6019814e-02
  -1.1667360e-01
  -1.2310277e-01
  -1.1813081e-01
  -1.0700671e-01
  -9.4398331e-02
  -8.4100635e-02
  -7.7019270e-02
  -6.9458174e-02
  -5.9195953e-02
  -4.9393597e-02
  -4.2372158e-02
  -3.4386234e-02
  -2.3995102e-02
  -1.1217537e-02
   7.3912748e-03
   3.1425214e-02
   5.8875149e-02
   9.0108362e-02
   1.2465385e-01
   1.5456641e-01
   1.7046905e-01
   1.7148855e-01
   1.5590573e-01
   1.2401421e-01
   8.6486196e-02
   5.4395470e-02
   2.8983330e-02
   8.1143326e-03
  -9.3189560e-04
  -1.7700956e-03
  -9.8035997e-03
  -2.5569758e-02
  -4.6303885e-02
  -6.6885196e-02
  -7.9797676e-02
  -8.3246942e-02
  -7.2410789e-02
  -5.2775188e-02
  -3.7924570e-02
  -2.4841701e-02
  -5.0871761e-03
   1.8516664e-02
   4.7643641e-02
   7.9003035e-02
   9.9301310e-02
   1.0623051e-01
   9.7205554e-02
   7.0169203e-02
   3.2088106e-02
  -7.1180842e-03
  -3.8220486e-02
  -5.1734514e-02
  -4.6604167e-02
  -3.2627000e-02
  -1.1559080e-02
   7.3700989e-03
   6.6200473e-03
  -1.0317617e-02
  -3.4059100e-02
  -6.4780707e-02
  -9.7542839e-02
  -1.2083346e-01
  -1.2642105e-01
  -1.1558097e-01
  -9.7784725e-02
  -8.2412241e-02
  -7.2041412e-02
  -6.8005116e-02
  -7.4654231e-02
  -8.6097171e-02
  -9.1816403e-02
  -8.5361364e-02
  -6.8189477e-02
  -5.7276480e-02
  -5.1966139e-02
  -3.5415666e-02
  -1.0816047e-02
   1.3118890e-02
   3.0551218e-02
   4.4407007e-02
   6.1031705e-02
   7.5373883e-02
   8.5334075e-02
   8.8586755e-02
   8.0419963e-02
   6.4841179e-02
   5.4193098e-02
   5.1129255e-02
   4.6190255e-02
   3.5443391e-02
   2.0449235e-02
   7.2826338e-03
  -1.4154980e-03
  -1.5883651e-02
  -4.1196570e-02
  -6.9638933e-02
  -9.0350902e-02
  -1.0340768e-01
  -1.1567048e-01
  -1.1505158e-01
  -9.3962370e-02
  -6.1061504e-02
  -3.1529020e-02
  -1.7247640e-02
  -1.0737314e-02
  -5.8139888e-03
   7.8625799e-04
   9.1228391e-03
   1.6541632e-02
   2.4494264e-02
   2.8257456e-02
   2.5498262e-02
   2.2574900e-02
   2.7059491e-02
   3.6126695e-02
   4.3935462e-02
   5.5547044e-02
   6.9624961e-02
   8.1505499e-02
   9.3956476e-02
   1.0853792e-01
   1.2967166e-01
   1.4939688e-01
   1.5744589e-01
   1.6222029e-01
   1.6186008e-01
   1.5481637e-01
   1.4498815e-01
   1.2426635e-01
   9.7901847e-02
   7.8178377e-02
   6.7890068e-02
   6.3809564e-02
   6.0662109e-02
   5.6003854e-02
   5.1908069e-02
   5.4452339e-02
   6.3080088e-02
   7.3366432e-02
   7.8818456e-02
   7.1041234e-02
   5.3337222e-02
   3.3575766e-02
   1.1782409e-02
  -1.2947737e-02
  -3.0941444e-02
  -3.1198174e-02
  -1.8040097e-02
   7.5858745e-05
   1.8989846e-02
   3.7502471e-02
   5.1448530e-02
   5.4399618e-02
   5.0214108e-02
   4.8857324e-02
   4.9903128e-02
   4.6321786e-02
   4.2582389e-02
   4.1936743e-02
   4.0382827e-02
   3.1035425e-02
   5.7310318e-03
  -3.7060944e-02
  -8.9569468e-02
  -1.3658984e-01
  -1.6601121e-01
  -1.7132919e-01
  -1.6402351e-01
  -1.5377723e-01
  -1.2288228e-01
  -7.7266941e-02
  -5.0885296e-02
  -5.0410476e-02
  -5.8687295e-02
  -6.1249903e-02
  -5.5126037e-02
  -4.6385969e-02
  -4.4401112e-02
  -4.4602938e-02
  -3.6906054e-02
  -3.2257295e-02
  -3.4415815e-02
  -4.0261884e-02
  -4.5578011e-02
  -4.5903726e-02
  -5.0187802e-02
  -5.8158226e-02
  -6.6562864e-02
  -6.9606623e-02
  -5.9729170e-02
  -4.0993216e-02
  -1.7513975e-02
   1.1421327e-02
   3.9908444e-02
   6.2920505e-02
   8.5791649e-02
   1.0604015e-01
   1.1494242e-01
   1.1056098e-01
   1.0341478e-01
   1.0107157e-01
   9.9981230e-02
   9.5265560e-02
   8.7150179e-02
   8.5532845e-02
   9.1083216e-02
   9.4652005e-02
   9.3128980e-02
   8.5034557e-02
   6.9976110e-02
   5.6450839e-02
   4.7435921e-02
   3.0520983e-02
   6.0864481e-04
  -3.4452600e-02
  -6.6512108e-02
  -9.0633501e-02
  -1.0491706e-01
  -1.1404299e-01
  -1.2219134e-01
  -1.2057586e-01
  -9.9534681e-02
  -6.3856828e-02
  -3.1101791e-02
  -1.2267598e-02
  -2.1905786e-03
   1.1498281e-02
   2.8320002e-02
   3.2571768e-02
   2.8509493e-02
   2.8190108e-02
   2.9874136e-02
   3.7843796e-02
   5.1501470e-02
   5.9486412e-02
   5.7775532e-02
   4.5566659e-02
   2.2498819e-02
  -1.4255838e-03
  -1.8661729e-02
  -3.6262700e-02
  -5.4940148e-02
  -6.5989151e-02
  -6.9840977e-02
  -6.7360671e-02
  -6.0490519e-02
  -5.6025030e-02
  -4.6704371e-02
  -3.3861640e-02
  -2.7311419e-02
  -2.1926089e-02
  -2.4680262e-02
  -3.5406060e-02
  -3.4144240e-02
  -2.9237113e-02
  -3.7075461e-02
  -5.3881136e-02
  -7.3267430e-02
  -8.6858957e-02
  -9.2422644e-02
  -9.4481943e-02
  -9.3591465e-02
  -8.2566694e-02
  -6.3681963e-02
  -4.5617197e-02
  -2.9013239e-02
  -1.7476972e-02
  -8.5985397e-03
  -7.3333031e-03
  -1.8211360e-02
  -3.4372263e-02
  -5.0923063e-02
  -6.2509540e-02
  -7.5164199e-02
  -8.7728586e-02
  -9.6855715e-02
  -1.0173097e-01
  -9.2562471e-02
  -7.4746248e-02
  -4.8514580e-02
  -1.4731422e-02
   7.5712806e-03
   1.9650883e-02
   3.9600848e-02
   6.5284999e-02
   7.5535650e-02
   6.9280253e-02
   5.5294899e-02
   3.5567062e-02
   1.8056580e-02
   2.3813470e-03
  -7.7586216e-03
  -1.3248128e-02
  -2.2302451e-02
  -3.2883075e-02
  -3.8350489e-02
  -2.7339471e-02
  -1.0721617e-02
  -1.6358253e-03
   1.2666338e-03
  -3.0259777e-03
  -4.1931285e-03
  -3.1070027e-04
   2.5015255e-04
  -4.7184867e-03
  -1.0936247e-02
  -1.3033968e-02
  -1.2214877e-02
  -4.7863259e-03
   9.7734077e-03
   2.2067225e-02
   2.6707033e-02
   3.0492712e-02
   4.3051860e-02
   6.4735845e-02
   8.6710289e-02
   9.6392902e-02
   9.0637103e-02
   7.3295264e-02
   4.7167402e-02
   1.5450528e-02
  -1.6904787e-02
  -4.4457545e-02
  -7.1740475e-02
  -1.0909024e-01
  -1.5124376e-01
  -1.8702226e-01
  -2.1041068e-01
  -1.9058832e-01
  -1.1146805e-01
  -3.8412816e-02
  -1.9097800e-02
  -2.2136101e-02
  -1.8132878e-02
   2.1448212e-02
   6.6461351e-02
   6.0348401e-02
   4.6629054e-02
   3.5037993e-02
   1.3441658e-02
   8.4593029e-03
   2.2699445e-03
  -1.8986572e-02
  -3.4606944e-02
  -2.1884719e-02
  -4.3355090e-03
  -1.2954177e-03
  -3.2495251e-03
  -5.8593205e-03
   6.5064726e-04
   1.5030395e-03
  -1.1415215e-02
  -3.2275633e-02
  -5.1603966e-02
  -5.7939481e-02
  -5.8052565e-02
  -6.2025988e-02
  -7.1843734e-02
  -7.7600079e-02
  -7.6783389e-02
  -7.0823690e-02
  -6.2822594e-02
  -5.9433363e-02
  -5.8939768e-02
  -5.9832975e-02
  -6.2307169e-02
  -6.6869041e-02
  -7.0258273e-02
  -6.9085522e-02
  -6.5238063e-02
  -5.6762910e-02
  -3.6842636e-02
  -1.7585689e-02
  -1.6546434e-02
  -1.9764403e-02
  -2.0526625e-02
  -2.3539930e-02
  -2.5843079e-02
  -2.9768584e-02
  -3.1673430e-02
  -3.8703493e-02
  -4.2807464e-02
  -2.5758922e-02
  -6.4757458e-03
   5.4018452e-03
   1.1237839e-02
   1.8382077e-02
   4.1563764e-02
   6.0635257e-02
   7.1729668e-02
   8.5699741e-02
   8.7437800e-02
   8.1502225e-02
   8.0952416e-02
   8.4117445e-02
   8.2012629e-02
   7.6735688e-02
   7.5899023e-02
   7.3835249e-02
   7.3394376e-02
   7.2071211e-02
   6.2797052e-02
   4.7471832e-02
   2.4228692e-02
   3.9466807e-03
  -4.9383883e-03
  -5.8267162e-03
   5.1446347e-03
   1.9991443e-02
   3.1133118e-02
   3.8208152e-02
   3.7787472e-02
   3.5104795e-02
   3.6361812e-02
   4.3012455e-02
   4.9666810e-02
   5.4285442e-02
   5.9736702e-02
   6.1810955e-02
   5.7282811e-02
   4.8800455e-02
   3.7697639e-02
   2.0696032e-02
   1.9157179e-04
  -1.5882451e-02
  -2.4522971e-02
  -2.1340805e-02
  -6.4783218e-03
   1.0330792e-02
   2.3114557e-02
   2.7454192e-02
   2.6091623e-02
   2.6950446e-02
   2.5641690e-02
   1.6898674e-02
   9.0598572e-03
   7.0261984e-03
   5.8121114e-03
   3.9541250e-03
   3.7565999e-04
  -3.6480681e-03
  -7.0736258e-03
  -1.1245262e-02
  -1.7784459e-02
  -2.9620244e-02
  -4.1797462e-02
  -4.9546413e-02
  -5.0432525e-02
  -4.5520159e-02
  -3.9834874e-02
  -3.2285675e-02
  -2.4681463e-02
  -1.7501313e-02
  -9.2918313e-03
  -3.3701293e-03
  -2.1605067e-03
  -4.8792923e-03
  -6.7489254e-03
  -7.5626138e-03
  -4.7871773e-03
   8.3694582e-03
   2.6424870e-02
   4.0467967e-02
   4.9083491e-02
   5.1363390e-02
   4.3849339e-02
   2.5065139e-02
   3.4952743e-03
  -9.6566457e-03
  -1.2921867e-02
  -8.8696564e-03
  -3.1516139e-03
   3.8473942e-03
   1.6238620e-02
   2.9144223e-02
   4.1394903e-02
   5.0456976e-02
   4.7788816e-02
   3.4622771e-02
   1.6539339e-02
  -1.7447064e-03
  -1.3719237e-02
  -1.5600506e-02
  -1.2646799e-02
  -7.0956203e-03
  -2.1350738e-03
  -1.2524983e-02
  -3.1679870e-02
  -4.2831806e-02
  -5.1884710e-02
  -6.1247939e-02
  -6.0698239e-02
  -5.0095458e-02
  -3.8840699e-02
  -3.1378933e-02
  -2.3714249e-02
  -1.5044585e-02
  -1.0405027e-02
  -7.0586499e-03
  -4.8210914e-03
  -3.7828733e-03
  -1.0074782e-04
   1.1132615e-03
   2.9071963e-03
   1.0333641e-02
   1.9393934e-02
   2.7837650e-02
   3.1121002e-02
   2.7118980e-02
   1.8734753e-02
   5.0298375e-03
  -1.1867767e-02
  -2.3188673e-02
  -2.4976397e-02
  -1.9537035e-02
  -4.6458665e-03
   1.7167521e-02
   3.4711404e-02
   4.6211759e-02
   5.2846684e-02
   5.6070328e-02
   5.6957205e-02
   5.4479955e-02
   4.6705681e-02
   3.2150324e-02
   2.0288779e-02
   1.6362837e-02
   1.9349618e-02
   2.6779730e-02
   2.9498537e-02
   2.2710469e-02
   1.2204507e-02
   3.9838585e-03
  -4.4672469e-03
  -1.3567076e-02
  -2.2474806e-02
  -3.0275386e-02
  -3.9866965e-02
  -5.3272821e-02
  -5.8288665e-02
  -5.1273120e-02
  -3.7712811e-02
  -1.8172610e-02
   2.3836502e-04
   9.1167701e-03
   1.3212326e-02
   1.3331959e-02
   8.0423128e-03
   4.3665087e-03
  -4.2553245e-04
  -1.0043084e-02
  -2.0866858e-02
  -2.7910128e-02
  -2.6425198e-02
  -1.9350164e-02
  -1.5041856e-02
  -1.5401082e-02
  -1.9606021e-02
  -2.8757272e-02
  -3.8075857e-02
  -4.4287374e-02
  -5.1401376e-02
  -6.0457773e-02
  -6.6304279e-02
  -6.9198497e-02
  -7.2794247e-02
  -7.5379232e-02
  -7.3081759e-02
  -6.4280782e-02
  -5.0123183e-02
  -3.5561714e-02
  -2.6721223e-02
  -2.1245295e-02
  -1.9061451e-02
  -1.9807301e-02
  -1.8604424e-02
  -1.8943238e-02
  -2.2472186e-02
  -2.7849548e-02
  -3.3566815e-02
  -3.4935934e-02
  -3.2109828e-02
  -3.1273708e-02
  -3.0773892e-02
  -2.7471002e-02
  -2.6653984e-02
  -2.8073968e-02
  -2.8290530e-02
  -2.4029704e-02
  -1.6085040e-02
  -9.3758362e-03
  -6.9134532e-03
  -7.0481602e-03
  -3.0728048e-03
   4.2802334e-03
   1.3747071e-02
   2.2444133e-02
   2.5386379e-02
   2.5184772e-02
   1.9993845e-02
   9.7911343e-03
   1.1420563e-03
  -4.0284152e-03
  -8.0576708e-03
  -1.1572724e-02
  -1.1953235e-02
  -8.0480980e-03
  -3.2412621e-03
  -2.8559267e-03
  -5.0220111e-03
  -9.4703417e-03
  -1.5259291e-02
  -1.7755861e-02
  -2.1380428e-02
  -2.0655754e-02
  -1.2123078e-02
  -1.3935253e-03
   1.0464342e-02
   1.9573711e-02
   2.7412823e-02
   3.2880455e-02
   3.6839907e-02
   4.0836471e-02
   4.1685907e-02
   3.8680789e-02
   3.1254279e-02
   2.4677533e-02
   1.6999314e-02
   8.6475608e-03
   4.2040548e-03
   2.1293105e-03
   5.0837159e-03
   1.4963374e-02
   3.0537574e-02
   4.3969954e-02
   5.0100042e-02
   5.2792434e-02
   5.0196207e-02
   3.8915470e-02
   2.6160499e-02
   1.7336054e-02
   1.2264869e-02
   1.2808347e-02
   1.4755436e-02
   1.5756487e-02
   1.9216777e-02
   2.3436561e-02
   2.3251436e-02
   2.1421251e-02
   2.6684547e-02
   3.5763539e-02
   4.4626952e-02
   5.1861460e-02
   5.2000959e-02
   5.0251657e-02
   4.8652224e-02
   4.5359048e-02
   4.4801380e-02
   4.7905829e-02
   5.6647535e-02
   6.7970078e-02
   7.5160269e-02
   7.6729248e-02
   7.4831170e-02
   6.9053977e-02
   5.5107699e-02
   3.7947601e-02
   2.3735316e-02
   1.2645380e-02
   5.2454930e-03
   6.0710683e-04
  -3.6613849e-03
  -8.5908662e-03
  -1.4089487e-02
  -1.8033439e-02
  -1.7158897e-02
  -1.3147925e-02
  -8.9332932e-03
  -4.7899170e-03
   1.0113815e-03
   1.0222205e-02
   2.2378532e-02
   3.5976062e-02
   4.5102318e-02
   4.4049091e-02
   3.6698771e-02
   3.1695916e-02
   2.6436659e-02
   1.4255729e-02
  -2.6103193e-03
  -2.1790956e-02
  -3.9605869e-02
  -5.2668981e-02
  -6.0788946e-02
  -6.2893435e-02
  -6.0429284e-02
  -5.4702847e-02
  -4.6732642e-02
  -4.0195191e-02
  -3.2399741e-02
  -2.0265638e-02
  -9.7209702e-03
  -3.1374567e-03
   2.1210584e-03
   4.8658009e-03
   3.5398092e-03
  -6.9540039e-04
  -6.2664976e-03
  -1.0453655e-02
  -1.4817108e-02
  -2.3126346e-02
  -2.9546128e-02
  -2.9912886e-02
  -2.8475328e-02
  -2.7420245e-02
  -2.5957364e-02
  -2.2067552e-02
  -1.9254872e-02
  -1.8803630e-02
  -1.5271516e-02
  -9.1330340e-03
  -1.3649597e-03
   5.7255413e-03
   1.0749332e-02
   1.5352945e-02
   1.7765684e-02
   1.8825133e-02
   1.8805376e-02
   1.4950166e-02
   6.0463231e-03
  -5.5771901e-03
  -1.7760991e-02
  -3.0419033e-02
  -4.0781894e-02
  -4.7306682e-02
  -5.0070025e-02
  -4.7923839e-02
  -4.2159308e-02
  -3.8965135e-02
  -4.0908622e-02
  -4.0833305e-02
  -3.8220268e-02
  -3.5573502e-02
  -2.7558107e-02
  -1.4983786e-02
  -2.5096466e-03
   9.4131013e-03
   2.2355173e-02
   3.5684730e-02
   4.4848207e-02
   4.4973188e-02
   3.5390888e-02
   2.0995223e-02
   1.0537595e-02
   1.0122155e-02
   1.3196499e-02
   1.3378131e-02
   1.2266397e-02
   9.0314444e-03
   2.1755808e-03
  -6.6656519e-03
  -1.4929646e-02
  -2.2600114e-02
  -3.2032765e-02
  -4.0448865e-02
  -3.9006504e-02
  -2.6771980e-02
  -9.3125269e-03
   4.5481519e-03
   5.9747945e-03
   2.0395422e-03
   6.9275668e-04
  -3.3186850e-03
  -1.0614636e-02
  -1.7287590e-02
  -2.3322277e-02
  -2.5484072e-02
  -2.3236046e-02
  -2.2757405e-02
  -2.4576020e-02
  -2.3738045e-02
  -2.0742423e-02
  -1.6409774e-02
  -9.1371928e-03
  -1.2925906e-05
   1.1726413e-02
   2.4434229e-02
   3.2183943e-02
   3.4120226e-02
   3.5112436e-02
   3.6635243e-02
   3.6601405e-02
   3.1170449e-02
   1.8683014e-02
   6.7015308e-03
  -1.5378268e-03
  -1.0039940e-02
  -1.9607112e-02
  -2.9382943e-02
  -3.7831025e-02
  -4.4451978e-02
  -5.1128273e-02
  -5.5778123e-02
  -5.3501062e-02
  -4.6553520e-02
  -3.6320115e-02
  -2.0611329e-02
  -6.1721121e-03
   2.5934987e-03
   9.7864298e-03
   1.6069541e-02
   2.0809443e-02
   2.1416012e-02
   1.5515802e-02
   8.5470954e-03
   6.1838789e-03
   9.0597262e-03
   1.4633292e-02
   2.0864893e-02
   2.4392641e-02
   2.4646097e-02
   2.9356091e-02
   3.5881316e-02
   3.4714351e-02
   2.9519713e-02
   2.6212893e-02
   2.7699243e-02
   3.4128740e-02
   3.9113693e-02
   4.2912361e-02
   4.6537038e-02
   4.3828272e-02
   3.8169511e-02
   3.6042864e-02
   3.5522091e-02
   3.5874331e-02
   3.7039549e-02
   3.6853114e-02
   3.6222313e-02
   3.5265470e-02
   3.1143379e-02
   2.3844906e-02
   1.8946730e-02
   2.1265379e-02
   2.7578082e-02
   3.2793896e-02
   3.3830968e-02
   3.0129884e-02
   2.6195756e-02
   2.6519834e-02
   2.9120428e-02
   3.1730627e-02
   3.6836414e-02
   4.1340107e-02
   3.9023641e-02
   2.8436687e-02
   1.4347309e-02
   3.6225042e-03
  -3.7074369e-03
  -6.2652969e-03
  -2.9664779e-03
  -1.2722879e-03
  -4.6275505e-03
  -8.7346329e-03
  -1.0992243e-02
  -1.4276468e-02
  -2.1332291e-02
  -2.9288743e-02
  -3.3526974e-02
  -3.4371062e-02
  -3.5799888e-02
  -3.6992722e-02
  -3.4885286e-02
  -3.0051511e-02
  -2.3267154e-02
  -1.7723551e-02
  -1.6437826e-02
  -1.7873419e-02
  -2.0427950e-02
  -2.2625984e-02
  -2.4299969e-02
  -2.8603038e-02
  -3.6076375e-02
  -4.0008756e-02
  -3.7340596e-02
  -3.2562162e-02
  -3.0455163e-02
  -2.9204258e-02
  -2.2461816e-02
  -1.2161282e-02
  -1.5302406e-03
   7.8792150e-03
   1.3980770e-02
   1.7677160e-02
   1.6574050e-02
   1.0080185e-02
   8.3237991e-04
  -7.7931798e-03
  -1.3287751e-02
  -1.7364216e-02
  -1.8793697e-02
  -1.6349739e-02
  -1.1002613e-02
  -2.1947592e-03
   6.6358746e-03
   9.0660572e-03
   4.7685665e-03
  -2.4612914e-03
  -8.3489482e-03
  -8.0991166e-03
  -2.9584660e-03
   2.9436865e-03
   8.1815060e-03
   9.5553726e-03
   3.7831571e-03
  -5.3020129e-03
  -1.1831091e-02
  -1.5359276e-02
  -1.5610111e-02
  -1.2610451e-02
  -9.7686159e-03
  -7.0747610e-03
  -3.0607323e-03
  -1.0901623e-03
  -1.1080767e-03
   1.4441836e-03
   8.4610821e-03
   1.8448006e-02
   2.4610403e-02
   2.4710170e-02
   2.1664010e-02
   1.4878561e-02
   6.4622216e-03
  -1.2595278e-03
  -8.6978917e-03
  -1.7354720e-02
  -2.6455106e-02
  -3.3018317e-02
  -3.5618692e-02
  -3.2338069e-02
  -2.3072860e-02
  -1.2218697e-02
  -6.7745220e-03
  -6.5420786e-03
  -6.1126996e-03
  -3.7261787e-03
   2.2151710e-04
   1.1680241e-03
  -1.3006461e-03
  -1.5233312e-03
   1.0007357e-03
   5.8077670e-04
  -4.5960486e-03
  -7.5864858e-03
  -4.7355911e-03
   1.6902058e-03
   6.7574394e-03
   8.1474390e-03
   7.4154306e-03
   6.1174150e-03
   7.3610937e-03
   8.3929918e-03
   7.4405578e-03
   5.6795657e-03
   6.0063072e-04
  -6.6165762e-03
  -1.3216365e-02
  -1.6877280e-02
  -1.7971440e-02
  -1.8014446e-02
  -1.6379756e-02
  -1.3636717e-02
  -1.1062756e-02
  -7.7802341e-03
  -2.0663395e-03
   6.5882835e-03
   1.9011568e-02
   3.0172345e-02
   3.2871614e-02
   2.5344246e-02
   1.3435000e-02
   5.3612399e-03
   7.2216059e-04
  -4.8175876e-03
  -1.3005588e-02
  -2.2126604e-02
  -2.7149653e-02
  -2.4225526e-02
  -1.8936797e-02
  -1.7890775e-02
  -1.6017365e-02
  -8.5975355e-03
  -5.9352916e-04
   5.1234152e-03
   9.5444791e-03
   1.2293904e-02
   1.3013775e-02
   1.1089499e-02
   9.3200039e-03
   9.3041766e-03
   1.1831637e-02
   1.8781035e-02
   2.6501387e-02
   3.3140569e-02
   3.6285186e-02
   3.3278976e-02
   2.7589761e-02
   1.9567271e-02
   1.1948650e-02
   7.0933390e-03
   4.3772276e-03
   5.9832975e-03
   1.2040667e-02
   2.3377400e-02
   3.3835007e-02
   3.7983076e-02
   3.8106639e-02
   3.4928075e-02
   3.0215679e-02
   2.4533341e-02
   1.8347693e-02
   1.0885501e-02
   3.5211875e-03
   1.2878206e-03
   1.9700330e-03
   2.1167141e-03
   3.1629987e-03
   4.7608166e-03
   5.9171066e-03
   5.6316798e-03
   4.0789862e-03
   7.0616625e-03
   1.2575849e-02
   1.2107360e-02
   6.9345418e-03
   5.9284804e-04
  -5.7256286e-03
  -1.1441630e-02
  -1.8276962e-02
  -2.4860803e-02
  -2.6236470e-02
  -2.2418264e-02
  -1.9988387e-02
  -2.3379037e-02
  -2.8383857e-02
  -2.9679733e-02
  -2.7401252e-02
  -2.1017491e-02
  -1.5026247e-02
  -1.4546624e-02
  -1.6630046e-02
  -1.7245129e-02
  -1.3255333e-02
  -8.6444499e-03
  -7.2790208e-03
  -6.9547898e-03
  -6.6991076e-03
  -5.0889880e-03
  -7.4948183e-04
   2.1998021e-03
  -1.2113364e-03
  -5.6451931e-03
  -4.9536262e-03
  -2.3700605e-03
  -1.6554293e-03
  -1.2504899e-03
  -8.3008331e-05
   1.3706793e-03
   3.9036740e-03
   4.2487206e-03
   5.0925683e-04
  -2.6841511e-03
  -4.0301070e-03
  -4.1782290e-03
  -3.7194657e-03
  -4.3713115e-03
  -4.0988413e-03
  -2.8179411e-03
  -2.7673264e-03
  -4.2722979e-03
  -5.8232341e-03
  -5.4240144e-03
  -2.5479924e-03
   7.0340575e-04
   1.9520444e-03
   2.7425048e-03
   2.8029870e-03
   2.0820577e-03
   1.4983895e-03
  -2.0665142e-04
  -3.5202160e-03
  -9.0865672e-03
  -1.5248375e-02
  -2.0327528e-02
  -2.5341735e-02
  -2.9597321e-02
  -3.1323373e-02
  -3.0975281e-02
  -2.8382001e-02
  -2.3207993e-02
  -1.9547187e-02
  -1.8335905e-02
  -1.7127243e-02
  -1.8141502e-02
  -2.0740676e-02
  -2.0887925e-02
  -1.9185669e-02
  -1.5190960e-02
  -8.5227869e-03
  -6.1303935e-03
  -9.1888772e-03
  -1.2145127e-02
  -1.4784689e-02
  -1.6045963e-02
  -1.4797788e-02
  -1.3468619e-02
  -1.2964328e-02
  -1.0722294e-02
  -6.3487888e-03
  -4.0198902e-03
  -2.9775461e-03
  -3.1115217e-05
   1.6652095e-03
   7.6346664e-04
   1.5068380e-03
   4.9829668e-03
   1.0498168e-02
   1.6161230e-02
   1.7724533e-02
   1.4594324e-02
   8.1998875e-03
   1.0259656e-03
  -1.2259739e-03
   2.1472663e-03
   6.4097622e-03
   1.0166591e-02
   1.3767265e-02
   1.8836922e-02
   2.5226687e-02
   2.9327929e-02
   3.0982267e-02
   3.0342079e-02
   2.6669702e-02
   2.0691775e-02
   1.3952499e-02
   1.0343574e-02
   1.0105672e-02
   1.0823447e-02
   1.2770580e-02
   1.4377436e-02
   1.3911566e-02
   1.1603069e-02
   8.8221198e-03
   8.7567912e-03
   9.4658009e-03
   5.3929819e-03
  -6.5995700e-04
  -3.4490913e-03
  -2.0399679e-03
   4.2666110e-03
   1.1718772e-02
   1.3914077e-02
   1.2457963e-02
   1.1648040e-02
   1.0318152e-02
   7.0439796e-03
   3.0805219e-03
   1.4350256e-03
   2.2401236e-03
   2.9991804e-03
   5.2176478e-03
   8.8731493e-03
   1.0471611e-02
   1.1512253e-02
   1.3622308e-02
   1.5455659e-02
   1.5091957e-02
   9.3754214e-03
   1.5173168e-03
  -2.9331204e-03
  -4.2825038e-03
  -6.1057028e-03
  -1.0423769e-02
  -1.5204823e-02
  -1.9991662e-02
  -2.5652715e-02
  -2.8652048e-02
  -2.7289806e-02
  -2.5740911e-02
  -2.4181428e-02
  -1.9587355e-02
  -1.3095531e-02
  -8.2097223e-03
  -5.8508064e-03
  -2.3632711e-03
   4.4169706e-03
   1.1921580e-02
   1.8355771e-02
   2.3554339e-02
   2.6087803e-02
   2.7610937e-02
   2.8355477e-02
   2.3414731e-02
   1.1516510e-02
  -2.3471927e-03
  -1.0981000e-02
  -1.3033313e-02
  -9.9597008e-03
  -4.1573588e-03
  -2.6949027e-03
  -5.2476324e-03
  -5.2835113e-03
  -2.6341476e-03
  -6.7789537e-04
  -9.3514184e-04
  -2.3029526e-03
  -2.6239745e-03
  -1.2399893e-03
   2.0589716e-03
   7.1338897e-03
   1.1229762e-02
   1.1211315e-02
   9.2276487e-03
   1.1081749e-02
   1.4237828e-02
   1.2040449e-02
   5.8883772e-03
  -1.5547894e-03
  -9.1158423e-03
  -1.3736265e-02
  -1.5057465e-02
  -1.3934816e-02
  -1.0410365e-02
  -7.7907675e-03
  -7.3495343e-03
  -3.7866609e-03
   5.1569255e-03
   1.4321985e-02
   2.0565484e-02
   2.2903126e-02
   2.0370317e-02
   1.6277261e-02
   1.2323812e-02
   8.0815428e-03
   5.2313467e-03
   4.0268215e-03
   3.5666938e-03
   4.3279119e-03
   5.8263232e-03
   6.9145229e-03
   6.8481137e-03
   3.5271910e-03
  -2.0784447e-03
  -5.2368262e-03
  -3.3577403e-03
   7.4410163e-04
   3.2320823e-03
   4.3389582e-03
   4.2218251e-03
   3.0864927e-03
   1.3852732e-03
  -4.8401824e-04
  -2.1161683e-04
   3.2831663e-03
   8.6966037e-03
   1.1347321e-02
   9.8554151e-03
   8.3155689e-03
   8.1195065e-03
   9.3551406e-03
   1.0309190e-02
   1.0083143e-02
   1.1506140e-02
   1.4424372e-02
   1.5849159e-02
   1.4429065e-02
   1.3353899e-02
   1.4730658e-02
   1.4334865e-02
   9.4894545e-03
   2.0649751e-03
  -3.8241553e-03
  -5.1862770e-03
  -3.0320685e-03
  -1.3369835e-05
   1.2171979e-03
   5.3885939e-04
  -4.6186217e-04
  -1.5634889e-03
  -3.0037430e-03
  -3.7201097e-03
  -3.4971955e-03
  -4.0557255e-03
  -5.2558517e-03
  -6.9369541e-03
  -8.6828721e-03
  -8.6994744e-03
  -7.1102360e-03
  -4.2478583e-03
  -8.9678404e-04
   1.1347539e-03
   1.7697245e-04
  -4.8970735e-03
  -1.1310754e-02
  -1.6859925e-02
  -2.2528291e-02
  -2.4744881e-02
  -2.1502353e-02
  -1.7552397e-02
  -1.5430117e-02
  -1.3810053e-02
  -1.2560131e-02
  -1.3164953e-02
  -1.4559395e-02
  -1.4740373e-02
  -1.4723563e-02
  -1.5536105e-02
  -1.3887662e-02
  -7.8675573e-03
  -3.5316663e-03
  -5.2385399e-03
  -9.0527731e-03
  -1.1160668e-02
  -1.1614530e-02
  -9.9790429e-03
  -6.7554092e-03
  -3.1820352e-03
   1.5409486e-03
   6.6188794e-03
   1.0743099e-02
   1.2050273e-02
   8.4010583e-03
   2.5756520e-03
  -1.2012287e-03
  -1.0343071e-03
   2.9884178e-03
   9.1923047e-03
   1.5525735e-02
   2.0768511e-02
   2.3326316e-02
   1.9807628e-02
   1.1024553e-02
   2.8544095e-03
  -1.7596714e-03
  -4.4768961e-03
  -5.6183849e-03
  -3.5316772e-03
   4.6933485e-04
   3.9849173e-03
   6.7867255e-03
   9.3035653e-03
   1.0887924e-02
   1.1000430e-02
   1.0535903e-02
   1.2536881e-02
   1.7822772e-02
   2.2267195e-02
   2.4836570e-02
   2.6419958e-02
   2.5336714e-02
   2.0069598e-02
   1.0944324e-02
   1.8590670e-03
  -4.4690916e-03
  -9.4866384e-03
  -1.2146001e-02
  -9.6215090e-03
  -4.4939787e-03
  -9.2366321e-04
   1.0981437e-03
   2.4470686e-03
   4.7878431e-03
   8.3448877e-03
   8.6674923e-03
   4.1386607e-03
  -2.7614321e-03
  -9.9067284e-03
  -1.4292077e-02
  -1.3658984e-02
  -9.9020784e-03
  -6.9586102e-03
  -6.6821014e-03
  -7.0894204e-03
  -4.7938466e-03
  -8.7043973e-04
   1.4627180e-03
   2.4650572e-03
   1.2762284e-03
  -3.8210008e-03
  -1.0747498e-02
  -1.7357667e-02
  -2.3528032e-02
  -2.9657465e-02
  -3.4562518e-02
  -3.6785766e-02
  -3.6522924e-02
  -3.4157011e-02
  -3.1308092e-02
  -2.9382506e-02
  -2.8429810e-02
  -2.7343292e-02
  -2.4766821e-02
  -2.2088073e-02
  -2.0027355e-02
  -1.7750403e-02
  -1.4347746e-02
  -8.7959993e-03
  -4.7033688e-03
  -5.5170463e-03
  -7.4687196e-03
  -6.0103896e-03
  -2.2318497e-03
   1.9562468e-03
   6.4645138e-03
   9.0824303e-03
   1.0470978e-02
   1.2378826e-02
   1.3557798e-02
   1.3366342e-02
   1.0720122e-02
   6.9181250e-03
   5.4750220e-03
   7.4450222e-03
   1.0407309e-02
   1.1971136e-02
   1.2050382e-02
   1.0772374e-02
   8.7041789e-03
   7.8659418e-03
   9.2901939e-03
   1.1120608e-02
   1.2581088e-02
   1.3336980e-02
   1.2369875e-02
   9.4175657e-03
   4.7844921e-03
   8.3243449e-04
  -8.4095068e-04
  -1.1407246e-03
  -4.9712982e-04
   7.0971048e-04
   6.4938762e-04
  -4.6897792e-05
  -3.8983909e-05
   1.3438384e-03
   4.7305154e-03
   7.5621226e-03
   8.1182403e-03
   5.8074396e-03
   3.3180301e-03
   3.6659912e-03
   4.6148340e-03
   4.4745930e-03
   2.5387471e-03
   7.0265040e-05
  -7.5269314e-04
   1.2382428e-03
   5.2139584e-03
   8.1469151e-03
   8.1633319e-03
   4.3100543e-03
  -7.7929287e-04
  -4.6099112e-03
  -6.4046538e-03
  -4.2546368e-03
  -3.0423071e-04
   1.4994374e-03
  -2.2089492e-04
  -4.3336315e-03
  -8.6216476e-03
  -1.1612347e-02
  -1.1680350e-02
  -9.8114042e-03
  -8.2630113e-03
  -5.9106883e-03
  -3.1906037e-03
  -8.1396018e-04
   9.5185004e-04
   4.6856968e-04
  -3.0823121e-04
  -1.0839689e-03
  -2.3329918e-03
  -1.9650665e-03
  -1.7843402e-03
  -2.3131476e-03
  -5.8314862e-04
   4.4722462e-03
   1.1982270e-02
   1.7930289e-02
   2.1069885e-02
   2.1922159e-02
   1.8506403e-02
   1.3574171e-02
   1.0244560e-02
   9.0818954e-03
   8.6456724e-03
   8.1696191e-03
   9.1586088e-03
   1.0057787e-02
   1.0245248e-02
   8.6918227e-03
   4.8746969e-03
   1.2235398e-03
   1.9776192e-03
   9.5786661e-03
   1.8363957e-02
   2.2734483e-02
   2.2284114e-02
   1.6865382e-02
   6.5150739e-03
  -3.3810447e-03
  -9.8362149e-03
  -1.6388707e-02
  -2.2107830e-02
  -2.5340971e-02
  -2.5696486e-02
  -2.1097064e-02
  -1.3496017e-02
  -6.8720075e-03
  -2.1680929e-03
   8.8432957e-04
   2.1272911e-03
   1.0213058e-03
  -1.4225493e-03
  -1.2391051e-03
   2.9519495e-03
   8.2402636e-03
   1.2413537e-02
   1.5731491e-02
   1.8066840e-02
   1.8712049e-02
   1.8071534e-02
   1.5464828e-02
   1.1428641e-02
   8.9429424e-03
   8.8155160e-03
   7.9267733e-03
   3.3527629e-03
  -2.0188248e-03
  -5.0121982e-03
  -7.1658391e-03
  -7.3820295e-03
  -4.5507497e-03
  -1.1119080e-03
   1.9392188e-03
   3.8542491e-03
   3.9794705e-03
   2.7435418e-03
   1.7001279e-03
   2.3150141e-03
   5.3253282e-03
   7.6833054e-03
   7.0449292e-03
   6.5859040e-03
   7.3018559e-03
   8.7129003e-03
   7.3732317e-03
   4.8649167e-03
   6.9803428e-03
   1.1487911e-02
   1.6007650e-02
   1.7519542e-02
   1.5427060e-02
   1.1127812e-02
   4.1045391e-03
  -3.7788455e-03
  -9.9198815e-03
  -1.1095939e-02
  -8.9600468e-03
  -7.4382874e-03
  -7.2964964e-03
  -7.3511280e-03
  -6.0096910e-03
  -4.7517895e-03
  -4.5427597e-03
  -5.6755270e-03
  -7.5834513e-03
  -7.4814687e-03
  -5.0163133e-03
  -1.5052007e-03
   2.6766959e-03
   5.5393792e-03
   5.7142111e-03
   3.9367804e-03
   2.8045588e-04
  -2.4567615e-03
  -3.3176153e-03
  -2.5135216e-03
   1.1191340e-03
   3.7931665e-03
   2.6619492e-03
  -1.3014975e-03
  -5.6899135e-03
  -7.5033214e-03
  -5.8735432e-03
  -4.6087651e-03
  -6.4729951e-03
  -9.2465869e-03
  -1.2302746e-02
  -1.5186485e-02
  -1.5363860e-02
  -1.1379412e-02
  -6.4604096e-03
  -3.6775288e-03
  -1.7254189e-03
   8.7950387e-04
   4.9166557e-03
   7.9049316e-03
   8.1866690e-03
   7.6524148e-03
   8.0832783e-03
   1.0406675e-02
   1.2055730e-02
   1.1743659e-02
   1.0197951e-02
   7.5891055e-03
   6.1407413e-03
   6.6025172e-03
   8.6360669e-03
   1.1004250e-02
   1.2281570e-02
   1.2197630e-02
   8.8159308e-03
   3.5920284e-03
   5.4326048e-04
  -7.0699582e-05
  -5.3304803e-04
  -3.2295826e-03
  -6.0747904e-03
  -4.6109372e-03
  -8.0120335e-04
   1.7069282e-03
   3.3073221e-03
   5.0628456e-03
   7.1915558e-03
   8.2073537e-03
   8.1732649e-03
   8.1732321e-03
   6.7899673e-03
   3.2964394e-03
  -1.5679097e-03
  -6.1891292e-03
  -8.9884814e-03
  -8.9406065e-03
  -7.0900207e-03
  -5.8337566e-03
  -4.8681804e-03
  -4.7340411e-03
  -5.8877223e-03
  -6.3846677e-03
  -4.8386652e-03
  -9.9568628e-04
   2.2832612e-03
   2.4058957e-03
   3.5675670e-04
  -2.0073090e-03
  -2.9927185e-03
  -3.3670839e-03
  -4.4376989e-03
  -3.9990091e-03
  -2.5909336e-03
  -3.4356217e-03
  -5.3835073e-03
  -6.4480752e-03
  -6.4189311e-03
  -7.3979878e-03
  -1.1481908e-02
  -1.5522024e-02
  -1.7687530e-02
  -1.8900995e-02
  -1.7710562e-02
  -1.4226039e-02
  -1.0177234e-02
  -7.7952865e-03
  -8.8322602e-03
  -1.1542161e-02
  -1.3876310e-02
  -1.5068817e-02
  -1.5120228e-02
  -1.3801321e-02
  -1.0559382e-02
  -6.9842505e-03
  -5.8722334e-03
  -7.4263132e-03
  -8.5442793e-03
  -8.3717177e-03
  -8.5054969e-03
  -9.5742017e-03
  -1.1684388e-02
  -1.3226625e-02
  -1.1972992e-02
  -8.5327635e-03
  -5.1527558e-03
  -1.8815527e-03
   2.4848796e-03
   7.5769130e-03
   1.1339353e-02
   1.2174490e-02
   1.0823720e-02
   8.0734436e-03
   4.4158572e-03
   1.7943715e-03
   2.4271371e-03
   5.7689410e-03
   7.6460402e-03
   7.4967940e-03
   8.1504080e-03
   7.6730449e-03
   4.0310239e-03
  -3.1623001e-04
  -2.5314228e-03
  -1.1417944e-03
   3.0302675e-03
   7.4407325e-03
   1.1374391e-02
   1.4560159e-02
   1.5777445e-02
   1.6348538e-02
   1.7525655e-02
   1.7970894e-02
   1.6542177e-02
   1.2954286e-02
   9.2511168e-03
   7.0280213e-03
   5.9870961e-03
   7.0601125e-03
   1.0141278e-02
   1.3457377e-02
   1.5323255e-02
   1.6008960e-02
   1.6827288e-02
   1.6291887e-02
   1.4345235e-02
   1.2809439e-02
   1.0158001e-02
   7.0922365e-03
   5.6106677e-03
   5.7194505e-03
   7.2572010e-03
   7.1701179e-03
   5.1626779e-03
   4.4036538e-03
   5.6844776e-03
   8.6925213e-03
   1.2085966e-02
   1.3974876e-02
   1.4293278e-02
   1.3273998e-02
   1.0989187e-02
   8.3946946e-03
   5.6803952e-03
   3.6568768e-03
   2.8554028e-03
   2.1263306e-03
   1.6929128e-03
   2.8149612e-03
   4.9737542e-03
   6.0637004e-03
   6.1832676e-03
   6.8459415e-03
   6.7066064e-03
   4.5264848e-03
   2.3343999e-03
   2.6121749e-03
   5.4553634e-03
   7.0728835e-03
   4.6828479e-03
   4.2291821e-04
  -3.3739279e-03
  -6.8983900e-03
  -1.0661495e-02
  -1.2432093e-02
  -1.1052168e-02
  -9.5353211e-03
  -8.5161503e-03
  -6.5961644e-03
  -4.4845697e-03
  -3.7570147e-03
  -4.6134259e-03
  -5.4884589e-03
  -6.6939446e-03
  -8.1172034e-03
  -7.8540004e-03
  -5.9803941e-03
  -3.3545639e-03
  -4.6451024e-04
   1.5127323e-03
   1.1223868e-03
  -9.0375243e-04
  -2.8123524e-03
  -4.5338199e-03
  -6.9431322e-03
  -1.1082295e-02
  -1.7464310e-02
  -2.3940634e-02
  -2.6636410e-02
  -2.5198198e-02
  -2.1057550e-02
  -1.4633620e-02
  -8.6542301e-03
  -4.9192645e-03
  -3.0234344e-03
  -3.4862364e-03
  -5.6470596e-03
  -7.9912179e-03
  -9.0562660e-03
  -8.7205630e-03
  -8.6684310e-03
  -8.3090306e-03
  -6.8242853e-03
  -5.3593625e-03
  -4.8475067e-03
  -6.1834860e-03
  -7.7118273e-03
  -7.1309535e-03
  -5.7167544e-03
  -3.7900010e-03
  -1.9169732e-03
  -2.5242405e-03
  -5.3553674e-03
  -9.1063131e-03
  -1.2442899e-02
  -1.5147080e-02
  -1.7469986e-02
  -1.7790135e-02
  -1.6935459e-02
  -1.6128484e-02
  -1.5259291e-02
  -1.4224183e-02
  -1.1657864e-02
  -8.5470409e-03
  -5.1481713e-03
  -3.7574404e-04
   4.4354285e-03
   8.0568849e-03
   1.0149880e-02
   1.0233677e-02
   8.0197944e-03
   5.1677863e-03
   3.7411983e-03
   4.1533965e-03
   4.2765767e-03
   3.3516059e-03
   2.5321651e-03
   1.3099897e-03
   1.1428968e-04
  -1.0045474e-03
  -1.9899099e-03
  -2.9551040e-03
  -5.1617173e-03
  -7.5309701e-03
  -9.0035337e-03
  -9.2613991e-03
  -8.1833725e-03
  -7.7135629e-03
  -8.1211548e-03
  -6.6574216e-03
  -2.4406831e-03
   1.9619228e-03
   4.6974854e-03
   6.2304440e-03
   6.6112932e-03
   5.3560005e-03
   4.0465675e-03
   4.9371876e-03
   6.4154273e-03
   6.5742900e-03
   5.3433714e-03
   2.9679624e-03
   1.3149781e-03
   1.0498387e-03
   2.4117573e-03
   4.9414228e-03
   6.0353313e-03
   4.9340439e-03
   3.2772502e-03
   3.2367868e-03
   4.2634674e-03
   4.8649276e-03
   6.4528998e-03
   9.5704905e-03
   1.2998821e-02
   1.5640784e-02
   1.6756665e-02
   1.6119206e-02
   1.3202611e-02
   8.8864224e-03
   6.1841518e-03
   6.7373879e-03
   8.8587519e-03
   1.0317933e-02
   1.0290612e-02
   8.7748452e-03
   7.5088555e-03
   7.4824402e-03
   7.2445391e-03
   7.2603555e-03
   8.6878277e-03
   1.0514465e-02
   1.1990020e-02
   1.2497258e-02
   1.1203783e-02
   8.6980117e-03
   6.9489392e-03
   7.2718276e-03
   8.8405559e-03
   9.8209879e-03
   9.2714304e-03
   8.7434525e-03
   9.5706760e-03
   1.0575526e-02
   1.0686044e-02
   1.0023752e-02
   9.4082331e-03
   8.1059387e-03
   5.0648213e-03
   1.4810122e-03
  -2.0690029e-03
  -4.9855210e-03
  -6.3079870e-03
  -6.5825311e-03
  -6.4490794e-03
  -6.0445220e-03
  -4.8020768e-03
  -3.1088365e-03
  -2.3559687e-03
  -2.8342378e-03
  -3.9112384e-03
  -5.0706502e-03
  -7.4887711e-03
  -1.0802544e-02
  -1.3349751e-02
  -1.5645696e-02
  -1.7665372e-02
  -1.8830263e-02
  -1.8452590e-02
  -1.6431386e-02
  -1.3505295e-02
  -9.3627595e-03
  -4.7174497e-03
  -9.9303166e-04
   4.9013305e-04
  -1.7062733e-05
  -1.4940452e-03
  -4.9978881e-03
  -8.2367925e-03
  -8.6009193e-03
  -7.0318635e-03
  -4.0906220e-03
  -6.2234145e-04
   2.0755412e-03
   2.2731754e-03
   3.8870826e-04
  -1.2721351e-03
  -1.7728135e-03
  -1.2921430e-03
  -7.2852863e-04
  -7.9763947e-04
  -1.5420620e-03
  -1.7982028e-03
  -1.7641140e-03
  -3.0141563e-03
  -5.0034331e-03
  -6.3375241e-03
  -6.2884703e-03
  -5.0869032e-03
  -2.3601384e-03
   2.1860596e-03
   5.7798891e-03
   6.8023563e-03
   6.9912909e-03
   7.4924387e-03
   8.2993705e-03
   9.8209879e-03
   1.1737437e-02
   1.1664632e-02
   8.3995302e-03
   4.1244161e-03
   2.1523419e-03
   1.9754033e-03
   9.8852469e-04
  -5.7025753e-04
  -2.6132992e-03
  -4.5448008e-03
  -5.1430738e-03
  -4.4708490e-03
  -2.5193395e-03
   5.3198705e-04
   3.9945993e-03
   6.2033956e-03
   5.8114673e-03
   3.4028318e-03
   2.6512193e-04
  -2.1310242e-03
  -2.8382765e-03
  -1.9386075e-03
   6.2284683e-04
   2.7867013e-03
   2.6278167e-03
   1.6271585e-03
   1.2984849e-03
   2.2386937e-03
   3.7056359e-03
   4.8794779e-03
   5.9332286e-03
   5.5650850e-03
   2.6527802e-03
  -2.0771021e-03
  -6.8429398e-03
  -9.2041915e-03
  -8.6549942e-03
  -6.2147804e-03
  -2.7429196e-03
   6.3308875e-04
   2.8057923e-03
   2.8257347e-03
   1.9842994e-03
   2.1472663e-03
   2.6344860e-03
   2.6306111e-03
   1.5858437e-03
  -1.1122464e-03
  -4.3664541e-03
  -6.6070143e-03
  -7.4077680e-03
  -6.9477058e-03
  -5.9893883e-03
  -5.3101886e-03
  -5.0831701e-03
  -5.6716847e-03
  -6.4361883e-03
  -5.4052726e-03
  -2.3839667e-03
   1.2775710e-03
   4.1668333e-03
   3.5449831e-03
  -1.0279631e-03
  -6.4285148e-03
  -1.0913641e-02
  -1.3668808e-02
  -1.4730112e-02
  -1.4791566e-02
  -1.3120637e-02
  -9.4697959e-03
  -4.6595981e-03
   5.0210724e-05
   3.2627436e-03
   4.7905719e-03
   5.5550319e-03
   5.7936862e-03
   5.8753552e-03
   6.7090187e-03
   7.8285020e-03
   8.8005183e-03
   8.7589633e-03
   5.9136464e-03
   1.4598363e-03
  -1.2299253e-03
  -9.2684505e-04
   8.6395925e-04
   1.9404304e-03
   1.7675196e-03
   8.9257834e-04
  -9.0493566e-04
  -2.8617228e-03
  -2.7646849e-03
   8.1955105e-04
   5.9961886e-03
   8.9618478e-03
   8.8184741e-03
   7.3595110e-03
   6.4938217e-03
   5.7472084e-03
   4.4516597e-03
   4.3677094e-03
   5.4306400e-03
   5.8747002e-03
   4.8706364e-03
   2.7025654e-03
   5.6124796e-04
  -6.6338335e-04
  -1.1799218e-03
  -1.6307169e-03
  -1.7367927e-03
  -1.1167217e-03
   2.3220873e-04
   2.2570534e-03
   4.0318753e-03
   3.8773788e-03
   2.2977787e-03
   1.3692276e-03
   1.0513090e-03
   7.7876784e-04
   2.1437843e-04
  -1.1456475e-03
  -3.0984123e-03
  -4.2576385e-03
  -2.9162125e-03
   1.7875493e-04
   2.9704402e-03
   3.5877278e-03
   1.8470710e-03
  -1.7414209e-04
  -1.8686071e-03
  -3.1442570e-03
  -3.2388935e-03
  -2.3284619e-03
  -1.1109911e-03
  -6.5094962e-04
  -9.3678570e-04
  -1.3745434e-03
  -1.8364394e-03
  -2.4658868e-03
  -4.0401056e-03
  -5.0500091e-03
  -3.5631463e-03
  -8.8863024e-04
   1.0681613e-03
   1.6356943e-03
   1.2077234e-03
   7.7610012e-04
   1.1207822e-03
   1.9143208e-03
   2.6926542e-03
   3.3488661e-03
   3.1674413e-03
   2.4109823e-03
   1.7446846e-03
   8.7026180e-04
   2.4888964e-04
   5.9140066e-04
   1.9442399e-03
   4.5103518e-03
   7.6874096e-03
   9.8736329e-03
   1.0419567e-02
   9.9476175e-03
   9.2544897e-03
   8.6498203e-03
   8.0447579e-03
   6.8797574e-03
   4.8111147e-03
   3.0286411e-03
   2.5027372e-03
   2.9453457e-03
   4.4737307e-03
   7.0888528e-03
   1.0206989e-02
   1.2979937e-02
   1.4442600e-02
   1.4430812e-02
   1.3261663e-02
   1.1891999e-02
   1.0419698e-02
   8.0164106e-03
   5.3423999e-03
   2.6644597e-03
   1.0976306e-04
  -1.2725717e-03
  -9.6650615e-04
   3.5946481e-04
   1.4528286e-03
   1.6057861e-03
   1.2976007e-03
   1.4677391e-03
   1.9542493e-03
   3.1735539e-03
   4.4670941e-03
   4.1866229e-03
   3.4353816e-03
   3.0604049e-03
   3.0232816e-03
   3.0472409e-03
   2.5790904e-03
   2.1820318e-03
   1.4627398e-03
  -8.9474613e-04
  -4.8934823e-03
  -8.6996491e-03
  -1.0500504e-02
  -1.0007478e-02
  -7.5037252e-03
  -4.2646244e-03
  -1.6836893e-03
  -5.2111532e-04
  -9.6182890e-04
  -1.9344160e-03
  -2.2824862e-03
  -1.5038145e-03
  -5.6168785e-04
  -4.6274304e-04
  -9.4702980e-04
  -1.9297006e-03
  -3.0083602e-03
  -3.8251377e-03
  -4.2988769e-03
  -3.8664961e-03
  -3.6436474e-03
  -4.9825192e-03
  -6.8714508e-03
  -9.1089219e-03
  -1.1550675e-02
  -1.3045102e-02
  -1.2422051e-02
  -9.3352964e-03
  -6.4259715e-03
  -5.1364373e-03
  -5.0722766e-03
  -6.1507943e-03
  -8.0926328e-03
  -1.0513690e-02
  -1.1449271e-02
  -1.0019517e-02
  -7.3044428e-03
  -4.6339687e-03
  -2.4864950e-03
  -7.5276736e-04
  -2.6216604e-04
  -1.0030487e-03
  -2.3470617e-03
  -3.5861450e-03
  -3.6571388e-03
  -2.9107329e-03
  -2.8020156e-03
  -3.1683582e-03
  -3.2724256e-03
  -3.4013364e-03
  -4.2503361e-03
  -6.2770855e-03
  -8.3309596e-03
  -9.4600921e-03
  -9.1327175e-03
  -7.5916815e-03
  -6.5744428e-03
  -6.5655249e-03
  -6.9127656e-03
  -6.2288940e-03
  -4.7401428e-03
  -3.7075024e-03
  -2.5618877e-03
  -1.0176535e-03
   1.7728135e-03
   5.1105350e-03
   6.5895060e-03
   6.7330435e-03
   6.6452182e-03
   6.9389407e-03
   8.0405773e-03
   8.9045529e-03
   9.0567245e-03
   9.7105678e-03
   1.0905717e-02
   1.1571632e-02
   1.2149166e-02
   1.2577486e-02
   1.2846442e-02
   1.3860701e-02
   1.4250162e-02
   1.2672996e-02
   9.9023077e-03
   7.3386626e-03
   5.5631748e-03
   3.3646825e-03
   8.2249820e-04
  -6.7713238e-04
  -5.4999746e-04
   1.4379837e-03
   4.3458895e-03
   6.9131913e-03
   8.3885493e-03
   8.4231729e-03
   7.5053844e-03
   5.7314466e-03
   3.0778149e-03
   1.4094618e-03
   1.8016629e-03
   3.0977028e-03
   4.4026278e-03
   4.8149351e-03
   5.0399124e-03
   6.5190799e-03
   8.0287887e-03
   8.1571101e-03
   7.0221815e-03
   4.8011599e-03
   1.9385420e-03
  -5.7269385e-04
  -2.8504363e-03
  -5.3689025e-03
  -7.0627650e-03
  -7.1910864e-03
  -6.8329303e-03
  -6.7199996e-03
  -5.8368020e-03
  -3.4564701e-03
  -1.6683641e-04
   2.9169984e-03
   4.7110969e-03
   5.2809244e-03
   5.4666062e-03
   5.4951282e-03
   4.8069887e-03
   3.2969743e-03
   2.0498464e-03
   9.2412275e-04
  -9.4242132e-04
  -3.2388607e-03
  -6.0783052e-03
  -8.7515190e-03
  -1.0473882e-02
  -1.1013201e-02
  -9.8234876e-03
  -8.4081097e-03
  -8.0476396e-03
  -8.5323487e-03
  -9.4717607e-03
  -1.0506857e-02
  -1.1341208e-02
  -1.0968557e-02
  -9.7809503e-03
  -9.7276395e-03
  -1.1079675e-02
  -1.2706615e-02
  -1.3730371e-02
  -1.3227935e-02
  -1.1027827e-02
  -8.0665232e-03
  -5.8392907e-03
  -5.2359093e-03
  -5.5874834e-03
  -6.2905660e-03
  -6.3200158e-03
  -5.2653809e-03
  -4.7059885e-03
  -4.8851539e-03
  -5.1225747e-03
  -5.4997781e-03
  -6.0289676e-03
  -6.5881198e-03
  -6.5605802e-03
  -5.4557236e-03
  -4.3225415e-03
  -3.7486535e-03
  -3.1863249e-03
  -2.9903280e-03
  -3.1925249e-03
  -3.6644303e-03
  -4.0879259e-03
  -4.0291247e-03
  -4.3523078e-03
  -5.4261647e-03
  -6.3317826e-03
  -5.9570897e-03
  -4.6825422e-03
  -3.3255072e-03
  -1.6478213e-03
   5.5096675e-04
   3.0858923e-03
   5.5117087e-03
   7.8609862e-03
   1.0121412e-02
   1.1715279e-02
   1.2296742e-02
   1.1519348e-02
   9.4178168e-03
   7.5188976e-03
   7.3392520e-03
   8.6106667e-03
   9.9018165e-03
   9.8482328e-03
   8.8847306e-03
   8.1499387e-03
   7.3078266e-03
   5.9630058e-03
   4.3169965e-03
   2.4823909e-03
   8.2513318e-04
   5.4649471e-05
   5.1324422e-04
   1.4756200e-03
   1.8852421e-03
   1.6522639e-03
   1.0128049e-03
   1.7356794e-04
  -5.2057173e-04
  -1.4134240e-03
  -2.2561146e-03
  -1.9708080e-03
  -1.4078026e-04
   3.0025642e-03
   6.2852939e-03
   8.6685620e-03
   1.0358004e-02
   1.1375155e-02
   1.1060028e-02
   9.0279078e-03
   6.2653187e-03
   4.2512421e-03
   3.7757237e-03
   4.8475503e-03
   6.1056155e-03
   6.5007311e-03
   5.7970263e-03
   4.2075805e-03
   2.8222527e-03
   2.3280471e-03
   2.3660109e-03
   2.2569006e-03
   1.6990473e-03
   4.4258012e-04
  -1.0409634e-03
  -2.2221678e-03
  -3.2837558e-03
  -3.1476626e-03
  -1.6869530e-03
  -6.9296626e-04
  -2.3687506e-04
  -1.1914703e-04
  -6.3924831e-04
  -1.5293783e-03
  -2.4763983e-03
  -2.4740406e-03
  -2.1214514e-03
  -2.7088090e-03
  -3.7875887e-03
  -5.0541461e-03
  -6.3584816e-03
  -7.0498521e-03
  -6.5334991e-03
  -5.3438844e-03
  -4.5671447e-03
  -4.1957373e-03
  -4.1497398e-03
  -5.1122597e-03
  -6.8198974e-03
  -7.9387912e-03
  -8.0275989e-03
  -7.8255439e-03
  -7.6200834e-03
  -7.1354506e-03
  -6.6800165e-03
  -6.7262869e-03
  -6.9293461e-03
  -6.4570040e-03
  -5.5046355e-03
  -4.2174699e-03
  -2.2617252e-03
  -1.9122905e-04
   9.9070886e-04
   7.5400408e-04
   9.4622425e-05
  -1.6907297e-04
   1.2269563e-04
   5.1312525e-04
   2.0116097e-04
  -7.9894277e-04
  -2.8595834e-03
  -4.5508043e-03
  -4.8801546e-03
  -4.7430900e-03
  -4.2023739e-03
  -3.8394150e-03
  -3.6572479e-03
  -3.3176153e-03
  -2.9938537e-03
  -2.8988024e-03
  -2.8527176e-03
  -2.3322605e-03
  -1.2232778e-03
   5.7426458e-04
   2.8133239e-03
   4.9283570e-03
   6.2138963e-03
   6.6535685e-03
   6.7129264e-03
   6.5650883e-03
   6.0832935e-03
   5.0412659e-03
   3.9360600e-03
   2.8010877e-03
   1.6136452e-03
   7.7309074e-04
   3.1594949e-04
   3.5222463e-04
   5.8389960e-04
   7.1333330e-04
   4.4714275e-04
  -3.2698386e-05
  -4.0371256e-04
  -7.9756416e-04
  -8.9699798e-04
  -8.7049976e-04
  -3.6730862e-04
   9.7352693e-04
   2.5590497e-03
   4.1758385e-03
   5.1801316e-03
   5.6760072e-03
   6.5328224e-03
   7.4418895e-03
   8.0129068e-03
   8.2373273e-03
   8.3588048e-03
   8.5439081e-03
   8.4203022e-03
   7.3365668e-03
   5.2857817e-03
   3.7665329e-03
   3.4580092e-03
   4.0512502e-03
   4.8819884e-03
   4.2885946e-03
   2.3146648e-03
  -1.6450051e-04
  -2.9029175e-03
  -5.1725127e-03
  -6.1963006e-03
  -5.7288596e-03
  -4.5390048e-03
  -3.0995366e-03
  -1.1201928e-03
   1.4042660e-03
   3.7521355e-03
   5.2286506e-03
   6.1366807e-03
   6.5720523e-03
   5.9268431e-03
   3.9330582e-03
   1.1956400e-03
  -1.5197728e-03
  -3.6980934e-03
  -5.0916732e-03
  -6.3011212e-03
  -7.4520845e-03
  -8.0116733e-03
  -7.9538654e-03
  -7.8872159e-03
  -9.1635644e-03
  -1.1638653e-02
  -1.3664878e-02
  -1.4707408e-02
  -1.5057137e-02
  -1.4756527e-02
  -1.3608337e-02
  -1.1966115e-02
  -9.9664029e-03
  -7.3219184e-03
  -5.0026691e-03
  -3.5122805e-03
  -2.3231352e-03
  -2.2873436e-03
  -3.5797814e-03
  -4.9625986e-03
  -6.1306118e-03
  -6.6774405e-03
  -6.0437143e-03
  -4.3921490e-03
  -2.4699255e-03
  -1.7450557e-03
  -2.5474139e-03
  -3.3292075e-03
  -2.7756330e-03
  -1.2843058e-03
  -3.1213674e-04
  -4.8331093e-04
  -1.1340881e-03
  -1.2592004e-03
  -5.7322870e-04
   7.1769728e-05
   2.4448855e-04
   6.3213584e-04
   1.2375661e-03
   1.4121469e-03
   1.1880429e-03
   7.8834065e-04
  -7.4484060e-05
  -1.7015142e-03
  -3.2441001e-03
  -3.6621817e-03
  -3.4051241e-03
  -2.8141862e-03
  -1.5124485e-03
  -6.9355133e-05
   6.9191620e-04
   6.7826868e-04
   2.3666221e-04
   2.3263007e-04
   1.1146587e-03
   2.4693906e-03
   3.7717723e-03
   4.3475159e-03
   4.5077321e-03
   5.1291567e-03
   5.3489601e-03
   4.1947222e-03
   2.1714548e-03
   3.2541423e-04
  -4.8841933e-04
  -7.3818221e-04
  -9.8168619e-04
  -6.8210980e-04
   3.5591840e-04
   1.9309777e-03
   3.1591892e-03
   3.1490816e-03
   2.0800602e-03
   1.2322721e-04
  -2.0667216e-03
  -3.6397724e-03
  -4.2683138e-03
  -3.4318450e-03
  -9.7528213e-04
   2.0335060e-03
   4.0180128e-03
   4.7686211e-03
   4.8923471e-03
   4.2912252e-03
   2.8984858e-03
   1.5371719e-03
   8.5928419e-04
   8.0389836e-04
   1.5205914e-03
   2.8634256e-03
   4.2300662e-03
   5.2048659e-03
   5.4509972e-03
   4.6530707e-03
   2.9404992e-03
   1.4968068e-03
   1.1090918e-03
   1.2484705e-03
   1.7123313e-03
   2.2529601e-03
   2.3972944e-03
   2.1294633e-03
   1.3040517e-03
   3.5989706e-04
   7.0541964e-05
   2.8570510e-04
   6.3590601e-04
   7.9817105e-04
   4.1315984e-04
  -3.1223388e-04
  -1.1950942e-03
  -2.1115838e-03
  -2.8640478e-03
  -3.3246448e-03
  -3.2871832e-03
  -3.0703379e-03
  -2.5526533e-03
  -1.3357501e-03
  -2.1603757e-04
   2.6957214e-04
   7.3942547e-04
   1.2335929e-03
   1.2456544e-03
   8.1845732e-04
   2.7226169e-04
   1.8002330e-04
   4.7154631e-04
   7.6349392e-04
   1.5823180e-03
   2.7858389e-03
   3.2469927e-03
   2.5067540e-03
   1.4034365e-03
   8.6318753e-04
   4.0467967e-04
  -3.5180766e-04
  -5.8378935e-04
   9.8136855e-05
   1.0266205e-03
   1.3215928e-03
   8.1025549e-04
   2.6044796e-04
   4.9985103e-04
   1.0202536e-03
   8.1583872e-04
   3.0174964e-06
  -9.9274567e-04
  -1.8889097e-03
  -2.3790220e-03
  -2.4565978e-03
  -2.0967171e-03
  -1.2478702e-03
  -2.0583058e-04
   5.5097330e-04
   4.7615042e-04
  -3.8977251e-04
  -1.2607285e-03
  -1.4557649e-03
  -6.0870157e-04
   1.0678240e-03
   3.0104123e-03
   4.5177197e-03
   5.2189468e-03
   5.3671124e-03
   4.6741592e-03
   3.2496233e-03
   1.8632585e-03
   1.0277077e-03
   8.8002454e-04
   8.7915349e-04
   6.2591297e-04
  -2.9288961e-04
  -1.6011798e-03
  -2.3047755e-03
  -1.7233013e-03
   4.4573794e-04
   3.4812917e-03
   6.3847550e-03
   7.8905888e-03
   7.2854173e-03
   5.6798276e-03
   4.0476590e-03
   2.4968319e-03
   1.1277462e-03
   1.1975065e-04
  -4.1639517e-04
  -1.8201645e-04
   8.4024773e-04
   1.8596237e-03
   2.3380565e-03
   2.2685145e-03
   2.1435223e-03
   2.3490593e-03
   2.1703305e-03
   1.2542557e-03
   1.3754385e-04
  -8.4430280e-04
  -1.3174122e-03
  -7.4104532e-04
   7.4269791e-04
   2.1962983e-03
   3.1414517e-03
   3.5070521e-03
   2.9319961e-03
   1.6343845e-03
  -1.2051146e-04
  -2.0974157e-03
  -3.2287203e-03
  -3.1798739e-03
  -2.5402206e-03
  -1.6773475e-03
  -6.5757417e-04
   6.5858821e-04
   1.9713646e-03
   2.6858321e-03
   2.7175304e-03
   2.2854661e-03
   1.3324536e-03
  -1.2682929e-04
  -1.3795426e-03
  -1.7789698e-03
  -1.6983814e-03
  -1.5179499e-03
  -1.0646312e-03
  -5.4532130e-04
  -4.0244856e-04
  -5.7769856e-04
  -6.8880968e-04
  -7.3829791e-04
  -9.0804436e-04
  -1.2971969e-03
  -1.9338921e-03
  -2.5440083e-03
  -3.1278184e-03
  -3.7107007e-03
  -3.8873227e-03
  -3.6265538e-03
  -2.7813090e-03
  -1.2009012e-03
   4.3409121e-04
   1.5188450e-03
   1.5562411e-03
   8.2967180e-04
  -1.8998142e-05
  -1.2089568e-03
  -2.3153743e-03
  -3.0323195e-03
  -3.7312762e-03
  -4.2699293e-03
  -4.1891881e-03
  -3.4464061e-03
  -2.7718345e-03
  -2.3334502e-03
  -1.8629747e-03
  -1.5351962e-03
  -1.2543212e-03
  -1.1688755e-03
  -1.6812443e-03
  -2.5064156e-03
  -3.1859101e-03
  -2.9985691e-03
  -1.5740878e-03
   1.7230939e-04
   1.5694051e-03
   2.2724987e-03
   2.3109536e-03
   1.9791801e-03
   9.2976710e-04
  -4.0061914e-04
  -1.5688811e-03
  -2.6762702e-03
  -3.6307999e-03
  -4.6899429e-03
  -5.1754271e-03
  -4.6089834e-03
  -3.4665996e-03
  -2.0633160e-03
  -1.2996638e-03
  -8.9329766e-04
  -3.3558192e-04
  -2.0580766e-04
   1.3089637e-04
   9.2068767e-04
   1.1214480e-03
   1.7208890e-04
  -1.5537524e-03
  -2.6605520e-03
  -2.1018037e-03
  -9.4335131e-04
  -6.6751155e-04
  -1.1348194e-03
  -1.6207730e-03
  -1.5247502e-03
  -5.4312949e-04
   4.3663341e-04
   3.5341223e-04
  -4.7513093e-04
  -1.4491392e-03
  -2.0125594e-03
  -1.8662603e-03
  -1.5945542e-03
  -1.0201073e-03
  -4.1230080e-05
   5.5558615e-04
   4.0713563e-04
  -5.1975089e-04
  -1.5255579e-03
  -1.7677925e-03
  -1.5841845e-03
  -1.7855191e-03
  -1.7582633e-03
  -4.7381125e-04
   8.5194031e-04
   1.2496276e-03
   1.7497820e-03
   2.9964079e-03
   4.1706319e-03
   4.0452030e-03
   2.7536276e-03
   1.1711677e-03
  -2.5752045e-05
  -7.1657081e-04
  -1.6877826e-03
  -3.2482480e-03
  -4.7174279e-03
  -5.1754707e-03
  -4.6305850e-03
  -4.2065654e-03
  -4.3878483e-03
  -4.5468857e-03
  -4.1241978e-03
  -3.2403561e-03
  -2.3269447e-03
  -1.4619212e-03
  -6.3304072e-04
   2.3464505e-04
   1.4326024e-03
   2.4109823e-03
   2.4077950e-03
   1.4974944e-03
   1.5388201e-04
  -1.3285350e-03
  -3.1803651e-03
  -5.2215883e-03
  -6.4340271e-03
  -6.2769436e-03
  -5.4579503e-03
  -4.7124177e-03
  -4.0605501e-03
  -3.3823000e-03
  -2.7140265e-03
  -2.1824357e-03
  -1.8106900e-03
  -1.5722868e-03
  -1.3166590e-03
  -1.1057299e-03
  -1.3520031e-03
  -2.1251299e-03
  -3.0043980e-03
  -3.5233160e-03
  -3.7558358e-03
  -3.5060697e-03
  -2.1764322e-03
  -5.2615823e-04
   9.6613612e-05
  -4.5240070e-04
  -1.1653716e-03
  -1.0266052e-03
  -2.7566184e-04
   1.5068489e-04
   1.7372075e-04
   2.8866426e-04
   6.0297644e-04
   1.0186512e-03
   1.0089016e-03
   2.4143443e-04
  -1.0445960e-03
  -2.7493706e-03
  -4.4061098e-03
  -5.6723506e-03
  -6.0470326e-03
  -5.1101857e-03
  -3.8708186e-03
  -3.1290627e-03
  -2.8287474e-03
  -2.7726095e-03
  -2.7788531e-03
  -2.6509901e-03
  -1.9858385e-03
  -6.9536001e-04
   6.6284958e-04
   1.6381612e-03
   2.2394468e-03
   2.3481860e-03
   2.3644609e-03
   3.0908043e-03
   4.2452386e-03
   5.1747940e-03
   5.8063371e-03
   6.2114512e-03
   6.3704122e-03
   5.7742786e-03
   4.5521906e-03
   3.3105858e-03
   1.5344212e-03
  -7.8914184e-04
  -2.9587934e-03
  -4.3507141e-03
  -4.7362788e-03
  -5.0582394e-03
  -5.6025575e-03
  -5.6185049e-03
  -4.8047620e-03
  -3.1737940e-03
  -1.4255947e-03
  -5.8124825e-04
  -6.1105493e-04
  -8.4970811e-04
  -9.0465841e-04
  -9.9638269e-04
  -1.5112915e-03
  -2.2711451e-03
  -2.9057337e-03
  -3.3509073e-03
  -3.8894403e-03
  -4.6794314e-03
  -5.2765692e-03
  -5.1942670e-03
  -4.7220997e-03
  -4.2269444e-03
  -3.5027732e-03
  -2.9654955e-03
  -2.9596230e-03
  -2.5864146e-03
  -1.4138716e-03
   7.2112581e-07
   8.9397660e-04
   1.4070931e-03
   2.7036569e-03
   4.2799823e-03
   4.8188756e-03
   4.4924178e-03
   3.6970455e-03
   2.9602124e-03
   2.9802204e-03
   3.3100728e-03
   3.4179824e-03
   3.5405842e-03
   3.3728800e-03
   2.7148561e-03
   2.1770326e-03
   2.3095128e-03
   2.9956438e-03
   3.3229748e-03
   3.0616601e-03
   3.1681180e-03
   3.7655724e-03
   4.2933755e-03
   4.7261820e-03
   4.7147645e-03
   3.9128320e-03
   2.7624472e-03
   1.8150889e-03
   1.2525092e-03
   1.2654658e-03
   1.8952952e-03
   2.5951251e-03
   2.8881817e-03
   2.5647257e-03
   1.7611886e-03
   1.0586507e-03
   1.1522840e-03
   2.3449551e-03
   4.0633444e-03
   5.6683337e-03
   6.8181072e-03
   7.4177883e-03
   7.5581276e-03
   7.4368466e-03
   7.7097643e-03
   8.3673734e-03
   8.2043628e-03
   6.3132700e-03
   3.3886527e-03
   8.2122547e-04
  -7.6490310e-04
  -1.2629225e-03
  -9.4517418e-04
  -4.2123833e-04
   2.8705097e-04
   1.4804118e-03
   2.4442634e-03
   2.4962971e-03
   2.2266649e-03
   2.5156828e-03
   3.2782653e-03
   3.6306035e-03
   3.3473270e-03
   2.8440289e-03
   2.2723022e-03
   1.6336750e-03
   8.4664416e-04
  -1.0420756e-04
  -6.6745152e-04
  -6.2898456e-04
  -3.9091426e-04
  -1.9437487e-04
  -1.3409131e-04
  -2.5368914e-04
  -6.5671295e-04
  -1.0818623e-03
  -1.5349561e-03
  -2.0561664e-03
  -2.2995688e-03
  -2.5649986e-03
  -2.7532674e-03
  -2.5379721e-03
  -1.8361229e-03
  -4.8667614e-04
   7.5418746e-04
   1.3141157e-03
   1.3896285e-03
   1.0865482e-03
   7.5416017e-04
   5.0302523e-04
   1.5218794e-04
  -9.6802775e-06
   4.3495025e-04
   9.6245544e-04
   8.7172556e-04
   5.0961813e-04
   1.8313419e-04
  -2.2585815e-05
  -1.0083350e-04
  -3.2004822e-04
  -6.3530130e-04
  -6.9381220e-04
  -6.3128007e-04
  -1.0170816e-03
  -1.9135130e-03
  -3.0631665e-03
  -4.3342537e-03
  -5.4852934e-03
  -6.1732255e-03
  -6.3802578e-03
  -6.0268172e-03
  -5.3235381e-03
  -4.8930894e-03
  -4.8878827e-03
  -5.0710104e-03
  -4.7697999e-03
  -3.5479084e-03
  -1.6193430e-03
   4.6412930e-04
   1.9711354e-03
   2.7660930e-03
   3.2377473e-03
   3.1699627e-03
   2.2315113e-03
   1.1191122e-03
   3.5947900e-04
  -3.7534890e-04
  -1.1974738e-03
  -1.7980718e-03
  -2.0090992e-03
  -2.0667106e-03
  -2.2325265e-03
  -2.4942122e-03
  -2.5080857e-03
  -2.0786084e-03
  -1.7310731e-03
  -2.0806496e-03
  -3.2134497e-03
  -4.2965410e-03
  -4.3052733e-03
  -3.7615446e-03
  -3.2234809e-03
  -2.8708153e-03
  -2.3576278e-03
  -1.9216013e-03
  -1.1532992e-03
  -9.0986069e-04
  -9.0310624e-04
  -7.3300503e-04
  -8.2450009e-04
  -1.0185027e-03
  -1.2279278e-03
  -1.0820402e-03
  -7.5051115e-04
  -9.3794492e-04
  -1.2005847e-03
  -1.2396836e-03
  -1.3798374e-03
  -1.6290250e-03
  -1.6961001e-03
  -1.7869926e-03
  -2.1206764e-03
  -2.1606813e-03
  -1.6854139e-03
  -7.1635796e-04
   2.7480935e-04
   5.8453051e-04
   1.0033402e-04
  -1.5500412e-03
  -3.5667702e-03
  -4.4183132e-03
  -4.3605489e-03
  -3.9491803e-03
  -3.6360939e-03
  -4.0120093e-03
  -4.5494180e-03
  -4.4134886e-03
  -3.6938473e-03
  -3.2633876e-03
  -3.3266969e-03
  -3.1844365e-03
  -3.1895995e-03
  -3.9821011e-03
  -4.6183160e-03
  -4.2890530e-03
  -3.3965555e-03
  -2.6754188e-03
  -2.6810620e-03
  -2.8482750e-03
  -2.2674667e-03
  -1.3959048e-03
  -1.2194574e-03
  -1.7207908e-03
  -2.3674626e-03
  -2.8348491e-03
  -3.0810131e-03
  -3.2843015e-03
  -3.2671643e-03
  -2.9430425e-03
  -2.3624415e-03
  -1.6955543e-03
  -1.1160122e-03
  -7.9323184e-04
  -1.0078722e-03
  -1.1318832e-03
  -1.0541339e-03
  -9.4415359e-04
  -7.9677170e-04
  -9.7197149e-04
  -7.1043526e-04
   5.1315908e-06
   7.8022941e-04
   1.7964235e-03
   2.3496159e-03
   2.3522356e-03
   2.4536506e-03
   2.8551299e-03
   3.1480446e-03
   2.8183122e-03
   2.1213750e-03
   1.8944875e-03
   2.5163268e-03
   3.0932930e-03
   2.7139610e-03
   1.7853990e-03
   1.2955487e-03
   1.6259687e-03
   2.0247519e-03
   1.8676793e-03
   1.8146086e-03
   2.4216685e-03
   3.3339011e-03
   3.9096338e-03
   3.9292160e-03
   3.5524601e-03
   2.6595478e-03
   1.4672806e-03
   4.7007819e-04
  -2.3566127e-04
  -3.7386659e-04
   3.6063494e-04
   1.4558304e-03
   2.3341270e-03
   3.1037172e-03
   3.6458632e-03
   3.6992286e-03
   3.4358291e-03
   2.9483910e-03
   2.2752275e-03
   1.5637837e-03
   9.3574437e-04
   5.6599179e-04
   4.3358583e-04
   6.5995919e-04
   1.3156657e-03
   1.7776600e-03
   2.0237258e-03
   2.5545635e-03
   2.9903389e-03
   2.9508798e-03
   2.9395823e-03
   3.5780022e-03
   4.6660382e-03
   5.4520560e-03
   5.8114783e-03
   6.2578307e-03
   6.7599282e-03
   6.6604343e-03
   6.1265185e-03
   5.7925837e-03
   5.4560947e-03
   4.8733543e-03
   4.0756788e-03
   3.2955771e-03
   2.7536167e-03
   2.2185111e-03
   1.8343218e-03
   1.5721667e-03
   1.1239040e-03
   8.3495922e-04
   7.2773726e-04
   5.0911274e-04
   3.3325694e-05
  -7.5585205e-04
  -1.4971997e-03
  -1.9603619e-03
  -1.9445455e-03
  -1.4300919e-03
  -9.2565418e-04
  -4.8854704e-04
   8.4359767e-05
   6.8857390e-04
   1.1722374e-03
   1.4070604e-03
   1.3958284e-03
   1.2819590e-03
   1.1274733e-03
   9.3761090e-04
   6.2667704e-04
   1.2786516e-04
  -2.2598586e-04
  -3.9818392e-04
  -6.8055327e-04
  -8.6824246e-04
  -8.8484369e-04
  -9.6693840e-04
  -9.0837183e-04
  -6.2254338e-04
  -4.6457792e-04
  -3.7566872e-04
  -2.8448039e-04
  -2.1798051e-04
   1.2461456e-04
   6.0287602e-04
   8.5950795e-04
   8.5563735e-04
   6.7062135e-04
   5.3163667e-04
   4.5461107e-04
   3.0602302e-04
   3.2431286e-04
   7.6442064e-04
   1.3661713e-03
   1.8317458e-03
   2.1690753e-03
   2.3057142e-03
   2.1506064e-03
   1.5834532e-03
   6.1899151e-04
  -2.9236895e-04
  -9.6860409e-04
  -1.4288802e-03
  -1.6524494e-03
  -1.9430719e-03
  -2.1812896e-03
  -2.0322835e-03
  -1.7681745e-03
  -1.6241240e-03
  -1.4377981e-03
  -1.2046343e-03
  -1.1023898e-03
  -9.3431991e-04
  -8.0897293e-04
  -1.0148046e-03
  -1.2033463e-03
  -1.0071813e-03
  -2.8434722e-04
   6.3770705e-04
   1.3040408e-03
   1.7209654e-03
   1.9390551e-03
   2.0379377e-03
   2.1323013e-03
   2.0939009e-03
   1.8485009e-03
   1.7118401e-03
   1.8501928e-03
   1.9509528e-03
   1.7491708e-03
   1.4558413e-03
   1.3280110e-03
   1.1789067e-03
   7.7777236e-04
   3.5156643e-04
   2.9977396e-04
   5.6798931e-04
   8.5810423e-04
   1.0427786e-03
   1.1672600e-03
   1.1675547e-03
   9.1083107e-04
   7.0787342e-04
   7.9183248e-04
   1.0349610e-03
   1.3465126e-03
   1.5276319e-03
   1.4521737e-03
   1.3611284e-03
   1.5536978e-03
   1.9225182e-03
   2.2107721e-03
   2.3706608e-03
   2.4927387e-03
   2.6751568e-03
   2.8582844e-03
   2.9777862e-03
   2.9855689e-03
   2.9548966e-03
   2.9154047e-03
   2.7897903e-03
   2.6904056e-03
   2.6083764e-03
   2.6071211e-03
   2.6899581e-03
   2.6506408e-03
   2.4977488e-03
   2.2418700e-03
   1.8892481e-03
   1.4525230e-03
   9.6073954e-04
   4.8668269e-04
   4.5943895e-05
  -1.9771607e-04
  -1.3390793e-04
   1.7197647e-04
   7.2940732e-04
   1.3592728e-03
   1.7685675e-03
   1.9459318e-03
   1.9401357e-03
   1.7509718e-03
   1.4208793e-03
   1.0022857e-03
   5.9548411e-04
   2.9028629e-04
   9.0616582e-05
   5.5552720e-05
   2.4965372e-04
   5.0392466e-04
   6.0169934e-04
   5.3663265e-04
   4.0222152e-04
   2.8517461e-04
   1.7260192e-04
  -6.7508138e-05
  -3.6104318e-04
  -5.6163873e-04
  -7.0800550e-04
  -8.2786094e-04
  -9.3055410e-04
  -1.0106273e-03
  -1.0203223e-03
  -9.0487890e-04
  -7.1123755e-04
  -5.6056575e-04
  -3.9958764e-04
  -1.3128277e-04
   1.4548480e-04
   3.4169454e-04
   5.5116759e-04
   8.0960930e-04
   1.0507730e-03
   1.2563296e-03
   1.4209011e-03
   1.5091521e-03
   1.4588539e-03
   1.2692644e-03
   1.0115005e-03
   7.8288076e-04
   7.0138531e-04
   7.5937882e-04
   8.4439013e-04
   9.2244832e-04
   9.8231383e-04
   9.8140894e-04
   9.2628836e-04
   8.5815772e-04
   8.1003500e-04
   7.6146475e-04
   6.7920085e-04
   6.0567691e-04
   5.2545200e-04
   4.0706578e-04
   3.4754738e-04
   3.9634358e-04
   5.0248382e-04
   6.2154135e-04
   6.7857322e-04
   6.3782058e-04
   5.8117511e-04
   5.4841473e-04
   5.0358410e-04
   4.4996657e-04
   4.0951737e-04
   3.9132686e-04
   3.6256588e-04
   2.8714047e-04
   2.0844918e-04
   1.6918213e-04
   1.4964793e-04
   1.0950110e-04
   3.8144406e-05
  -4.1421100e-05
  -1.0473172e-04
  -1.4711010e-04
  -1.7834779e-04
  -1.9037983e-04
  -1.8346820e-04
  -1.7503606e-04
  -1.5694597e-04
  -1.2537645e-04
  -9.2139935e-05
  -6.9437544e-05
  -6.8337599e-05
  -8.0036723e-05
  -1.0511802e-04
  -1.4827914e-04
  -2.1356414e-04
  -2.9769785e-04
  -3.6870470e-04
  -4.0924340e-04
  -4.1322424e-04
  -3.9219354e-04
  -3.6782928e-04
  -3.5042796e-04
  -3.5799669e-04
  -3.9013818e-04
  -4.3223123e-04
  -4.6649357e-04
  -4.8041507e-04
  -4.8396367e-04
  -4.8262871e-04
  -4.7199057e-04
  -4.5330668e-04
  -4.3673601e-04
  -4.2755834e-04
  -4.2185505e-04
  -4.2897516e-04
  -4.5325210e-04
  -4.7563194e-04
  -4.8610636e-04
  -4.9545867e-04
  -5.1359242e-04
  -5.3295198e-04
  -5.4477226e-04
  -5.5371743e-04
  -5.6281651e-04
  -5.7233910e-04
  -5.8349682e-04
  -5.9286223e-04
  -6.0007731e-04
  -6.0916438e-04
  -6.1826564e-04
  -6.2223339e-04
  -6.2068340e-04
  -6.2332711e-04
  -6.3745163e-04
  -6.5470451e-04
  -6.6593318e-04
  -6.7089423e-04
  -6.7303693e-04
  -6.7502899e-04
  -6.7771963e-04
  -6.8286624e-04
  -6.9124818e-04
  -7.0091485e-04
  -7.1011981e-04
  -7.1890343e-04
  -7.2782022e-04
  -7.3620979e-04
  -7.4243921e-04
  -7.4622904e-04
  -7.4985295e-04
  -7.5460879e-04
  -7.6012216e-04
  -7.6571630e-04
  -7.7009228e-04
  -7.7350662e-04
  -7.7728444e-04
  -7.8192676e-04
  -7.8695548e-04
  -7.9128999e-04
  -7.9502087e-04
  -7.9872992e-04
  -8.0241278e-04
  -8.0625172e-04
  -8.1025003e-04
  -8.1410208e-04
  -8.1755025e-04
  -8.2066551e-04
  -8.2378404e-04
  -8.2697352e-04
  -8.3016955e-04
  -8.3331536e-04
  -8.3636731e-04
  -8.3936577e-04
  -8.4224634e-04
  -8.4496318e-04
  -8.4755013e-04
  -8.5001374e-04
  -8.5235728e-04
  -8.5456874e-04
  -8.5663065e-04
  -8.5854631e-04
  -8.6032552e-04
  -8.6197593e-04
  -8.6349207e-04
  -8.6486741e-04
  -8.6609976e-04
  -8.6718912e-04
  -8.6813330e-04
  -8.6893013e-04
  -8.6957741e-04
  -8.7007515e-04
  -8.7042226e-04
