  -7.8092248e-07
  -7.3034435e-07
  -6.5850955e-07
  -6.3629223e-07
  -2.6549515e-07
  -9.5887613e-07
  -2.1036911e-06
  -2.0170554e-06
  -2.7503666e-06
  -2.8905161e-06
   1.9307921e-06
   4.1188128e-06
  -2.2434063e-06
  -3.3503118e-06
   2.6559960e-06
  -1.6515787e-06
  -8.6997996e-06
  -9.7085187e-06
  -1.5505900e-05
  -1.7966919e-05
  -9.5734465e-06
  -9.3063113e-06
  -7.3200198e-06
   1.6521268e-06
   3.8503333e-06
  -1.6156133e-05
  -3.3560096e-05
  -3.9647651e-05
  -3.5051246e-05
  -3.7093668e-05
  -3.8419469e-05
  -4.8316077e-05
  -6.1669529e-05
  -5.9218126e-05
   1.7779129e-05
   1.2285862e-04
   1.0545187e-04
   1.0062693e-05
  -2.1610311e-07
   8.8195260e-05
   1.0838143e-04
   4.2016844e-06
  -6.8427792e-05
  -6.4006871e-05
  -7.6023664e-05
  -8.5197034e-05
  -7.1826933e-05
  -6.2812813e-05
  -1.1377212e-04
  -1.9990107e-04
  -1.5696172e-04
   9.9202786e-05
   1.5426689e-04
   4.7073107e-05
   3.4050769e-05
  -4.0891966e-05
  -1.4460440e-04
  -1.6155098e-04
  -1.7228272e-04
  -3.1658310e-05
   1.1165948e-04
  -1.3876699e-05
  -1.3225018e-04
  -9.0492997e-06
   1.4487119e-04
   1.0679928e-04
  -2.3793058e-05
  -3.0789058e-05
   1.0285704e-04
   7.3251179e-05
  -1.0442916e-04
  -2.6593774e-04
  -2.3105805e-04
  -1.7995253e-04
  -1.4213500e-04
   2.7226841e-04
   5.3253420e-04
   1.9109170e-04
  -2.3765345e-04
  -7.8233815e-05
   1.5546953e-04
   1.3110131e-04
   4.6224640e-06
  -6.5688811e-05
  -1.1500888e-04
  -2.7297262e-04
  -3.3510460e-04
  -4.2337307e-04
  -6.6312778e-04
  -7.1990215e-04
  -5.1542423e-04
  -3.1160294e-04
  -1.5259477e-04
  -2.4971812e-04
  -2.5942404e-04
  -2.0162592e-04
  -1.7587410e-05
   6.3744937e-05
  -1.5941043e-04
  -2.1509385e-04
  -2.2253202e-04
  -2.4408235e-04
  -4.1183785e-04
  -4.9982609e-04
  -6.1901784e-06
   3.5521755e-04
   1.2771779e-04
   2.5815108e-05
   3.5164479e-04
   6.2706406e-04
   2.9262645e-04
  -1.4486809e-04
  -1.1345569e-04
   3.0367875e-04
   6.7352654e-04
   3.8601364e-04
  -3.5560844e-04
  -6.2704131e-04
  -6.0903995e-04
  -7.3904204e-04
  -8.9713711e-04
  -8.2495693e-04
  -3.4095028e-04
   7.1283935e-05
   1.4629202e-04
   5.7036103e-04
   8.6830681e-04
   6.4398272e-04
   7.0585204e-04
   8.0628032e-04
   4.1322249e-04
  -3.7736766e-05
  -2.4124896e-04
  -4.6754608e-04
  -5.2948882e-04
  -5.5721161e-04
  -3.0591547e-04
   1.1855062e-04
  -9.2393439e-05
  -3.0697024e-04
   8.6520456e-05
   3.7994770e-04
   2.0993479e-04
  -1.7120624e-05
  -1.4345967e-04
  -5.3073903e-04
  -6.5483855e-04
  -2.0017717e-04
  -2.2847801e-06
   1.4510076e-04
  -2.0583878e-04
  -9.6720361e-04
  -1.3403812e-03
  -1.0276697e-03
  -7.7968365e-05
   5.7995321e-04
   7.2702390e-04
   5.1594954e-04
  -1.0474765e-04
  -3.0695783e-04
  -4.2543297e-04
  -5.4592560e-04
  -3.9049226e-04
  -3.5345444e-04
   4.6473337e-05
   6.5707734e-04
   6.6357037e-04
   2.2612753e-04
   8.2222798e-05
   2.0063630e-04
  -5.3406982e-04
  -1.1480103e-03
  -3.0412858e-04
   2.2769521e-04
   1.6146412e-04
   4.9653046e-04
   4.8282056e-04
   1.5846734e-04
   4.3423407e-04
   9.5703546e-04
   1.9211958e-04
  -8.7302224e-04
  -3.9168870e-04
  -1.8443425e-05
  -7.7169121e-04
  -1.2424533e-03
  -3.3284822e-04
   7.0123692e-04
   1.0753141e-03
   1.0821908e-03
   6.1830639e-04
   6.3348883e-04
   7.9032439e-04
   1.2922445e-04
  -3.2352077e-04
  -4.7785074e-04
  -2.9831391e-04
  -5.2719005e-05
  -3.4867593e-04
  -4.3492587e-04
   1.5695861e-04
   1.0040667e-03
   8.5202101e-04
  -3.2402024e-04
  -7.0571968e-04
  -1.4387744e-04
   5.4194231e-05
  -5.2219335e-04
  -1.1453941e-03
  -6.9152996e-04
   6.0434211e-05
   9.5873135e-04
   1.0230907e-03
  -2.7434692e-04
  -1.2796390e-03
  -7.3408360e-04
   3.3648820e-04
   4.8828156e-04
  -2.3779822e-04
   1.0522540e-04
   1.7180187e-03
   2.0143875e-03
   8.2037076e-04
  -6.5706907e-04
  -1.3340112e-03
  -1.0541050e-03
  -5.6059927e-04
  -1.6115493e-04
  -7.8011073e-04
  -1.1036894e-03
  -5.2527492e-05
   1.0055868e-03
   1.4343485e-03
   1.3318189e-03
   9.8162083e-04
   6.0334732e-04
   7.8074152e-04
   1.3735856e-03
   4.1761528e-04
  -1.6952482e-03
  -2.4503164e-03
  -1.8107658e-03
  -1.3538036e-03
  -1.8628423e-03
  -1.5224939e-03
   2.2317419e-04
   1.5589247e-03
   1.4053320e-03
   5.2336807e-04
   5.3072869e-04
   1.0366497e-03
   1.3348281e-03
   9.4065141e-04
  -2.2065722e-04
  -1.5348512e-03
  -1.6002157e-03
  -9.2629727e-04
  -5.0291903e-04
   3.2117547e-04
   1.3128538e-03
   9.5903434e-04
   1.2926271e-04
   6.3995083e-04
   1.0094170e-03
   3.8405302e-04
  -5.7116245e-04
  -6.5301339e-04
   6.9917805e-05
   2.1360269e-05
  -1.5414797e-04
  -2.2922669e-04
  -1.8154709e-05
   1.0412513e-06
  -1.1870160e-03
  -2.4006390e-03
  -3.5101503e-03
  -3.2433357e-03
  -8.4787743e-04
   2.3257505e-03
   5.2792011e-03
   6.2523269e-03
   4.7346829e-03
   1.2688949e-03
  -1.2585850e-03
  -4.9481077e-04
   1.7700746e-03
   2.1986718e-03
   4.6348730e-04
  -1.0890157e-03
  -5.4468367e-04
   1.3612180e-03
   2.0355863e-03
   6.0102476e-04
  -1.8618393e-03
  -2.8568774e-03
  -1.7244404e-03
  -9.3869802e-05
   5.3592807e-04
   1.5592866e-03
   4.6967837e-03
   6.5058949e-03
   3.2168734e-03
  -3.3376339e-03
  -7.8867192e-03
  -5.7612399e-03
   5.6942725e-04
   4.2801404e-03
   1.8135578e-03
  -3.1394204e-03
  -4.8790825e-03
  -3.5183506e-03
  -1.5320902e-03
  -2.1390775e-03
  -5.7338780e-03
  -5.5560981e-03
   1.5172511e-03
   8.1473603e-03
   7.3126571e-03
   1.3682291e-03
  -1.2846026e-03
   2.2324244e-03
   5.7116762e-03
   2.7396121e-03
  -5.2875979e-03
  -1.0463494e-02
  -7.8248912e-03
   3.0477695e-04
   6.3728806e-03
   4.3105632e-03
  -2.2687001e-03
  -5.6192807e-03
  -4.4670823e-03
  -3.0321134e-03
  -4.1533616e-03
  -4.3267777e-03
  -1.0548185e-03
   2.8614066e-03
   3.8098282e-03
   8.3350985e-04
  -3.7024074e-03
  -6.0648990e-03
  -2.7100683e-03
   3.3617281e-03
   3.3846227e-03
  -2.5110483e-03
  -6.9818326e-03
  -5.4640438e-03
   6.8984130e-04
   5.6445744e-03
   4.6574057e-03
  -1.5539404e-03
  -6.8522204e-03
  -6.6634275e-03
  -8.3079848e-04
   5.5409384e-03
   6.2545916e-03
   1.9637277e-03
  -2.3148306e-03
  -3.0820494e-03
  -2.1593973e-03
  -1.5310561e-03
  -1.9063877e-03
  -2.0060631e-03
  -1.6776377e-04
   4.9817982e-03
   1.0305041e-02
   1.0187435e-02
   4.1303532e-03
  -3.9051605e-03
  -9.8328571e-03
  -1.3809070e-02
  -1.5125977e-02
  -1.2338807e-02
  -4.6241392e-03
   5.3207093e-03
   1.0525539e-02
   7.1852579e-03
  -7.5010364e-04
  -5.0912458e-03
  -3.3915201e-04
   9.9257800e-03
   1.5076237e-02
   1.0047998e-02
  -5.1248639e-04
  -8.2504276e-03
  -9.1311786e-03
  -5.1344602e-03
  -7.0010770e-04
   6.6870873e-04
   1.0472180e-03
   3.4522105e-03
   5.8830241e-03
   4.5476996e-03
  -1.4339348e-03
  -7.9390542e-03
  -1.1585269e-02
  -1.1492719e-02
  -8.5617493e-03
  -4.3940139e-03
   3.1697708e-04
   5.8000595e-03
   1.3680636e-02
   2.3928006e-02
   2.9768829e-02
   2.4437707e-02
   1.0149308e-02
  -4.1911471e-03
  -9.2761160e-03
  -5.1721113e-03
  -3.6285634e-04
  -2.7574707e-03
  -1.0215665e-02
  -1.1750620e-02
  -3.0381318e-03
   7.9227467e-03
   1.0695749e-02
   3.2524149e-03
  -2.7807066e-03
   4.6007379e-03
   2.2057967e-02
   3.3215228e-02
   2.5161566e-02
   2.5450490e-03
  -1.6680000e-02
  -1.7604886e-02
  -4.6512529e-03
   5.7496581e-03
   2.0273860e-03
  -1.3868219e-02
  -2.6599979e-02
  -2.0672396e-02
  -6.9677174e-04
   1.5079443e-02
   1.3688495e-02
  -1.9293237e-04
  -9.7662620e-03
  -4.0607903e-03
   1.3581157e-02
   2.9806263e-02
   3.4837398e-02
   2.9968304e-02
   2.3728014e-02
   2.3251921e-02
   2.7964661e-02
   3.1422021e-02
   2.8305599e-02
   2.0577881e-02
   1.4171516e-02
   1.1999834e-02
   9.3772495e-03
  -2.0412634e-03
  -2.4337401e-02
  -5.0983293e-02
  -7.3309191e-02
  -8.4721355e-02
  -7.9556409e-02
  -5.4493495e-02
  -1.3943914e-02
   3.1101662e-02
   6.9741494e-02
   9.5678107e-02
   1.0898016e-01
   1.1192938e-01
   1.0393176e-01
   8.2853176e-02
   5.3076281e-02
   2.6583847e-02
   1.0308836e-02
  -4.1091545e-03
  -2.9449194e-02
  -6.5662752e-02
  -9.8915621e-02
  -1.1575239e-01
  -1.1599747e-01
  -1.1191593e-01
  -1.1482792e-01
  -1.2025066e-01
  -1.1199452e-01
  -8.0777250e-02
  -3.7651764e-02
  -2.8250379e-03
   1.1167396e-02
   6.5241052e-03
  -3.7280114e-03
  -2.2381842e-03
   2.3721293e-02
   7.0893258e-02
   1.1617119e-01
   1.3612180e-01
   1.2697738e-01
   1.0517370e-01
   9.6553150e-02
   1.1581237e-01
   1.4857218e-01
   1.6363673e-01
   1.4163140e-01
   9.4150763e-02
   5.5390874e-02
   5.0107319e-02
   6.7313255e-02
   7.0738766e-02
   3.6417376e-02
  -2.3433920e-02
  -7.4550197e-02
  -8.9624469e-02
  -7.0907735e-02
  -4.3608198e-02
  -3.1046131e-02
  -3.4520244e-02
  -3.3780252e-02
  -1.2266318e-02
   2.3032592e-02
   5.1026311e-02
   5.7021316e-02
   4.5341634e-02
   3.3401570e-02
   3.3850777e-02
   4.2764384e-02
   4.3370875e-02
   2.0257935e-02
  -3.0430023e-02
  -9.5983576e-02
  -1.5220906e-01
  -1.7613882e-01
  -1.5903712e-01
  -1.1700156e-01
  -8.2564770e-02
  -7.6899741e-02
  -9.4144042e-02
  -1.1103489e-01
  -1.1338950e-01
  -1.0686236e-01
  -1.0506822e-01
  -1.0940828e-01
  -1.0020450e-01
  -5.7631530e-02
   1.3434110e-02
   8.7048046e-02
   1.3719414e-01
   1.5330726e-01
   1.4508318e-01
   1.2928132e-01
   1.1583615e-01
   1.0684374e-01
   9.9766673e-02
   9.0574587e-02
   7.9114648e-02
   7.4082170e-02
   8.1549815e-02
   9.0648524e-02
   8.2331377e-02
   4.8552986e-02
  -2.7645749e-03
  -5.3988241e-02
  -8.9540398e-02
  -1.0818599e-01
  -1.1682680e-01
  -1.1671926e-01
  -1.0254650e-01
  -7.1578753e-02
  -3.4324905e-02
  -1.4416491e-02
  -3.0835798e-02
  -7.8401440e-02
  -1.3233188e-01
  -1.6994052e-01
  -1.8446011e-01
  -1.8235264e-01
  -1.7128690e-01
  -1.4999922e-01
  -1.1467280e-01
  -6.7598249e-02
  -1.5381913e-02
   3.1958091e-02
   6.5513637e-02
   8.6379200e-02
   1.0247432e-01
   1.2074909e-01
   1.3929127e-01
   1.4579256e-01
   1.2731966e-01
   8.0866906e-02
   1.1012903e-02
  -6.6844711e-02
  -1.2488543e-01
  -1.4370785e-01
  -1.3024199e-01
  -1.0663486e-01
  -9.0130344e-02
  -8.5881908e-02
  -8.8917465e-02
  -9.2448142e-02
  -9.5741186e-02
  -1.0048030e-01
  -1.0365359e-01
  -1.0063944e-01
  -9.1382000e-02
  -8.0515110e-02
  -7.7426815e-02
  -8.7422178e-02
  -1.0477144e-01
  -1.1817939e-01
  -1.2257838e-01
  -1.2230849e-01
  -1.2188244e-01
  -1.1874503e-01
  -1.0293035e-01
  -6.5365866e-02
  -7.5115634e-03
   5.8364903e-02
   1.1701811e-01
   1.5698033e-01
   1.7633944e-01
   1.7961749e-01
   1.6959410e-01
   1.4542236e-01
   1.0902877e-01
   7.0380248e-02
   4.5702530e-02
   4.7114367e-02
   7.4587217e-02
   1.1346189e-01
   1.4489498e-01
   1.6008775e-01
   1.6522302e-01
   1.7073159e-01
   1.7913250e-01
   1.8588404e-01
   1.8711150e-01
   1.8079117e-01
   1.6479594e-01
   1.3910410e-01
   1.0591824e-01
   6.6533658e-02
   2.5163118e-02
  -1.0850242e-02
  -3.6339199e-02
  -5.0516817e-02
  -5.5062655e-02
  -5.0370597e-02
  -3.6669176e-02
  -1.7283285e-02
   2.4279285e-03
   1.6623229e-02
   2.1120465e-02
   1.5361335e-02
   5.3718138e-03
  -1.9013206e-03
  -2.5514189e-03
   7.2199411e-03
   2.6943295e-02
   4.4692022e-02
   4.3670553e-02
   1.6506481e-02
  -2.8411489e-02
  -7.5449127e-02
  -1.0876611e-01
  -1.2138815e-01
  -1.2277486e-01
  -1.2825551e-01
  -1.4162830e-01
  -1.4686594e-01
  -1.2330018e-01
  -6.6952980e-02
   5.1776643e-03
   6.6249699e-02
   1.0299240e-01
   1.2262182e-01
   1.3809897e-01
   1.5209738e-01
   1.5589868e-01
   1.4183202e-01
   1.1058196e-01
   7.0918593e-02
   3.3063735e-02
  -2.0398674e-03
  -4.0268516e-02
  -8.6959322e-02
  -1.3861704e-01
  -1.7994426e-01
  -1.9630142e-01
  -1.8856336e-01
  -1.7132929e-01
  -1.6169989e-01
  -1.6370705e-01
  -1.5964103e-01
  -1.2347183e-01
  -4.6876837e-02
   5.0572761e-02
   1.3713417e-01
   1.9122819e-01
   2.1050251e-01
   2.0539413e-01
   1.8907833e-01
   1.7217518e-01
   1.5657290e-01
   1.3355210e-01
   9.4198848e-02
   4.4112521e-02
  -9.7232234e-04
  -3.0168813e-02
  -3.9998103e-02
  -3.2787944e-02
  -1.8548178e-02
  -5.9128575e-03
   7.1635834e-03
   3.3518836e-02
   8.0689870e-02
   1.3892210e-01
   1.9299751e-01
   2.3400209e-01
   2.6014480e-01
   2.7228806e-01
   2.6969457e-01
   2.5305511e-01
   2.2473462e-01
   1.8889737e-01
   1.4642025e-01
   8.7289091e-02
   3.8388032e-03
  -9.4614033e-02
  -1.9202858e-01
  -2.9171335e-01
  -3.9681259e-01
  -4.8392186e-01
  -5.2669886e-01
  -5.2620353e-01
  -5.0300900e-01
  -4.7441344e-01
  -4.4666687e-01
  -4.1921191e-01
  -3.8111415e-01
  -3.1554074e-01
  -2.2189192e-01
  -1.2286276e-01
  -3.9143949e-02
   3.0124761e-02
   9.2563960e-02
   1.5115636e-01
   2.0486054e-01
   2.4898805e-01
   2.7561781e-01
   2.7668189e-01
   2.5768781e-01
   2.3682411e-01
   2.2292497e-01
   2.1518278e-01
   2.1125842e-01
   2.0426387e-01
   1.8571135e-01
   1.5394219e-01
   1.1767579e-01
   8.5138711e-02
   6.0597182e-02
   4.7765944e-02
   4.9199806e-02
   6.2569700e-02
   8.2654942e-02
   1.0456876e-01
   1.2554931e-01
   1.4419180e-01
   1.5646639e-01
   1.5666183e-01
   1.3992620e-01
   1.0513337e-01
   5.3711520e-02
  -9.3418424e-03
  -7.6970576e-02
  -1.4390949e-01
  -2.0659470e-01
  -2.6033610e-01
  -3.0115868e-01
  -3.2836857e-01
  -3.4443515e-01
  -3.5608618e-01
  -3.6546534e-01
  -3.6745492e-01
  -3.5720506e-01
  -3.3782734e-01
  -3.1721389e-01
  -2.9437508e-01
  -2.5671370e-01
  -1.9765297e-01
  -1.2789875e-01
  -6.1929394e-02
  -7.2857296e-03
   2.8925223e-02
   4.7187890e-02
   6.0355827e-02
   8.3164953e-02
   1.1840068e-01
   1.6121180e-01
   2.0343557e-01
   2.3840626e-01
   2.6544345e-01
   2.8654913e-01
   3.0106355e-01
   3.0592065e-01
   3.0031177e-01
   2.8927704e-01
   2.8195469e-01
   2.8364852e-01
   2.8911263e-01
   2.8309218e-01
   2.4667377e-01
   1.7566314e-01
   8.7419800e-02
  -9.0380282e-04
  -8.5829377e-02
  -1.6969027e-01
  -2.5081321e-01
  -3.1942476e-01
  -3.6371256e-01
  -3.8050300e-01
  -3.7756310e-01
  -3.6771861e-01
  -3.5900334e-01
  -3.5051040e-01
  -3.3286684e-01
  -2.9457673e-01
  -2.3019045e-01
  -1.5261028e-01
  -9.3253591e-02
  -6.8816711e-02
  -6.3165850e-02
  -5.8453834e-02
  -5.0142271e-02
  -3.4157280e-02
  -7.7479656e-03
   2.5752029e-02
   6.3049825e-02
   1.0450361e-01
   1.4915954e-01
   1.9224573e-01
   2.2787927e-01
   2.5282348e-01
   2.6997998e-01
   2.8540026e-01
   3.0305830e-01
   3.2426221e-01
   3.4555196e-01
   3.6013773e-01
   3.6671554e-01
   3.6605993e-01
   3.5840047e-01
   3.4218498e-01
   3.0674998e-01
   2.4364597e-01
   1.6727258e-01
   1.0089807e-01
   4.8166135e-02
  -5.3123746e-04
  -4.7794795e-02
  -9.3840848e-02
  -1.3664815e-01
  -1.6697580e-01
  -1.8390584e-01
  -1.9510912e-01
  -2.1029362e-01
  -2.2990194e-01
  -2.4867783e-01
  -2.6389853e-01
  -2.6850434e-01
  -2.6099068e-01
  -2.4521571e-01
  -2.2755871e-01
  -2.1366474e-01
  -2.0453377e-01
  -1.9579575e-01
  -1.8735555e-01
  -1.8067329e-01
  -1.7486380e-01
  -1.7272841e-01
  -1.8205586e-01
  -2.0585946e-01
  -2.3621607e-01
  -2.6221504e-01
  -2.7936327e-01
  -2.8236832e-01
  -2.6078076e-01
  -2.1159864e-01
  -1.4489084e-01
  -7.1895700e-02
   3.6144274e-03
   8.2001297e-02
   1.6339372e-01
   2.4497167e-01
   3.1955713e-01
   3.8098385e-01
   4.2773381e-01
   4.6268692e-01
   4.8936114e-01
   5.0929107e-01
   5.2011690e-01
   5.1798152e-01
   5.0339575e-01
   4.7935017e-01
   4.4818181e-01
   4.1510349e-01
   3.8186282e-01
   3.3901034e-01
   2.7195922e-01
   1.7971159e-01
   7.7292177e-02
  -1.5749634e-02
  -8.4742863e-02
  -1.3044674e-01
  -1.6287048e-01
  -1.9352593e-01
  -2.3051516e-01
  -2.6890660e-01
  -2.9382495e-01
  -2.9589312e-01
  -2.7569434e-01
  -2.3890676e-01
  -1.8865642e-01
  -1.2421017e-01
  -5.2056570e-02
   4.8692587e-03
   2.3872062e-02
   9.5817088e-03
  -1.0445914e-02
  -1.9397266e-02
  -2.2021257e-02
  -2.7420732e-02
  -3.8664650e-02
  -5.8091697e-02
  -8.7104300e-02
  -1.2060949e-01
  -1.4707793e-01
  -1.5578286e-01
  -1.4143596e-01
  -1.0564834e-01
  -5.5742153e-02
  -1.1860026e-03
   5.2764401e-02
   1.0274887e-01
   1.4199747e-01
   1.6809674e-01
   1.8769473e-01
   2.0791729e-01
   2.2693102e-01
   2.4137615e-01
   2.5116894e-01
   2.5762370e-01
   2.5850060e-01
   2.4798706e-01
   2.2153620e-01
   1.7771374e-01
   1.1805013e-01
   4.9139726e-02
  -1.5938871e-02
  -6.5244258e-02
  -9.7999008e-02
  -1.1762098e-01
  -1.2647275e-01
  -1.2738274e-01
  -1.2524219e-01
  -1.2389271e-01
  -1.2034579e-01
  -1.0467837e-01
  -7.3777735e-02
  -3.8277282e-02
  -1.0744041e-02
   3.6671761e-03
   7.3050359e-03
   7.5114290e-03
   4.9947450e-03
  -9.2207717e-03
  -3.4416008e-02
  -5.8730865e-02
  -7.3229773e-02
  -7.7426815e-02
  -7.6237720e-02
  -7.5320693e-02
  -7.8124098e-02
  -8.4235128e-02
  -9.0766099e-02
  -9.5935077e-02
  -9.7931792e-02
  -9.1243226e-02
  -7.0132171e-02
  -3.7247540e-02
  -4.3870131e-03
   1.6586312e-02
   2.6343939e-02
   3.2178661e-02
   3.6713228e-02
   4.2576387e-02
   5.3413806e-02
   6.8312698e-02
   8.4555901e-02
   9.8618114e-02
   1.0830801e-01
   1.1670581e-01
   1.2827413e-01
   1.4131911e-01
   1.4957628e-01
   1.4867352e-01
   1.3872769e-01
   1.2715421e-01
   1.2203549e-01
   1.2429393e-01
   1.3007550e-01
   1.3267002e-01
   1.2519669e-01
   1.0306468e-01
   6.7070142e-02
   2.2103260e-02
  -2.4437397e-02
  -6.7088135e-02
  -1.0014112e-01
  -1.1920520e-01
  -1.2791633e-01
  -1.3885902e-01
  -1.6096569e-01
  -1.9361900e-01
  -2.3114802e-01
  -2.6760676e-01
  -2.9789718e-01
  -3.1615809e-01
  -3.1613947e-01
  -2.9689412e-01
  -2.6657060e-01
  -2.3268984e-01
  -1.9623523e-01
  -1.5782931e-01
  -1.1961159e-01
  -8.8340446e-02
  -6.8259960e-02
  -6.1659808e-02
  -7.0289662e-02
  -8.8821916e-02
  -1.0490277e-01
  -1.0873302e-01
  -1.0032849e-01
  -8.8950763e-02
  -8.6256144e-02
  -9.7717013e-02
  -1.1831175e-01
  -1.3723240e-01
  -1.4718651e-01
  -1.4738505e-01
  -1.4096132e-01
  -1.3041882e-01
  -1.1806047e-01
  -1.0548909e-01
  -9.3308191e-02
  -7.7706638e-02
  -5.5745151e-02
  -2.7415045e-02
   4.3769411e-03
   3.3635791e-02
   5.5590452e-02
   7.0687992e-02
   8.1509072e-02
   8.7964452e-02
   8.9734806e-02
   8.7636647e-02
   8.3740732e-02
   7.9397264e-02
   7.2517806e-02
   6.1073482e-02
   4.7901719e-02
   3.5985025e-02
   2.6157080e-02
   2.4312789e-02
   3.6256886e-02
   5.9536728e-02
   8.6174968e-02
   1.1041754e-01
   1.3197098e-01
   1.5419864e-01
   1.7873128e-01
   2.0198475e-01
   2.1545371e-01
   2.1541545e-01
   2.0592668e-01
   1.9110721e-01
   1.7488758e-01
   1.5955727e-01
   1.4382160e-01
   1.2558240e-01
   1.0706918e-01
   9.2918341e-02
   8.5471480e-02
   8.2711713e-02
   8.1092957e-02
   7.8586541e-02
   7.4187026e-02
   6.3651663e-02
   4.2130283e-02
   1.1044960e-02
  -2.4357875e-02
  -5.8363145e-02
  -8.7078138e-02
  -1.1355599e-01
  -1.4188682e-01
  -1.6775756e-01
  -1.8552315e-01
  -1.9599533e-01
  -2.0448827e-01
  -2.1526550e-01
  -2.2686277e-01
  -2.3424717e-01
  -2.3233308e-01
  -2.1489323e-01
  -1.7611090e-01
  -1.2111309e-01
  -6.5650033e-02
  -2.3105288e-02
   4.4832554e-03
   2.2147208e-02
   3.3649441e-02
   4.3540155e-02
   6.0382196e-02
   8.8145831e-02
   1.2295169e-01
   1.5889856e-01
   1.8913934e-01
   2.0962147e-01
   2.2052486e-01
   2.2078338e-01
   2.0564231e-01
   1.7362186e-01
   1.2971771e-01
   8.7886793e-02
   6.1484944e-02
   5.1677164e-02
   5.1700844e-02
   5.7997492e-02
   7.0079950e-02
   8.4751033e-02
   9.7435535e-02
   1.0329993e-01
   9.6426681e-02
   7.7052579e-02
   5.5328829e-02
   3.7516402e-02
   2.0447689e-02
  -1.2652342e-03
  -2.8007782e-02
  -5.7705880e-02
  -8.7389604e-02
  -1.1136373e-01
  -1.2475410e-01
  -1.2862778e-01
  -1.2900419e-01
  -1.3110545e-01
  -1.3890038e-01
  -1.5201982e-01
  -1.6527990e-01
  -1.7388762e-01
  -1.7261673e-01
  -1.5376846e-01
  -1.1469762e-01
  -6.4500130e-02
  -1.6015497e-02
   2.5503952e-02
   5.8138748e-02
   7.8638969e-02
   8.6086761e-02
   8.1725713e-02
   6.7752948e-02
   4.8329417e-02
   3.0882436e-02
   2.2518031e-02
   2.4311859e-02
   3.1682611e-02
   4.0747608e-02
   5.0931795e-02
   6.4123619e-02
   8.0819338e-02
   9.8031375e-02
   1.1366250e-01
   1.2607152e-01
   1.3394505e-01
   1.4016921e-01
   1.5007264e-01
   1.6271330e-01
   1.7150199e-01
   1.7146579e-01
   1.5897404e-01
   1.3069699e-01
   9.2131919e-02
   5.7478795e-02
   3.5870449e-02
   2.5346047e-02
   1.9311230e-02
   1.6442781e-02
   1.8652000e-02
   2.7529311e-02
   4.2260164e-02
   5.7647454e-02
   6.8085200e-02
   7.0604334e-02
   6.5893353e-02
   5.4139010e-02
   3.7028727e-02
   2.2722366e-02
   1.5877860e-02
   1.1502439e-02
   2.2256408e-03
  -1.6111874e-02
  -4.2984644e-02
  -7.3189134e-02
  -9.9110132e-02
  -1.1796430e-01
  -1.3092759e-01
  -1.3728721e-01
  -1.3351797e-01
  -1.1761684e-01
  -9.5349061e-02
  -7.7696401e-02
  -6.8619305e-02
  -6.4300758e-02
  -6.1077101e-02
  -5.7393587e-02
  -5.2294616e-02
  -4.6257834e-02
  -4.0479573e-02
  -3.2454762e-02
  -2.0160317e-02
  -5.7387589e-03
   6.3452498e-03
   1.3736270e-02
   1.7578517e-02
   2.0591220e-02
   2.1639576e-02
   1.7660623e-02
   7.0775165e-03
  -8.4160777e-03
  -2.3930695e-02
  -3.5161170e-02
  -4.1114915e-02
  -4.3101806e-02
  -4.3299110e-02
  -4.3389799e-02
  -4.5762714e-02
  -5.2791494e-02
  -6.4420092e-02
  -7.8228334e-02
  -8.9759314e-02
  -9.6486348e-02
  -9.6115525e-02
  -8.9597066e-02
  -8.1818678e-02
  -7.6717639e-02
  -7.5424412e-02
  -7.7044410e-02
  -7.9698079e-02
  -7.8485201e-02
  -6.9604374e-02
  -5.6719363e-02
  -4.5268111e-02
  -3.9002796e-02
  -4.1998334e-02
  -5.2216232e-02
  -6.1901267e-02
  -6.5345494e-02
  -6.2671247e-02
  -5.5120150e-02
  -4.3214004e-02
  -2.7329629e-02
  -8.6394711e-03
   1.2021343e-02
   3.5284433e-02
   6.1344826e-02
   8.7729715e-02
   1.1304929e-01
   1.3537829e-01
   1.5368987e-01
   1.6649288e-01
   1.6853520e-01
   1.5678695e-01
   1.3243425e-01
   9.9182725e-02
   6.0503701e-02
   2.1075069e-02
  -1.4018162e-02
  -4.1313356e-02
  -5.8567583e-02
  -6.4745105e-02
  -6.2511171e-02
  -5.8545661e-02
  -5.5615787e-02
  -4.7978758e-02
  -3.3548204e-02
  -2.0289681e-02
  -1.3197925e-02
  -1.0938242e-02
  -1.3821996e-02
  -2.3431956e-02
  -3.8781088e-02
  -5.5047454e-02
  -6.8272679e-02
  -7.9954946e-02
  -8.9689100e-02
  -9.0205935e-02
  -7.7871058e-02
  -5.9172627e-02
  -4.6064874e-02
  -4.7779180e-02
  -6.0934191e-02
  -7.4132530e-02
  -8.0465887e-02
  -7.9722587e-02
  -7.5683967e-02
  -7.0777544e-02
  -6.4666101e-02
  -5.8062123e-02
  -5.3317947e-02
  -5.0219724e-02
  -4.6234153e-02
  -3.8122376e-02
  -2.3818393e-02
  -5.7397723e-03
   1.0885297e-02
   2.4297381e-02
   3.6593378e-02
   5.0907598e-02
   6.7529275e-02
   8.2641085e-02
   9.2751026e-02
   9.6078608e-02
   9.0949339e-02
   7.8781466e-02
   6.2824498e-02
   4.6886247e-02
   3.5996504e-02
   3.1398754e-02
   2.9532231e-02
   2.7099339e-02
   2.2540884e-02
   1.7866716e-02
   1.7723082e-02
   2.1794172e-02
   2.6358934e-02
   3.0156921e-02
   3.2978526e-02
   3.3929988e-02
   3.4826953e-02
   3.7206590e-02
   4.1420177e-02
   5.0655488e-02
   6.6764052e-02
   8.4403477e-02
   9.6816531e-02
   1.0289974e-01
   1.0599786e-01
   1.1064297e-01
   1.1838827e-01
   1.2644586e-01
   1.2980664e-01
   1.2660718e-01
   1.1568724e-01
   9.6311691e-02
   7.0878574e-02
   4.3467976e-02
   1.8841341e-02
   7.6131623e-04
  -1.0366186e-02
  -1.5802165e-02
  -1.7211003e-02
  -1.9262524e-02
  -2.6514150e-02
  -3.7853617e-02
  -5.0229858e-02
  -6.3375872e-02
  -7.8122133e-02
  -9.5170268e-02
  -1.1399961e-01
  -1.3063804e-01
  -1.4171206e-01
  -1.4734783e-01
  -1.4910370e-01
  -1.4745640e-01
  -1.4338418e-01
  -1.3582501e-01
  -1.2167046e-01
  -1.0016428e-01
  -7.4290228e-02
  -5.0265845e-02
  -3.3426802e-02
  -2.3089467e-02
  -1.6263471e-02
  -1.2661752e-02
  -1.1555074e-02
  -1.0065164e-02
  -9.4568740e-03
  -1.4339348e-02
  -2.5216787e-02
  -3.8435911e-02
  -4.8720301e-02
  -5.2540315e-02
  -5.0169364e-02
  -4.3661970e-02
  -3.4601833e-02
  -2.4968503e-02
  -1.3868736e-02
  -7.6771618e-05
   1.4423006e-02
   2.8184404e-02
   4.1719027e-02
   5.4416249e-02
   6.6265934e-02
   7.8287794e-02
   8.8186264e-02
   9.3776424e-02
   9.5020946e-02
   9.2695702e-02
   8.6488399e-02
   7.7029416e-02
   6.6340698e-02
   5.7436398e-02
   5.0087258e-02
   4.0659607e-02
   3.0849965e-02
   2.6671331e-02
   3.0160954e-02
   3.8552866e-02
   4.9731740e-02
   6.0848982e-02
   7.0306621e-02
   7.9153427e-02
   8.6030713e-02
   8.8458228e-02
   8.5967737e-02
   7.6740699e-02
   6.1399322e-02
   4.3541189e-02
   2.6994069e-02
   1.4869937e-02
   8.7981928e-03
   7.6446192e-03
   1.0425026e-02
   1.6449813e-02
   2.1734505e-02
   2.2168821e-02
   1.7426093e-02
   9.5476150e-03
  -3.9316227e-04
  -1.1091701e-02
  -1.9942332e-02
  -2.2966514e-02
  -1.9488575e-02
  -1.1619084e-02
  -2.2983680e-03
   5.3478230e-03
   9.9321809e-03
   1.1632217e-02
   1.2460416e-02
   1.1637904e-02
   5.5623026e-03
  -4.5076598e-03
  -1.3595428e-02
  -1.9730758e-02
  -2.4365011e-02
  -3.0582241e-02
  -4.0070903e-02
  -5.0833867e-02
  -5.9319053e-02
  -6.3139481e-02
  -6.3236891e-02
  -6.1581218e-02
  -5.9426598e-02
  -5.6272225e-02
  -5.2652513e-02
  -5.1092802e-02
  -5.0779888e-02
  -5.0177637e-02
  -5.0974710e-02
  -5.3204404e-02
  -5.4512832e-02
  -5.2803179e-02
  -4.8339551e-02
  -4.3864651e-02
  -3.9046124e-02
  -3.1380865e-02
  -2.0036951e-02
  -6.9938073e-03
   7.7619465e-03
   2.3336820e-02
   3.5195191e-02
   4.0130259e-02
   3.8902386e-02
   3.2021894e-02
   2.0185652e-02
   5.9435491e-03
  -6.5839891e-03
  -1.4990202e-02
  -2.0117403e-02
  -2.3488210e-02
  -2.6941020e-02
  -3.1919106e-02
  -3.6996878e-02
  -3.9557376e-02
  -3.8982425e-02
  -3.7201213e-02
  -3.6521819e-02
  -3.9095140e-02
  -4.5384446e-02
  -5.2246945e-02
  -5.4885310e-02
  -4.9446332e-02
  -3.5152587e-02
  -1.5158137e-02
   4.4951888e-03
   2.0175518e-02
   3.3702799e-02
   4.7409805e-02
   5.9310160e-02
   6.4870953e-02
   6.0299056e-02
   4.5052918e-02
   2.3983950e-02
   5.0744729e-03
  -7.4216807e-03
  -1.5269818e-02
  -2.0641167e-02
  -2.5207066e-02
  -3.1875778e-02
  -4.0980174e-02
  -4.7340004e-02
  -4.4819318e-02
  -3.6545396e-02
  -2.9430166e-02
  -2.6689014e-02
  -2.7734784e-02
  -2.8485530e-02
  -2.5119376e-02
  -1.8420676e-02
  -1.4103370e-02
  -1.6422513e-02
  -2.4927760e-02
  -3.5745118e-02
  -4.3186911e-02
  -4.4510023e-02
  -4.2484354e-02
  -3.9769880e-02
  -3.8600020e-02
  -3.8864849e-02
  -3.7822078e-02
  -3.4292538e-02
  -3.0156818e-02
  -2.8050904e-02
  -3.0645010e-02
  -3.5603758e-02
  -3.7631703e-02
  -3.7493962e-02
  -3.9702975e-02
  -4.3604268e-02
  -4.6902896e-02
  -5.1245330e-02
  -5.8131510e-02
  -6.5977734e-02
  -7.3285304e-02
  -7.7101698e-02
  -7.2222988e-02
  -5.3521765e-02
  -2.0561645e-02
   2.0051324e-02
   5.9672710e-02
   9.2257250e-02
   1.1604503e-01
   1.3120576e-01
   1.4042980e-01
   1.4551749e-01
   1.4463128e-01
   1.3706592e-01
   1.2482338e-01
   1.1075465e-01
   9.7513918e-02
   8.4595093e-02
   6.8980717e-02
   4.9704233e-02
   2.9124905e-02
   1.0552425e-02
  -6.4533221e-03
  -2.0971040e-02
  -2.8364335e-02
  -2.5478824e-02
  -1.3827786e-02
   1.3750851e-03
   1.5133629e-02
   2.7323321e-02
   3.9010758e-02
   4.7720444e-02
   5.0850723e-02
   4.7159143e-02
   3.8425053e-02
   2.9415482e-02
   2.3236514e-02
   1.9359315e-02
   1.8064123e-02
   2.0523901e-02
   2.6453449e-02
   3.4328421e-02
   4.0825681e-02
   4.5948539e-02
   5.5325416e-02
   7.3119953e-02
   9.6498654e-02
   1.1918141e-01
   1.3510219e-01
   1.4132738e-01
   1.3558511e-01
   1.1798808e-01
   9.4623237e-02
   7.3783319e-02
   5.8365833e-02
   4.6075111e-02
   3.5331173e-02
   2.5906935e-02
   1.9316814e-02
   1.7774683e-02
   2.2460019e-02
   3.2617527e-02
   4.3481832e-02
   4.8829810e-02
   4.5575958e-02
   3.3284098e-02
   1.6572248e-02
   4.4392965e-03
   1.7948409e-03
   6.6185895e-03
   1.4950700e-02
   2.2551949e-02
   2.5977666e-02
   2.7818958e-02
   3.1594920e-02
   3.8134164e-02
   4.6323809e-02
   5.2858089e-02
   5.4027743e-02
   4.5851956e-02
   2.6819929e-02
   1.7147096e-03
  -2.3474353e-02
  -4.4892221e-02
  -6.2283568e-02
  -7.6539156e-02
  -8.6327806e-02
  -8.8994194e-02
  -8.1745878e-02
  -6.5848887e-02
  -4.6875079e-02
  -2.9937178e-02
  -1.9138434e-02
  -1.4787624e-02
  -1.3447450e-02
  -1.2362178e-02
  -9.5807161e-03
  -6.2465050e-03
  -5.3461685e-03
  -9.9183966e-03
  -1.9515358e-02
  -2.8595660e-02
  -3.3787181e-02
  -3.5415038e-02
  -3.5629817e-02
  -3.7380006e-02
  -4.1284815e-02
  -4.7410942e-02
  -5.5261303e-02
  -6.2493281e-02
  -6.5470205e-02
  -6.1493321e-02
  -4.8947076e-02
  -3.0209453e-02
  -1.2017620e-02
   4.7253761e-04
   6.4881500e-03
   8.0083379e-03
   6.7337556e-03
   4.0893827e-03
  -6.4916246e-04
  -9.0601059e-03
  -2.1469572e-02
  -3.7422507e-02
  -5.5081476e-02
  -7.0828214e-02
  -8.1496353e-02
  -8.3871026e-02
  -7.6519922e-02
  -6.3076505e-02
  -4.9421617e-02
  -4.0805206e-02
  -3.8576132e-02
  -4.0016406e-02
  -4.3710158e-02
  -5.1870745e-02
  -6.4419471e-02
  -7.6614851e-02
  -8.2885957e-02
  -8.1952178e-02
  -7.5853764e-02
  -6.5691499e-02
  -5.1963605e-02
  -3.5223835e-02
  -1.5887374e-02
   3.3585431e-03
   1.9998690e-02
   3.2982249e-02
   4.1876415e-02
   4.5676781e-02
   4.5036269e-02
   4.2953725e-02
   4.3072024e-02
   4.6728860e-02
   5.1616670e-02
   5.3775323e-02
   5.2370208e-02
   4.9672590e-02
   4.8931668e-02
   5.0984844e-02
   5.3611937e-02
   5.4083687e-02
   4.8815333e-02
   3.6231448e-02
   1.8469898e-02
   8.6256868e-04
  -1.1147128e-02
  -1.6012705e-02
  -1.5729469e-02
  -1.3722517e-02
  -1.2005108e-02
  -1.2022481e-02
  -1.2583679e-02
  -1.0462873e-02
  -5.8777916e-03
  -2.1538856e-03
   5.7659553e-05
   1.6793439e-03
   1.9912860e-03
  -1.4147939e-03
  -9.0827110e-03
  -1.8391825e-02
  -2.5936510e-02
  -3.0312448e-02
  -3.3031678e-02
  -3.5099021e-02
  -3.7251573e-02
  -3.7210830e-02
  -3.3957701e-02
  -3.0247714e-02
  -2.9069995e-02
  -3.0726496e-02
  -3.4884862e-02
  -4.0316911e-02
  -4.4322750e-02
  -4.5105760e-02
  -4.1289055e-02
  -3.2269144e-02
  -1.8879913e-02
  -4.4085014e-03
   7.6771205e-03
   1.6262437e-02
   2.2658150e-02
   2.7937775e-02
   3.2010933e-02
   3.5711096e-02
   3.9881768e-02
   4.3694647e-02
   4.8725471e-02
   5.5286328e-02
   6.1794756e-02
   6.7119157e-02
   7.0170225e-02
   7.1608535e-02
   7.3236391e-02
   7.4357443e-02
   7.5637744e-02
   7.7723597e-02
   7.9235326e-02
   7.8065879e-02
   7.3674740e-02
   6.6864048e-02
   5.8497886e-02
   4.9305593e-02
   3.9730895e-02
   3.1006216e-02
   2.5237055e-02
   2.2476254e-02
   2.3019562e-02
   2.6673502e-02
   2.8998229e-02
   2.5926169e-02
   1.7469938e-02
   7.4159416e-03
  -1.8407543e-03
  -1.1170291e-02
  -1.9258181e-02
  -2.3443537e-02
  -2.2050108e-02
  -1.6765416e-02
  -9.7003287e-03
  -1.3375478e-03
   7.5273022e-03
   1.6473183e-02
   2.5640658e-02
   3.4078379e-02
   3.9563580e-02
   4.1594730e-02
   4.1318733e-02
   3.7606367e-02
   3.0006566e-02
   2.1922605e-02
   1.6166370e-02
   1.2359592e-02
   7.9253526e-03
  -1.8105590e-04
  -1.1150954e-02
  -2.2418139e-02
  -3.1500819e-02
  -3.7820630e-02
  -4.2523752e-02
  -4.5596847e-02
  -4.5978734e-02
  -4.2441336e-02
  -3.3613661e-02
  -2.1076103e-02
  -7.5817985e-03
   4.7180445e-03
   1.2273143e-02
   1.2878186e-02
   6.8027911e-03
  -6.1077618e-03
  -2.3904946e-02
  -4.1742811e-02
  -5.7541254e-02
  -6.9076577e-02
  -7.4211534e-02
  -7.5835771e-02
  -7.6149306e-02
  -7.5752424e-02
  -7.5671558e-02
  -7.2351421e-02
  -6.2259681e-02
  -4.6674157e-02
  -2.9748561e-02
  -1.6712057e-02
  -7.9518045e-03
  -6.1757426e-04
   7.0716843e-03
   1.3387059e-02
   1.6879061e-02
   1.7825766e-02
   1.6316002e-02
   1.3108684e-02
   9.4735952e-03
   7.9796421e-03
   9.5327449e-03
   1.0666588e-02
   9.3712725e-03
   6.4370456e-03
   2.5954813e-03
  -7.4530032e-04
  -1.2692878e-03
   2.8219873e-03
   9.6266605e-03
   1.6907292e-02
   2.5023413e-02
   3.3751298e-02
   4.2080337e-02
   4.9643842e-02
   5.4017712e-02
   5.1378313e-02
   4.0036468e-02
   2.2421758e-02
   1.5288639e-03
  -1.8124824e-02
  -3.3161870e-02
  -4.3808396e-02
  -4.9096398e-02
  -4.8400562e-02
  -4.3481626e-02
  -3.6635465e-02
  -2.9655804e-02
  -2.4953405e-02
  -2.3275809e-02
  -2.3850450e-02
  -2.5591229e-02
  -2.6033404e-02
  -2.2436442e-02
  -1.5913536e-02
  -1.0477557e-02
  -8.1415488e-03
  -8.3834627e-03
  -9.2499536e-03
  -9.6165161e-03
  -9.1392445e-03
  -6.9741701e-03
  -3.7131205e-03
  -1.1088702e-03
   2.0224741e-03
   7.6961373e-03
   1.3306194e-02
   1.6302766e-02
   1.7374285e-02
   1.6803884e-02
   1.3822306e-02
   1.0191819e-02
   8.7953077e-03
   1.1033895e-02
   1.5176233e-02
   1.7898049e-02
   1.7143063e-02
   1.3990758e-02
   1.0263709e-02
   6.0840813e-03
   7.2148430e-04
  -7.4094475e-03
  -1.6946897e-02
  -2.3038693e-02
  -2.3757899e-02
  -2.1765941e-02
  -1.9166561e-02
  -1.5978270e-02
  -1.1187664e-02
  -4.2350543e-03
   3.2470067e-03
   8.5750476e-03
   1.0798641e-02
   1.2335498e-02
   1.5352338e-02
   1.9466653e-02
   2.2248962e-02
   2.0688011e-02
   1.5173131e-02
   7.2708387e-03
  -3.1656035e-03
  -1.5201569e-02
  -2.7944910e-02
  -3.9672159e-02
  -4.7209502e-02
  -4.9209423e-02
  -4.7983825e-02
  -4.5729727e-02
  -4.0112886e-02
  -2.9844111e-02
  -1.5799787e-02
  -1.8603605e-04
   1.3895416e-02
   2.5993385e-02
   3.5604482e-02
   4.1615929e-02
   4.3705712e-02
   4.1477672e-02
   3.4462749e-02
   2.4211759e-02
   1.3262659e-02
   3.4595732e-03
  -4.7191820e-03
  -1.0281412e-02
  -1.2793495e-02
  -1.2205514e-02
  -1.0722842e-02
  -1.1306790e-02
  -1.2751614e-02
  -1.1388276e-02
  -5.7767098e-03
   3.3367342e-03
   1.3294716e-02
   2.0395468e-02
   2.0798761e-02
   1.4711722e-02
   6.1255584e-03
  -1.0440537e-03
  -5.5024187e-03
  -9.2050640e-03
  -1.4389088e-02
  -2.0335181e-02
  -2.5513776e-02
  -2.8439513e-02
  -2.9236896e-02
  -2.9390147e-02
  -2.9353127e-02
  -2.8768972e-02
  -2.6967493e-02
  -2.2809953e-02
  -1.5173235e-02
  -5.0295316e-03
   4.8607379e-03
   1.2796493e-02
   1.7694334e-02
   2.0164764e-02
   2.2030357e-02
   2.4568725e-02
   2.9151791e-02
   3.4608761e-02
   3.6916116e-02
   3.4154798e-02
   2.7476986e-02
   1.8509504e-02
   1.0777339e-02
   7.5432064e-03
   6.7687594e-03
   6.1491046e-03
   6.0652816e-03
   6.0199060e-03
   4.9721295e-03
   2.7966419e-03
  -1.8776918e-03
  -7.4026226e-03
  -1.0316199e-02
  -1.0422130e-02
  -8.9496243e-03
  -7.0125553e-03
  -5.0794986e-03
  -2.2278020e-03
   1.7266120e-03
   4.5943679e-03
   5.3139671e-03
   3.6517476e-03
   5.3744404e-04
  -2.9331411e-03
  -6.3741732e-03
  -9.2220126e-03
  -1.0377768e-02
  -1.0072930e-02
  -8.5184728e-03
  -3.5872827e-03
   3.6888092e-03
   9.9973180e-03
   1.3831199e-02
   1.5988921e-02
   1.6313314e-02
   1.3320464e-02
   6.0272066e-03
  -3.9212302e-03
  -1.2558240e-02
  -1.7309138e-02
  -1.8342809e-02
  -1.8226991e-02
  -1.8935547e-02
  -2.0607662e-02
  -2.3443124e-02
  -2.7081656e-02
  -3.0071092e-02
  -3.1848995e-02
  -3.2664681e-02
  -3.3262279e-02
  -3.2718144e-02
  -2.8196606e-02
  -2.0005618e-02
  -1.1491064e-02
  -3.8886461e-03
   3.5598795e-03
   9.0777784e-03
   1.1312064e-02
   1.1071950e-02
   9.5105327e-03
   7.5703408e-03
   4.6918821e-03
   1.1714220e-03
  -7.5335998e-04
   9.9453966e-04
   7.4657741e-03
   1.5983027e-02
   2.3930591e-02
   3.0697231e-02
   3.5563429e-02
   3.8740862e-02
   4.0919576e-02
   3.9269900e-02
   3.2838201e-02
   2.3119041e-02
   1.2072530e-02
   2.6944019e-03
  -2.7714929e-03
  -5.5862003e-03
  -7.2085558e-03
  -7.4675321e-03
  -7.9598704e-03
  -1.0527607e-02
  -1.4093546e-02
  -1.7074193e-02
  -1.8986217e-02
  -2.0530933e-02
  -2.1274751e-02
  -2.0518214e-02
  -2.1042702e-02
  -2.3839075e-02
  -2.5887287e-02
  -2.5529597e-02
  -2.3309520e-02
  -1.8568446e-02
  -1.2865363e-02
  -5.4971656e-03
   4.2221386e-03
   1.5244276e-02
   2.6475578e-02
   3.5943869e-02
   4.3184843e-02
   4.9995535e-02
   5.6725154e-02
   6.2535989e-02
   6.6768809e-02
   6.7999577e-02
   6.5408057e-02
   5.9750784e-02
   5.2020790e-02
   4.3801365e-02
   3.7074641e-02
   3.1883947e-02
   2.7204505e-02
   2.1174755e-02
   1.4863009e-02
   1.0729667e-02
   9.1636385e-03
   9.0005426e-03
   1.0402690e-02
   1.4013095e-02
   1.9304095e-02
   2.6629037e-02
   3.4783418e-02
   3.9850125e-02
   3.9847747e-02
   3.5974995e-02
   2.9996121e-02
   2.2963722e-02
   1.4680079e-02
   4.9607029e-03
  -5.5235968e-03
  -1.5801441e-02
  -2.3883334e-02
  -2.7863527e-02
  -3.0019595e-02
  -2.9895608e-02
  -2.5273868e-02
  -1.8091320e-02
  -9.6686547e-03
  -1.3793351e-04
   8.4904491e-03
   1.4893204e-02
   2.0028885e-02
   2.2567460e-02
   2.2068721e-02
   1.9453416e-02
   1.5279022e-02
   9.9186758e-03
   3.7127276e-03
  -4.2211769e-03
  -1.2170872e-02
  -1.7938895e-02
  -2.3027318e-02
  -2.7128396e-02
  -2.9002572e-02
  -3.1778160e-02
  -3.7458390e-02
  -4.2860451e-02
  -4.6727102e-02
  -4.8604277e-02
  -4.7080552e-02
  -4.2806678e-02
  -3.7447429e-02
  -3.1868332e-02
  -2.6852709e-02
  -2.1899028e-02
  -1.7356085e-02
  -1.5253169e-02
  -1.4907475e-02
  -1.5236004e-02
  -1.7723289e-02
  -2.2871068e-02
  -2.7691559e-02
  -3.1287694e-02
  -3.5061484e-02
  -3.9605771e-02
  -4.4417990e-02
  -4.8932495e-02
  -5.1498474e-02
  -5.1635594e-02
  -4.7842363e-02
  -4.0330561e-02
  -3.3025060e-02
  -2.7364064e-02
  -2.1856527e-02
  -1.6937074e-02
  -1.3054911e-02
  -1.0701747e-02
  -1.0838763e-02
  -1.3818790e-02
  -1.8194625e-02
  -2.3635153e-02
  -3.0038415e-02
  -3.4987547e-02
  -3.6758831e-02
  -3.4859527e-02
  -3.0549150e-02
  -2.6563889e-02
  -2.4382073e-02
  -2.3364326e-02
  -2.2781309e-02
  -2.0862978e-02
  -1.5968756e-02
  -9.3008203e-03
  -3.1510953e-03
   2.1550438e-03
   6.5108689e-03
   9.9419634e-03
   1.2987385e-02
   1.6619920e-02
   2.0640856e-02
   2.2731777e-02
   2.2897954e-02
   2.3004982e-02
   2.2998157e-02
   2.2660321e-02
   2.3064338e-02
   2.2769210e-02
   2.0337869e-02
   1.7308103e-02
   1.6956514e-02
   1.9354041e-02
   2.1705550e-02
   2.2066756e-02
   2.0155457e-02
   1.6857242e-02
   1.2117513e-02
   7.5649636e-03
   4.5950400e-03
   2.9322622e-03
   4.2634400e-03
   8.5649446e-03
   1.2774778e-02
   1.5725333e-02
   1.8034135e-02
   1.8515708e-02
   1.6736771e-02
   1.4095201e-02
   9.9292752e-03
   4.4705465e-03
   1.1427675e-05
  -2.2090334e-03
  -3.6863377e-03
  -5.7308068e-03
  -8.9414240e-03
  -1.1036274e-02
  -9.9442901e-03
  -7.6135966e-03
  -4.9856140e-03
  -7.9324154e-04
   5.6144722e-03
   1.3744336e-02
   2.1635543e-02
   2.6824272e-02
   2.9292013e-02
   2.9952379e-02
   3.0603336e-02
   3.2108964e-02
   3.3046672e-02
   3.2387443e-02
   3.1483756e-02
   3.0395588e-02
   2.8476533e-02
   2.5824622e-02
   2.2246067e-02
   1.7817804e-02
   1.1847617e-02
   4.6161147e-03
  -1.7425575e-03
  -6.5137850e-03
  -1.0239366e-02
  -1.2323503e-02
  -1.2467654e-02
  -1.1774714e-02
  -1.1341122e-02
  -1.1181046e-02
  -1.0548392e-02
  -8.7704587e-03
  -6.3978124e-03
  -4.0909649e-03
  -3.7121381e-04
   4.7517660e-03
   9.3502806e-03
   1.2333016e-02
   1.2742100e-02
   1.0724807e-02
   8.2397248e-03
   5.5393252e-03
   2.3167023e-03
  -3.8996695e-04
  -1.5379328e-03
  -1.1627150e-03
   8.7273683e-04
   3.3565990e-03
   5.0487035e-03
   5.5928495e-03
   5.3598701e-03
   5.0611332e-03
   4.7931087e-03
   3.9651684e-03
   2.1062867e-03
  -1.0213421e-03
  -4.0988239e-03
  -5.4632683e-03
  -5.7450978e-03
  -5.5213632e-03
  -3.9217989e-03
  -1.7585962e-03
  -6.2599481e-04
  -1.4663431e-03
  -5.1682024e-03
  -1.0946825e-02
  -1.7873851e-02
  -2.5282348e-02
  -3.0487001e-02
  -3.2239776e-02
  -3.1187904e-02
  -2.9049106e-02
  -2.7698798e-02
  -2.6534108e-02
  -2.3500619e-02
  -1.7596717e-02
  -9.5276262e-03
  -1.8536700e-03
   3.8986457e-03
   7.7083705e-03
   8.2039455e-03
   6.0292541e-03
   3.6074267e-03
   1.2605291e-03
  -2.9821878e-05
   5.3680911e-04
   6.4009456e-04
   4.1827193e-04
   1.2459485e-03
   3.8262908e-03
   8.3154405e-03
   1.4593630e-02
   2.0856360e-02
   2.5758647e-02
   2.9861587e-02
   3.2774915e-02
   3.4618172e-02
   3.5011021e-02
   3.3396193e-02
   2.9246099e-02
   2.1761494e-02
   1.1715771e-02
   1.8373521e-03
  -7.3369168e-03
  -1.5285123e-02
  -2.0565368e-02
  -2.3549221e-02
  -2.5421535e-02
  -2.4697883e-02
  -2.1357167e-02
  -1.6601099e-02
  -1.0529675e-02
  -4.2399869e-03
   1.1578341e-03
   5.9231466e-03
   8.8200741e-03
   8.9019943e-03
   7.2556687e-03
   4.1421418e-03
   3.1644970e-04
  -3.2559618e-03
  -7.1711426e-03
  -1.1509264e-02
  -1.3470613e-02
  -1.1300482e-02
  -7.7198592e-03
  -4.0635099e-03
   1.9501191e-04
   4.1774454e-03
   7.7678718e-03
   1.1322198e-02
   1.4314220e-02
   1.6608028e-02
   1.7519470e-02
   1.7412649e-02
   1.6571731e-02
   1.4817406e-02
   1.0947136e-02
   5.6354228e-03
   7.3553338e-05
  -5.9524009e-03
  -1.1087668e-02
  -1.4573569e-02
  -1.6749904e-02
  -1.6231311e-02
  -1.1886809e-02
  -4.9952310e-03
   1.4537376e-03
   7.8341670e-03
   1.4442136e-02
   1.9299131e-02
   2.2539023e-02
   2.4251675e-02
   2.3876405e-02
   2.1484153e-02
   1.6679069e-02
   9.7132238e-03
   2.4834589e-03
  -3.1125963e-03
  -5.2845163e-03
  -4.1722130e-03
  -1.8568136e-03
   2.9455295e-04
   3.0819563e-03
   7.6609267e-03
   1.2298892e-02
   1.5638263e-02
   1.5832154e-02
   1.1637594e-02
   4.6458653e-03
  -2.8371574e-03
  -9.6901740e-03
  -1.4870455e-02
  -1.8965535e-02
  -2.2742841e-02
  -2.6195548e-02
  -2.9013017e-02
  -3.0453601e-02
  -3.0084846e-02
  -2.7997235e-02
  -2.5728762e-02
  -2.2333550e-02
  -1.6561701e-02
  -9.5491351e-03
  -2.2785549e-03
   5.0870267e-03
   1.1824350e-02
   1.6516925e-02
   1.7766513e-02
   1.6715883e-02
   1.4583496e-02
   1.2117099e-02
   9.2246289e-03
   7.0961818e-03
   7.1435842e-03
   8.0209744e-03
   9.0175016e-03
   9.4148178e-03
   8.2782962e-03
   7.0648697e-03
   6.2518926e-03
   4.9962858e-03
   3.1854682e-03
  -6.3286424e-05
  -4.2437613e-03
  -8.1332244e-03
  -1.1868816e-02
  -1.5449232e-02
  -1.7564453e-02
  -1.8973084e-02
  -2.1328730e-02
  -2.3155751e-02
  -2.3541982e-02
  -2.3938761e-02
  -2.2398181e-02
  -1.7091773e-02
  -1.0524298e-02
  -6.1630647e-03
  -3.8910969e-03
  -2.5326503e-03
  -2.8264132e-03
  -3.8903420e-03
  -4.6418221e-03
  -4.4700915e-03
  -3.5935389e-03
  -2.6441660e-03
  -2.0068387e-03
  -1.1552903e-03
  -8.7604177e-04
  -7.9460963e-04
   6.7009854e-04
   2.0917784e-03
   1.4199954e-03
  -9.7038446e-04
  -3.6830804e-03
  -6.7387813e-03
  -1.1412164e-02
  -1.7407169e-02
  -2.1647228e-02
  -2.2928977e-02
  -2.2329414e-02
  -2.0233841e-02
  -1.6664696e-02
  -1.3068768e-02
  -1.0479626e-02
  -9.0506854e-03
  -7.5129594e-03
  -4.8694139e-03
  -2.7363340e-03
  -2.1324904e-03
  -1.1315683e-03
   1.7212864e-03
   4.7353964e-03
   7.9106065e-03
   1.1901286e-02
   1.5288225e-02
   1.7971986e-02
   1.9893937e-02
   2.0761224e-02
   2.0124434e-02
   1.7221964e-02
   1.2303648e-02
   6.9024563e-03
   2.2505415e-03
   3.1780332e-04
   2.5583473e-03
   7.5013673e-03
   1.4015783e-02
   2.0465062e-02
   2.6738753e-02
   3.1661619e-02
   3.4095959e-02
   3.4236594e-02
   3.3457928e-02
   3.1879707e-02
   2.8977237e-02
   2.5411298e-02
   2.1862628e-02
   1.9362417e-02
   1.8923138e-02
   1.9178660e-02
   1.7705606e-02
   1.4175963e-02
   9.5948417e-03
   6.1551643e-03
   4.5864054e-03
   4.4818801e-03
   4.7726131e-03
   3.8934857e-03
   2.6637826e-03
   1.5927703e-03
  -1.0059260e-03
  -4.6101273e-03
  -5.8130889e-03
  -3.1348911e-03
   9.5552672e-04
   4.8748428e-03
   7.3823648e-03
   7.5400111e-03
   6.5915275e-03
   4.6970939e-03
   1.6415791e-03
  -1.6214765e-03
  -3.8187213e-03
  -4.6407363e-03
  -4.5729313e-03
  -4.1441065e-03
  -4.5026342e-03
  -6.7318529e-03
  -8.5957810e-03
  -7.8578889e-03
  -6.8232764e-03
  -7.5875480e-03
  -9.1858507e-03
  -1.0375390e-02
  -1.1915143e-02
  -1.3202889e-02
  -1.3403295e-02
  -1.2309026e-02
  -9.4076102e-03
  -5.2023789e-03
   2.9717952e-04
   6.7201160e-03
   1.1877916e-02
   1.4636234e-02
   1.4594767e-02
   1.1181149e-02
   4.9420894e-03
  -2.2437476e-03
  -8.5003039e-03
  -1.3148599e-02
  -1.5644467e-02
  -1.5991506e-02
  -1.7506131e-02
  -1.8891598e-02
  -1.6606270e-02
  -1.2006659e-02
  -7.3211573e-03
  -2.6295131e-03
   2.1589423e-03
   6.6392816e-03
   9.0526812e-03
   8.4956505e-03
   5.2967392e-03
   9.4205570e-04
  -3.1645901e-03
  -6.9052586e-03
  -1.0096073e-02
  -1.1775231e-02
  -1.0964922e-02
  -8.6481884e-03
  -6.6670468e-03
  -6.0059044e-03
  -5.7540220e-03
  -4.5053745e-03
  -3.8793807e-03
  -4.1131667e-03
  -3.6792129e-03
  -3.5021155e-03
  -4.1868143e-03
  -4.1454612e-03
  -2.8132079e-03
  -1.1945958e-03
   9.7578859e-04
   2.7180307e-03
   2.1130289e-03
   1.2325157e-04
  -2.2119495e-03
  -4.6026406e-03
  -5.0607816e-03
  -2.9071856e-03
   1.7623499e-04
   2.7771804e-03
   4.0124365e-03
   3.3417909e-03
   8.1620030e-04
  -3.4122328e-03
  -7.6450535e-03
  -1.0568867e-02
  -1.3205474e-02
  -1.6268227e-02
  -1.8892632e-02
  -2.0273756e-02
  -2.1198021e-02
  -2.0151321e-02
  -1.6779686e-02
  -1.3689116e-02
  -1.2362281e-02
  -1.1735936e-02
  -9.3272308e-03
  -6.1794860e-03
  -4.3454946e-03
  -4.4946407e-03
  -5.5610307e-03
  -6.4459594e-03
  -8.4717425e-03
  -1.1462110e-02
  -1.3034643e-02
  -1.4311428e-02
  -1.6056343e-02
  -1.8021829e-02
  -2.0084415e-02
  -2.1311978e-02
  -2.1137321e-02
  -1.9436974e-02
  -1.5400837e-02
  -9.8642105e-03
  -4.3685340e-03
   8.4653725e-04
   5.0610815e-03
   8.0786040e-03
   1.0761827e-02
   1.3553547e-02
   1.4235216e-02
   1.3413842e-02
   1.3323360e-02
   1.2700634e-02
   9.0822870e-03
   3.3971145e-03
  -4.0534586e-04
  -1.6075681e-03
  -2.9921771e-03
  -4.9842904e-03
  -5.1363836e-03
  -2.6161940e-03
   1.3618384e-03
   7.1835826e-03
   1.3597082e-02
   1.7500547e-02
   1.9347423e-02
   2.0509528e-02
   2.1295949e-02
   2.1776592e-02
   2.2191364e-02
   2.4494582e-02
   2.8081099e-02
   2.9447436e-02
   2.8332382e-02
   2.6909067e-02
   2.6566164e-02
   2.7221361e-02
   2.8914882e-02
   3.1084910e-02
   3.1374660e-02
   2.9807297e-02
   2.8127323e-02
   2.6061944e-02
   2.2893197e-02
   1.9197894e-02
   1.6433164e-02
   1.5822640e-02
   1.6471425e-02
   1.7037690e-02
   1.7628360e-02
   1.8078187e-02
   1.6782271e-02
   1.4258586e-02
   1.2174491e-02
   1.1454354e-02
   1.2973219e-02
   1.5897922e-02
   1.8150159e-02
   1.8974015e-02
   1.8785811e-02
   1.8387895e-02
   1.8471863e-02
   1.8259358e-02
   1.7011735e-02
   1.5421518e-02
   1.3416014e-02
   1.0077418e-02
   6.6275344e-03
   4.4865335e-03
   2.4829728e-03
   8.9667797e-04
   4.2224902e-04
   1.0492035e-03
   1.7637460e-03
   2.2226729e-03
   3.1990251e-03
   5.0794365e-03
   4.8545851e-03
   6.7229701e-04
  -4.9579832e-03
  -1.0090758e-02
  -1.5173752e-02
  -1.9596534e-02
  -2.1611656e-02
  -2.1296570e-02
  -2.0396812e-02
  -1.9769123e-02
  -1.8622736e-02
  -1.6999636e-02
  -1.5607240e-02
  -1.4490532e-02
  -1.3819927e-02
  -1.4018885e-02
  -1.4999508e-02
  -1.6079817e-02
  -1.6755695e-02
  -1.6087676e-02
  -1.3851881e-02
  -1.2018551e-02
  -1.1879984e-02
  -1.2191657e-02
  -1.1886498e-02
  -1.0761931e-02
  -9.1746205e-03
  -8.8895853e-03
  -9.9741028e-03
  -1.1941615e-02
  -1.4020333e-02
  -1.5337137e-02
  -1.5576424e-02
  -1.5288845e-02
  -1.5799477e-02
  -1.7601473e-02
  -1.9172766e-02
  -1.8862954e-02
  -1.7440983e-02
  -1.7099735e-02
  -1.6563562e-02
  -1.4238318e-02
  -1.1989493e-02
  -1.1266978e-02
  -1.0889847e-02
  -9.6921181e-03
  -8.1268027e-03
  -8.3157404e-03
  -1.0115710e-02
  -1.1574515e-02
  -1.2282553e-02
  -1.1638215e-02
  -1.0266077e-02
  -9.5561462e-03
  -9.2521355e-03
  -8.0491016e-03
  -6.9918839e-03
  -7.9915857e-03
  -1.0822011e-02
  -1.3847641e-02
  -1.5400940e-02
  -1.5173959e-02
  -1.5151726e-02
  -1.6144758e-02
  -1.7649455e-02
  -1.8779917e-02
  -1.9752060e-02
  -2.0077900e-02
  -1.8262047e-02
  -1.4936326e-02
  -1.2417398e-02
  -1.0744868e-02
  -9.3705279e-03
  -8.0264034e-03
  -5.5502452e-03
  -3.0458771e-03
  -2.0938259e-03
  -2.0993169e-03
  -7.4001097e-04
   2.4417232e-03
   6.2304147e-03
   8.9630881e-03
   1.0310294e-02
   1.1103799e-02
   1.1636974e-02
   1.1561796e-02
   9.6397830e-03
   5.8033478e-03
   1.9297890e-03
  -2.2993607e-04
  -2.1524069e-03
  -4.8397770e-03
  -6.4861749e-03
  -5.8145780e-03
  -3.5355578e-03
  -4.7944323e-04
   3.8425673e-03
   8.4735211e-03
   1.1914522e-02
   1.3471958e-02
   1.3794075e-02
   1.3864600e-02
   1.3826959e-02
   1.4028399e-02
   1.4465714e-02
   1.5169202e-02
   1.5410350e-02
   1.3493570e-02
   1.0203287e-02
   7.2413673e-03
   5.4235904e-03
   4.7026469e-03
   4.2906984e-03
   4.5233676e-03
   5.5363160e-03
   6.3942241e-03
   7.4456612e-03
   8.6849192e-03
   9.2155186e-03
   9.1077566e-03
   9.5042869e-03
   1.0953650e-02
   1.3311364e-02
   1.5875896e-02
   1.7337368e-02
   1.7512335e-02
   1.7815426e-02
   1.8348600e-02
   1.8576822e-02
   1.9022100e-02
   1.9519701e-02
   1.9383202e-02
   1.9334290e-02
   2.0995754e-02
   2.2833427e-02
   2.3413652e-02
   2.3013875e-02
   2.1144870e-02
   1.8058953e-02
   1.5218217e-02
   1.2845302e-02
   1.1239368e-02
   1.1056955e-02
   1.2431875e-02
   1.4282991e-02
   1.5779932e-02
   1.6312383e-02
   1.5960173e-02
   1.3863876e-02
   9.8007384e-03
   5.7415923e-03
   2.8810129e-03
   1.4056836e-03
   1.8105693e-03
   2.8463710e-03
   2.1936669e-03
   2.5629283e-04
  -1.7702297e-03
  -2.8667322e-03
  -2.9245169e-03
  -2.4977189e-03
  -2.2315764e-03
  -3.8886461e-03
  -7.4892996e-03
  -1.1356220e-02
  -1.4385469e-02
  -1.6283015e-02
  -1.6819291e-02
  -1.5764628e-02
  -1.3224708e-02
  -1.0767101e-02
  -9.8251635e-03
  -1.0297864e-02
  -1.1000081e-02
  -1.2014208e-02
  -1.3268346e-02
  -1.4094063e-02
  -1.4420421e-02
  -1.4202746e-02
  -1.3450862e-02
  -1.2984387e-02
  -1.2556586e-02
  -1.1446495e-02
  -9.6297627e-03
  -7.8099177e-03
  -6.2623472e-03
  -5.3512562e-03
  -5.1070570e-03
  -5.2453245e-03
  -6.7336212e-03
  -9.1652931e-03
  -1.0728633e-02
  -1.1421264e-02
  -1.1740796e-02
  -1.1695917e-02
  -1.1392619e-02
  -1.1433569e-02
  -1.3068975e-02
  -1.5319971e-02
  -1.5527202e-02
  -1.3651061e-02
  -1.0968438e-02
  -9.2099655e-03
  -8.5713146e-03
  -6.6874183e-03
  -2.1385294e-03
   3.1175909e-03
   5.5843596e-03
   5.4236628e-03
   3.7564797e-03
   1.1532531e-04
  -4.1053283e-03
  -7.6161922e-03
  -9.1497508e-03
  -8.2764348e-03
  -6.3084984e-03
  -4.0202128e-03
  -1.4380815e-03
   1.6419721e-03
   4.8503867e-03
   7.2970218e-03
   8.6252731e-03
   9.8557103e-03
   1.2105104e-02
   1.4596525e-02
   1.5451507e-02
   1.5051316e-02
   1.3760881e-02
   1.1980600e-02
   1.0437849e-02
   9.3739508e-03
   7.5952933e-03
   4.2557981e-03
   3.9365967e-05
  -3.9623144e-03
  -6.4675200e-03
  -6.7884070e-03
  -5.7117072e-03
  -4.5405748e-03
  -2.8447786e-03
  -1.2552242e-03
  -4.8667149e-04
  -4.7344657e-04
  -4.9323069e-04
  -2.7600043e-04
   5.5636366e-05
   5.9936712e-04
   1.2571580e-03
   2.4585064e-03
   3.0070162e-03
   2.5358870e-03
   1.0882609e-03
  -1.8081703e-03
  -4.2190880e-03
  -4.7241559e-03
  -4.6649442e-03
  -4.9509101e-03
  -5.2633899e-03
  -5.4773111e-03
  -5.3765085e-03
  -4.1050285e-03
  -2.1896132e-03
  -1.8319439e-03
  -3.4653434e-03
  -5.1771783e-03
  -4.5448352e-03
  -3.8017623e-03
  -4.1986028e-03
  -5.1156812e-03
  -6.8759527e-03
  -8.6436281e-03
  -9.1473827e-03
  -8.6780321e-03
  -7.9521768e-03
  -7.0627912e-03
  -6.9315658e-03
  -8.0109748e-03
  -9.7963952e-03
  -9.5852661e-03
  -7.6054377e-03
  -6.4028380e-03
  -6.4957713e-03
  -6.7766391e-03
  -6.6054050e-03
  -6.2544778e-03
  -6.0411357e-03
  -5.9333944e-03
  -5.9413879e-03
  -6.5504433e-03
  -7.7059508e-03
  -8.0842294e-03
  -6.5770503e-03
  -4.7599663e-03
  -3.8288450e-03
  -2.5564653e-03
  -1.3575573e-03
  -1.5580664e-03
  -2.5592987e-03
  -1.8205172e-03
   8.9362329e-04
   2.7212467e-03
   2.8695552e-03
   2.9419826e-03
   4.2942971e-03
   6.8467087e-03
   8.7850496e-03
   9.5397043e-03
   1.0035352e-02
   1.1015385e-02
   1.2560308e-02
   1.4660535e-02
   1.6870065e-02
   1.8564103e-02
   2.0080486e-02
   2.1937289e-02
   2.3295870e-02
   2.3332580e-02
   2.2638709e-02
   2.2460950e-02
   2.2804163e-02
   2.1926328e-02
   2.0209436e-02
   1.8901008e-02
   1.7463837e-02
   1.5651189e-02
   1.3116129e-02
   1.0326478e-02
   9.0351431e-03
   1.0047606e-02
   1.2371691e-02
   1.4986479e-02
   1.6175573e-02
   1.5779829e-02
   1.5025671e-02
   1.2716042e-02
   9.2452072e-03
   7.0743315e-03
   5.6392799e-03
   5.4317597e-03
   6.9277086e-03
   7.8997280e-03
   6.7016369e-03
   4.2286533e-03
   2.2902504e-03
   1.4332006e-03
   1.6539985e-03
   2.4348155e-03
   3.7470799e-03
   5.5624267e-03
   6.8957761e-03
   7.0343745e-03
   5.8808008e-03
   3.6260919e-03
   1.8566999e-03
   4.9620058e-04
  -1.9063360e-03
  -5.0746694e-03
  -7.6759933e-03
  -8.4362527e-03
  -7.7035413e-03
  -6.1652053e-03
  -3.6291011e-03
  -7.9138019e-04
   1.2665475e-03
   2.1188922e-03
   1.4824541e-03
   1.6862413e-04
  -6.6890831e-04
  -7.7655347e-04
  -2.4537082e-03
  -5.1691331e-03
  -6.8237107e-03
  -8.4758995e-03
  -1.0620675e-02
  -1.2234675e-02
  -1.3411360e-02
  -1.4546476e-02
  -1.5111293e-02
  -1.4957318e-02
  -1.4793415e-02
  -1.4813683e-02
  -1.4733025e-02
  -1.4080620e-02
  -1.2054848e-02
  -9.8637348e-03
  -9.1264011e-03
  -8.9270192e-03
  -8.1656740e-03
  -7.5857797e-03
  -8.3857376e-03
  -1.0060904e-02
  -1.2192277e-02
  -1.4132428e-02
  -1.4311118e-02
  -1.3702249e-02
  -1.2757095e-02
  -1.1693021e-02
  -1.1064297e-02
  -1.0427508e-02
  -8.8878894e-03
  -7.0752105e-03
  -6.4338916e-03
  -6.1959486e-03
  -5.8562516e-03
  -5.6609750e-03
  -6.0838951e-03
  -7.9768397e-03
  -9.8624422e-03
  -1.0136961e-02
  -9.4306290e-03
  -8.9242065e-03
  -8.8571564e-03
  -8.6556442e-03
  -7.6711641e-03
  -5.7115935e-03
  -3.2248462e-03
  -1.8432568e-03
  -1.5457608e-03
  -2.1437826e-03
  -3.1536805e-03
  -3.9703285e-03
  -4.8080409e-03
  -4.4945270e-03
  -2.7588978e-03
  -9.0470454e-04
  -2.4588787e-04
   5.3692699e-04
   2.4519917e-03
   3.9444144e-03
   4.1338794e-03
   3.5986576e-03
   2.0431764e-03
   7.4401598e-05
  -1.4101095e-03
  -1.6758901e-03
  -3.6443746e-04
  -6.1401080e-04
  -3.1285625e-03
  -5.2334635e-03
  -5.8147124e-03
  -6.6825891e-03
  -9.6832870e-03
  -1.2551932e-02
  -1.3061219e-02
  -1.1167189e-02
  -7.5931631e-03
  -4.8082064e-03
  -3.1274044e-03
  -6.0816822e-04
   1.5344169e-03
   2.8191850e-03
   3.0660624e-03
   1.4690834e-03
  -1.3623968e-03
  -4.0007410e-03
  -5.1236023e-03
  -4.6851916e-03
  -3.4389535e-03
  -2.0450068e-03
  -3.9747027e-04
   1.9444110e-03
   4.5879359e-03
   6.1747602e-03
   7.7923072e-03
   9.3708485e-03
   9.5477495e-03
   8.5415639e-03
   7.1178769e-03
   6.4611294e-03
   6.4113692e-03
   6.0515179e-03
   6.4184837e-03
   7.0990255e-03
   7.3597080e-03
   7.6094086e-03
   8.2141622e-03
   8.7225185e-03
   8.6782803e-03
   9.4258101e-03
   1.0838040e-02
   1.2115755e-02
   1.3316948e-02
   1.4007821e-02
   1.4021781e-02
   1.4202229e-02
   1.4504802e-02
   1.4859907e-02
   1.5713234e-02
   1.5769798e-02
   1.5659668e-02
   1.5586145e-02
   1.4419697e-02
   1.1519605e-02
   8.5192380e-03
   6.6274310e-03
   6.4073053e-03
   8.0108508e-03
   9.2427667e-03
   1.0733804e-02
   1.3420357e-02
   1.5453161e-02
   1.5883548e-02
   1.6254681e-02
   1.6623436e-02
   1.6080748e-02
   1.4972932e-02
   1.3596772e-02
   1.2305200e-02
   1.2328156e-02
   1.3356761e-02
   1.3938020e-02
   1.3554374e-02
   1.1958781e-02
   1.0360706e-02
   9.3977657e-03
   8.0069936e-03
   6.4475829e-03
   4.5692810e-03
   2.7892792e-03
   8.3349124e-04
  -1.3021303e-03
  -2.3570626e-03
  -1.3775048e-03
  -1.9294271e-04
  -2.4684026e-04
  -2.9860036e-04
  -3.3060116e-04
  -6.9964960e-04
  -5.8816177e-04
  -8.6620142e-04
  -2.1580943e-03
  -3.7980706e-03
  -6.1967966e-03
  -8.2279569e-03
  -8.7506353e-03
  -8.8986852e-03
  -9.4341759e-03
  -9.8336843e-03
  -1.0260575e-02
  -9.9871529e-03
  -8.6654266e-03
  -8.1051180e-03
  -8.4823315e-03
  -8.7114228e-03
  -8.8995642e-03
  -9.6487692e-03
  -1.0917457e-02
  -1.2489267e-02
  -1.3156355e-02
  -1.2280485e-02
  -1.0514474e-02
  -9.0051443e-03
  -8.8808886e-03
  -9.4432965e-03
  -9.5455158e-03
  -9.8677574e-03
  -1.0248342e-02
  -9.4665221e-03
  -7.9924234e-03
  -7.0616433e-03
  -7.9492813e-03
  -9.8826172e-03
  -1.1076810e-02
  -1.1570689e-02
  -1.1030379e-02
  -9.0668482e-03
  -7.0220689e-03
  -5.7754793e-03
  -5.6409034e-03
  -5.9228881e-03
  -5.9497019e-03
  -5.1098490e-03
  -3.0985017e-03
  -4.0822165e-04
   8.9646805e-04
  -1.0286934e-03
  -4.4434638e-03
  -8.1371332e-03
  -1.0753555e-02
  -1.1182804e-02
  -1.0978365e-02
  -1.2617803e-02
  -1.4984928e-02
  -1.7335507e-02
  -1.9662819e-02
  -2.1170515e-02
  -2.2511516e-02
  -2.4186528e-02
  -2.5428464e-02
  -2.4807599e-02
  -2.2242551e-02
  -1.7983568e-02
  -1.2910243e-02
  -7.2516875e-03
  -2.0041604e-03
   1.3290786e-03
   1.8761200e-03
   8.5711181e-04
   8.9025631e-04
   1.0862547e-03
   2.1526033e-05
  -2.6019030e-04
   1.4119088e-03
   2.7555577e-03
   2.4101112e-03
   1.6737702e-03
   1.0269551e-03
   2.4207933e-04
   1.4664361e-04
   1.1051061e-03
   3.3808173e-03
   5.9919029e-03
   7.6969542e-03
   9.0998458e-03
   9.4471019e-03
   9.2739237e-03
   1.0291474e-02
   1.1926104e-02
   1.2214097e-02
   1.1523845e-02
   1.0854068e-02
   9.3205816e-03
   6.4316993e-03
   3.5385359e-03
   1.8104969e-03
   1.0695956e-03
   1.3711348e-03
   1.5522755e-03
   2.1134425e-03
   3.4337211e-03
   3.9542588e-03
   3.8509020e-03
   4.5489405e-03
   5.3946257e-03
   6.1395393e-03
   7.8515086e-03
   9.1864918e-03
   9.3413771e-03
   9.6458531e-03
   1.0055940e-02
   9.1469898e-03
   7.7060438e-03
   5.6916460e-03
   3.5872413e-03
   1.9740685e-03
   1.0105866e-03
   1.2866398e-03
   3.2276899e-03
   6.0149217e-03
   9.0176154e-03
   1.2427842e-02
   1.4992063e-02
   1.6093674e-02
   1.6671831e-02
   1.7221964e-02
   1.7511508e-02
   1.7594855e-02
   1.6411241e-02
   1.3792731e-02
   1.1954024e-02
   1.0318091e-02
   7.7298485e-03
   5.5642260e-03
   5.6004603e-03
   7.1817006e-03
   9.0769615e-03
   9.5856073e-03
   8.5687397e-03
   7.6853311e-03
   6.9243168e-03
   5.4812717e-03
   3.8561138e-03
   1.9800869e-03
   6.0117987e-05
  -1.2323813e-04
   7.6023251e-04
  -1.9776051e-04
  -2.0392779e-03
  -2.7127362e-03
  -2.7419698e-03
  -2.8704239e-03
  -3.4447031e-03
  -3.8760820e-03
  -3.2558274e-03
  -1.8577546e-03
   9.5458984e-05
   2.6191722e-03
   4.2949796e-03
   4.5015587e-03
   4.4956438e-03
   4.4092149e-03
   3.7597681e-03
   3.3749230e-03
   3.5646259e-03
   3.9183244e-03
   3.4072899e-03
   2.2231693e-03
   1.0196090e-03
  -1.8398029e-05
  -1.1910282e-03
  -2.2180506e-03
  -1.5264648e-03
   5.4198057e-04
   2.6435766e-03
   5.7634218e-03
   9.6359569e-03
   1.1887636e-02
   1.2485544e-02
   1.2055261e-02
   9.8707253e-03
   6.9678725e-03
   4.0362515e-03
   7.7768166e-04
  -1.5074480e-03
  -3.8827725e-03
  -7.8123374e-03
  -1.2206651e-02
  -1.5556467e-02
  -1.7690198e-02
  -1.8155329e-02
  -1.6546913e-02
  -1.4233458e-02
  -1.1826315e-02
  -9.4368955e-03
  -7.4515244e-03
  -6.1168928e-03
  -5.1318233e-03
  -5.3533760e-03
  -5.7201557e-03
  -5.4812510e-03
  -6.0780009e-03
  -8.2983057e-03
  -1.1327989e-02
  -1.3279721e-02
  -1.3137224e-02
  -1.1679475e-02
  -1.1139682e-02
  -1.1384967e-02
  -1.0572693e-02
  -8.3576209e-03
  -6.0733578e-03
  -5.0281666e-03
  -5.4885310e-03
  -6.4898356e-03
  -7.4338416e-03
  -7.2013689e-03
  -5.9599600e-03
  -6.2483560e-03
  -7.4433035e-03
  -7.8330812e-03
  -7.8030513e-03
  -8.7683388e-03
  -1.0012902e-02
  -1.0249304e-02
  -9.4208362e-03
  -7.6073197e-03
  -5.6614714e-03
  -4.0911924e-03
  -2.4166570e-03
  -6.0474436e-04
   1.2760714e-03
   3.2347734e-03
   3.5017742e-03
   2.6656233e-03
   3.2900866e-03
   3.9132987e-03
   2.6743200e-03
   1.0568971e-03
   1.8868124e-05
  -4.5202964e-04
  -7.2308093e-04
  -1.6665420e-03
  -3.0747694e-03
  -4.4953542e-03
  -5.8432015e-03
  -6.4232095e-03
  -6.4262807e-03
  -6.5346218e-03
  -6.5464931e-03
  -6.4482964e-03
  -5.8299238e-03
  -4.3474801e-03
  -3.6033007e-03
  -3.2154671e-03
  -1.7196939e-03
  -1.0172875e-03
  -1.6742459e-03
  -1.8558519e-03
  -1.2531664e-03
  -4.1073448e-04
   2.2368813e-04
   5.3356415e-04
   8.0594838e-04
   2.2224558e-03
   4.1988096e-03
   5.5286535e-03
   6.4974465e-03
   7.4651640e-03
   8.7122810e-03
   9.1184076e-03
   8.8846217e-03
   9.5264473e-03
   9.4654466e-03
   8.2494556e-03
   7.5647361e-03
   7.3151596e-03
   6.3506374e-03
   5.1892977e-03
   4.0396743e-03
   2.9796233e-03
   2.1405873e-03
   1.0068908e-03
   2.8374159e-04
   4.6599082e-07
  -1.7287732e-04
   9.2959601e-05
   7.5926771e-04
   1.6035248e-03
   3.1668134e-03
   4.2793545e-03
   4.0914302e-03
   3.3729996e-03
   1.4882760e-03
  -3.5678833e-04
   2.9521890e-05
   1.0468768e-03
  -4.5113619e-05
  -1.1309376e-03
  -5.6049690e-04
   6.5720971e-04
   1.9114237e-03
   2.5936923e-03
   3.4381366e-03
   4.8443269e-03
   5.8275558e-03
   5.1206655e-03
   3.5026635e-03
   1.7649352e-03
   8.4692607e-04
   2.9905742e-04
  -4.5551347e-05
   5.0955269e-04
   1.0956132e-03
   1.4741918e-03
   2.2036665e-03
   3.0811911e-03
   2.8707238e-03
   2.2940972e-03
   2.5458142e-03
   2.5396924e-03
   2.1781556e-03
   2.0255763e-03
   1.1091701e-03
  -3.5009676e-04
  -8.7719788e-04
  -1.0073675e-03
  -2.0301366e-03
  -2.5439425e-03
  -2.0306226e-03
  -1.9560341e-03
  -2.2577801e-03
  -2.5815625e-03
  -3.4747536e-03
  -4.4712394e-03
  -5.9679639e-03
  -7.0015216e-03
  -6.3362119e-03
  -4.9543639e-03
  -3.5834463e-03
  -1.3580640e-03
   2.0501979e-03
   5.0897153e-03
   7.5720574e-03
   8.9562631e-03
   8.1296775e-03
   6.4421436e-03
   5.0388073e-03
   4.0051875e-03
   3.9139812e-03
   5.2774535e-03
   5.9737754e-03
   4.8525169e-03
   3.4484154e-03
   3.0939103e-03
   3.0440157e-03
   3.1248605e-03
   3.9205580e-03
   4.5194174e-03
   5.1726593e-03
   6.1237178e-03
   6.6761571e-03
   6.8922602e-03
   5.3205852e-03
   3.3443347e-03
   2.2407384e-03
   1.7117418e-03
   2.0870527e-03
   3.5108535e-03
   5.2826343e-03
   5.7764823e-03
   4.6899794e-03
   3.7879159e-03
   3.9400092e-03
   4.8013297e-03
   5.7799155e-03
   4.9511479e-03
   1.7915628e-03
  -1.3901930e-03
  -3.2163357e-03
  -5.0147959e-03
  -7.8759854e-03
  -1.0353881e-02
  -1.0655730e-02
  -9.3195992e-03
  -7.9574506e-03
  -7.0782714e-03
  -6.0197405e-03
  -4.5417019e-03
  -3.2165322e-03
  -2.5568376e-03
  -2.6460067e-03
  -3.3880765e-03
  -4.9393594e-03
  -6.0589427e-03
  -6.4526499e-03
  -6.1534167e-03
  -5.6282359e-03
  -5.4831020e-03
  -5.2285930e-03
  -4.9477561e-03
  -4.9978162e-03
  -5.7309515e-03
  -7.7235509e-03
  -9.3486570e-03
  -8.7780695e-03
  -7.3122745e-03
  -5.4258137e-03
  -4.0439657e-03
  -3.5056003e-03
  -3.0188358e-03
  -2.1286332e-03
  -1.7896808e-03
  -1.5620166e-03
  -1.3441659e-03
  -2.8067552e-03
  -5.4530515e-03
  -7.2444179e-03
  -8.2429615e-03
  -9.2027786e-03
  -1.0281526e-02
  -1.0015611e-02
  -8.6226879e-03
  -7.7811804e-03
  -7.4905301e-03
  -6.1582252e-03
  -3.9757885e-03
  -2.5736414e-03
  -1.8897285e-03
  -1.2840339e-03
  -1.1500992e-03
  -1.6935212e-03
  -2.2593623e-03
  -2.5821003e-03
  -2.5935372e-03
  -2.1611966e-03
  -9.2879149e-04
   1.1167292e-03
   1.3254386e-03
   1.9749372e-04
   5.2058328e-04
   1.9214233e-03
   2.5457005e-03
   2.4277217e-03
   2.4683095e-03
   1.9781738e-03
   1.0098875e-03
  -2.0360309e-06
  -3.5393735e-04
   6.2751078e-04
   3.0069438e-03
   6.0452100e-03
   9.2689291e-03
   1.0675585e-02
   1.0084233e-02
   9.6888607e-03
   1.0582414e-02
   1.0934933e-02
   1.0631636e-02
   1.0165822e-02
   8.8519859e-03
   6.9928973e-03
   5.7502166e-03
   4.9836596e-03
   4.2940075e-03
   3.8415229e-03
   3.3354313e-03
   3.1473726e-03
   2.6770293e-03
   2.3251094e-03
   2.4352705e-03
   2.6172488e-03
   2.9959515e-03
   3.0885434e-03
   3.6325239e-03
   5.1012144e-03
   6.8928186e-03
   7.3770703e-03
   6.8174855e-03
   6.7309636e-03
   5.9127023e-03
   3.7943996e-03
   1.7488034e-03
   1.3177657e-03
   2.6483644e-03
   3.8106554e-03
   4.6632069e-03
   5.3679049e-03
   5.0469559e-03
   4.3815738e-03
   3.9767192e-03
   4.0543273e-03
   3.6396591e-03
   2.3550875e-03
   2.0342109e-03
   3.9423772e-03
   7.0974434e-03
   8.1531512e-03
   8.0480882e-03
   8.4642867e-03
   8.5199722e-03
   7.6264813e-03
   6.2861002e-03
   4.9974336e-03
   3.7085602e-03
   2.0241079e-03
   5.6022803e-04
  -5.3072972e-04
  -1.8201450e-03
  -2.7319288e-03
  -2.5903523e-03
  -2.0863081e-03
  -2.1324180e-03
  -2.0941155e-03
  -1.0182791e-03
   3.2103897e-04
   2.6221504e-04
  -1.3131123e-03
  -1.9458173e-03
  -1.2006349e-03
  -1.3510839e-03
  -2.2783791e-03
  -2.6892418e-03
  -2.6212921e-03
  -2.5309854e-03
  -2.8632680e-03
  -2.9177436e-03
  -2.1642058e-03
  -2.2037388e-03
  -3.1967605e-03
  -4.4216240e-03
  -6.1525274e-03
  -7.4574498e-03
  -7.3186859e-03
  -5.6855966e-03
  -3.9664093e-03
  -2.5067568e-03
  -1.1044133e-03
   8.5361970e-04
   2.3826769e-03
   1.8235885e-03
   5.4572602e-04
  -3.5060760e-05
  -7.7157332e-04
  -1.8471656e-03
  -3.0075746e-03
  -4.6347179e-03
  -6.6820824e-03
  -8.7438413e-03
  -1.0056933e-02
  -1.0117086e-02
  -9.4097404e-03
  -8.2294874e-03
  -7.6311450e-03
  -7.9451450e-03
  -8.0890896e-03
  -7.5224006e-03
  -6.4136546e-03
  -4.8943250e-03
  -3.5377397e-03
  -4.0333664e-03
  -5.3010720e-03
  -5.9720071e-03
  -6.2755628e-03
  -6.4055370e-03
  -6.8167513e-03
  -7.0559869e-03
  -6.4160847e-03
  -6.0033606e-03
  -6.2042523e-03
  -6.1925568e-03
  -5.7036000e-03
  -4.3746765e-03
  -2.4686818e-03
  -1.0584689e-03
  -3.4107747e-04
   3.4490462e-04
   5.4587286e-04
   2.0061148e-04
   4.0936225e-04
   1.3557477e-03
   2.5349149e-03
   2.9649393e-03
   2.7225497e-03
   2.9310213e-03
   4.5781017e-03
   6.1439548e-03
   5.9214093e-03
   4.9401039e-03
   4.8836015e-03
   5.4356272e-03
   5.6484833e-03
   5.3004205e-03
   4.1602796e-03
   3.2218680e-03
   3.2964773e-03
   3.7351259e-03
   3.7674720e-03
   3.6527506e-03
   3.9272796e-03
   3.9665541e-03
   3.7048685e-03
   3.1408888e-03
   2.0172002e-03
   8.3958510e-04
   4.2294599e-04
   5.1058678e-04
   4.7166691e-04
   2.3802779e-04
   5.4493288e-04
   1.7138927e-03
   2.7199335e-03
   2.9063997e-03
   2.5245224e-03
   2.0670121e-03
   1.5684383e-03
   1.3043640e-03
   1.6174022e-03
   1.5579320e-03
   7.4836742e-04
   1.0307575e-04
  -1.5132388e-04
  -3.3498878e-04
  -4.2709784e-04
   2.2199016e-04
   1.6073613e-03
   2.8084408e-03
   2.7937154e-03
   1.8894493e-03
   1.4204193e-03
   1.2034062e-03
   4.1648813e-04
  -3.9133608e-04
  -8.2386080e-04
  -1.0540637e-03
  -1.0790472e-03
  -1.1239575e-03
  -1.2855643e-03
  -1.1261601e-03
  -6.6169350e-04
  -4.6645719e-04
  -3.7181462e-04
   5.6860619e-06
   2.1665118e-04
   3.6251819e-04
   1.5111810e-04
  -5.6697854e-04
  -1.0561422e-03
  -1.4095615e-03
  -1.7096116e-03
  -1.7272634e-03
  -1.8562035e-03
  -2.4067918e-03
  -2.7332525e-03
  -2.8489769e-03
  -3.7260363e-03
  -4.3505203e-03
  -3.8441598e-03
  -3.4884655e-03
  -3.6295561e-03
  -3.3796177e-03
  -2.6408880e-03
  -2.4003805e-03
  -3.0522574e-03
  -3.6513236e-03
  -3.5566221e-03
  -3.1283144e-03
  -2.8747567e-03
  -2.7947909e-03
  -2.4490342e-03
  -2.0163419e-03
  -1.5801855e-03
  -9.9897898e-04
  -8.7352791e-04
  -9.3747160e-04
  -8.9077128e-04
  -7.6400175e-04
  -4.9552739e-04
  -2.8941148e-04
  -2.7418561e-04
  -3.3954186e-04
  -2.8063313e-04
  -1.8304755e-04
  -9.4010438e-05
   1.8638971e-04
   6.5839787e-04
   8.8995332e-04
   5.8194279e-04
   2.5876843e-04
   2.3425234e-04
   9.3500013e-05
  -6.1792792e-05
   2.0207058e-04
   6.0756018e-04
   9.9048811e-04
   1.3569989e-03
   1.6853933e-03
   1.8558002e-03
   1.7206866e-03
   1.6339166e-03
   1.8290898e-03
   1.9904795e-03
   1.9137607e-03
   1.7460217e-03
   1.6608855e-03
   1.5423690e-03
   1.4804583e-03
   1.6533263e-03
   1.8126478e-03
   1.8072809e-03
   1.8151193e-03
   1.9199445e-03
   2.0831852e-03
   2.1546612e-03
   2.1562019e-03
   2.1396876e-03
   2.0999684e-03
   2.0759776e-03
   2.1118190e-03
   2.1513624e-03
   2.0728650e-03
   2.0684495e-03
   2.1248485e-03
   2.0339007e-03
   1.9081870e-03
   1.8765233e-03
   1.8799668e-03
   1.8234437e-03
   1.5995849e-03
   1.3869150e-03
   1.3182517e-03
   1.3089967e-03
   1.3116750e-03
   1.3177244e-03
   1.3565232e-03
   1.4121880e-03
   1.3121093e-03
   1.0848691e-03
   8.9623021e-04
   7.7424746e-04
   6.1514209e-04
   4.9874236e-04
   5.3248043e-04
   5.2550759e-04
   4.0376268e-04
   3.0289078e-04
   2.6400607e-04
   2.1608967e-04
   1.4562401e-04
   1.1257878e-04
   1.4953181e-04
   2.1253552e-04
   2.3451500e-04
   1.3991482e-04
   1.0643632e-06
  -7.3754985e-05
  -1.6461188e-04
  -2.8792756e-04
  -3.7388072e-04
  -3.9041161e-04
  -3.9631933e-04
  -4.0484433e-04
  -3.9479509e-04
  -4.2087265e-04
  -4.5516395e-04
  -4.7182409e-04
  -4.7031640e-04
  -4.5903143e-04
  -4.8550918e-04
  -5.3189617e-04
  -5.6474078e-04
  -5.8448664e-04
  -6.0774218e-04
  -6.3777821e-04
  -6.5126372e-04
  -6.3829939e-04
  -6.1411628e-04
  -6.0116540e-04
  -5.9970217e-04
  -5.9297234e-04
  -5.8499437e-04
  -5.7729768e-04
  -5.6047415e-04
  -5.4559883e-04
  -5.2774432e-04
  -5.0986395e-04
  -4.9867101e-04
  -4.8608930e-04
  -4.8267268e-04
  -4.8447406e-04
  -4.7794174e-04
  -4.6032300e-04
  -4.4066504e-04
  -4.2474427e-04
  -4.1137251e-04
  -3.9487265e-04
  -3.7069264e-04
  -3.4738125e-04
  -3.3141705e-04
  -3.1959435e-04
  -3.1001976e-04
  -3.0152889e-04
  -2.8963587e-04
  -2.7844811e-04
  -2.6879906e-04
  -2.5782535e-04
  -2.4797051e-04
  -2.3980124e-04
  -2.3030317e-04
  -2.1779798e-04
  -2.0477574e-04
  -1.9229434e-04
  -1.8181905e-04
  -1.7338816e-04
  -1.6525508e-04
  -1.5752736e-04
  -1.4995475e-04
  -1.4213190e-04
  -1.3461100e-04
  -1.2754096e-04
  -1.2020516e-04
  -1.1220237e-04
  -1.0390694e-04
  -9.5774277e-05
  -8.7807582e-05
  -8.0066834e-05
  -7.2632072e-05
  -6.5382411e-05
  -5.8255290e-05
  -5.1352151e-05
  -4.4712083e-05
  -3.8225681e-05
  -3.1828830e-05
  -2.5524634e-05
  -1.9324466e-05
  -1.3239185e-05
  -7.2796078e-06
  -1.4316185e-06
   4.3198700e-06
   9.9717244e-06
   1.5511484e-05
   2.0936295e-05
   2.6250458e-05
   3.1456663e-05
   3.6555013e-05
   4.1544577e-05
