   5.4845304e-06
   5.4751557e-06
   5.4925863e-06
   5.5002794e-06
   5.4653854e-06
   5.4806289e-06
   5.5984663e-06
   5.6709690e-06
   5.3990592e-06
   5.0624938e-06
   5.3784415e-06
   6.1920058e-06
   6.3180749e-06
   5.6058847e-06
   4.8178618e-06
   4.8616140e-06
   4.9231264e-06
   3.9281571e-06
   3.7575225e-06
   5.3163356e-06
   6.6590474e-06
   6.8646750e-06
   5.7545059e-06
   5.0438653e-06
   1.0139418e-06
  -8.0194096e-06
  -8.3319833e-06
   1.1127738e-06
   9.3852998e-06
   1.0458904e-05
   3.1220223e-06
   3.4295515e-06
   1.4490755e-05
   1.2499761e-05
   3.6397840e-06
   8.3132229e-06
   1.8676721e-05
   1.7901249e-05
   7.9699974e-06
   2.0572649e-06
   8.0186842e-06
   1.6509114e-05
   8.4751093e-06
  -4.5713285e-06
  -7.7547204e-07
   1.0900701e-05
   8.7815285e-06
  -5.5215785e-06
  -6.7337591e-06
   4.7916061e-06
   8.5739776e-06
  -1.7916196e-07
  -1.1808364e-05
  -1.3103785e-05
   1.1464479e-05
   2.1148318e-05
   1.3214237e-06
  -1.7212600e-05
  -6.9470030e-06
   2.0247118e-05
   2.1640132e-05
   2.7870505e-06
  -4.1199810e-06
   1.0906197e-05
   1.7125227e-05
  -2.5221305e-05
  -3.5484330e-05
   9.5037418e-06
   3.6686004e-05
   3.1745117e-05
   5.5267110e-06
  -1.1327761e-05
  -7.2212097e-06
  -2.0575506e-05
  -2.7867318e-05
  -2.4447811e-05
  -1.2232918e-05
  -1.9648369e-05
  -9.2003339e-05
  -1.1858040e-04
  -2.1971928e-05
   6.2081065e-05
   4.1387413e-05
  -7.0672143e-06
  -4.5756477e-05
  -2.8925019e-05
  -2.0876529e-06
  -1.7433724e-05
  -1.4798482e-05
   5.5040930e-06
  -2.1956541e-05
  -8.7667576e-05
  -7.6068466e-05
   1.6235347e-05
   8.5119706e-05
   8.9000034e-05
   5.4871021e-05
   4.7441282e-05
   9.0005202e-05
   3.5363987e-05
  -8.4310714e-05
  -7.5666113e-05
   1.0156497e-05
   5.2960146e-06
  -5.7848280e-05
  -4.2648544e-05
   2.9809075e-05
   8.1787133e-05
   3.7964390e-05
  -3.5687760e-05
  -6.1625959e-05
  -1.2051688e-05
   2.9557288e-05
   1.0900416e-05
  -7.1176156e-06
  -9.7536930e-06
  -1.1112791e-05
   2.0298882e-05
   7.9320481e-05
   9.6549676e-05
   9.3270845e-05
   1.2041028e-04
   1.1870899e-04
   3.3238143e-05
  -3.7521483e-05
  -5.1577023e-05
  -2.2958632e-05
   5.1069054e-05
   9.0740230e-05
   4.5779447e-05
  -2.2907088e-05
  -2.4465176e-05
   6.8873259e-05
   1.4583512e-04
   1.2928490e-04
   1.9974010e-05
  -5.7704418e-05
  -5.4273042e-05
  -6.1003691e-06
   4.7237303e-05
   8.3352913e-05
   8.9539435e-05
   7.4926799e-05
   1.6125225e-04
   1.9486812e-04
   1.0235725e-04
   3.7978347e-05
   2.6811924e-05
   5.4711443e-07
  -8.3909130e-05
  -1.0178246e-04
  -2.8622238e-05
   1.4884535e-05
   1.7689577e-05
   5.8258876e-06
   3.2084606e-05
   2.9356277e-05
  -6.0319218e-06
  -6.6646195e-06
  -1.1396450e-06
  -1.0784831e-05
  -6.0838067e-05
  -7.4385089e-05
  -2.9750387e-05
  -9.8627493e-06
  -3.1248028e-05
  -4.4969465e-05
  -6.2519796e-05
  -4.8122019e-05
   2.0035995e-05
   1.3114336e-05
  -3.7067476e-05
  -1.6681661e-05
   2.9626857e-07
  -2.5697293e-05
  -6.5272743e-05
  -6.7250988e-05
  -1.8087314e-05
  -7.7104737e-06
  -5.0570976e-05
  -9.1703415e-05
  -1.4432506e-04
  -2.1024128e-04
  -1.0335583e-04
   5.3937839e-05
   4.2911981e-05
  -3.2733031e-06
   2.1340648e-05
   3.1926127e-05
   4.6791319e-06
   3.2931954e-05
   7.3017133e-05
   6.9103505e-05
   8.9945855e-06
  -3.1010639e-05
  -7.4171329e-06
   5.2237098e-05
   1.2110706e-04
   2.2326253e-04
   2.1797842e-04
  -5.3171269e-05
  -3.0016021e-04
  -2.4818073e-04
   2.0473517e-05
   2.0088089e-04
   1.4284138e-04
   4.3622830e-05
   4.8656584e-05
   6.4988206e-05
  -3.1937117e-06
  -1.0562916e-04
  -7.3086481e-05
   1.0153397e-05
  -5.4092252e-05
  -1.7548792e-04
  -8.7569762e-05
   8.5304672e-05
   4.3458086e-05
  -7.5696116e-05
  -1.4362059e-04
  -1.1439202e-04
  -3.8720299e-05
  -3.2113620e-05
  -6.4135033e-05
  -1.1106197e-04
  -1.3653847e-04
  -1.7807832e-04
  -2.2229209e-04
  -1.0702294e-04
   7.0553009e-05
   6.7153725e-05
  -7.7546215e-05
  -1.9390757e-04
  -5.0160160e-05
   1.3309852e-04
   1.6044996e-04
   1.0471169e-04
   8.4605362e-05
   1.3296774e-04
   1.3660111e-04
   3.0079985e-05
   4.8606798e-06
   1.6014663e-04
   1.9595945e-04
   1.2964319e-04
   7.9647441e-05
   9.3618356e-05
   8.4734388e-05
   3.7445650e-05
   1.2347436e-05
  -3.8800088e-05
  -8.2783069e-05
  -4.6380284e-05
  -2.8205268e-05
  -1.3060483e-04
  -2.0516599e-04
  -8.9750448e-05
  -3.3333758e-05
  -8.0118922e-05
  -3.5055930e-06
   8.8952885e-05
   1.3929263e-05
  -6.7824460e-05
   1.0043297e-04
   2.2324055e-04
   1.8623968e-05
  -1.6847724e-04
  -1.5941248e-04
  -1.5985538e-04
  -2.9881611e-04
  -2.4960177e-04
  -9.7805752e-06
   5.8828610e-05
  -1.4377775e-05
  -9.6989066e-06
   8.5154655e-05
   1.0938849e-04
   1.0220350e-04
   1.1929587e-04
   4.3913082e-05
  -8.6704830e-05
  -1.0581929e-04
  -2.5207018e-05
   7.7401693e-05
   1.5089174e-04
   1.8686832e-04
   1.7000048e-04
   1.1521629e-04
   6.8001512e-05
   5.1129940e-07
  -2.1532647e-05
   3.5332775e-05
   7.4613027e-05
   7.8671507e-05
  -4.6644050e-05
  -3.6365858e-04
  -3.5896025e-04
  -3.3475532e-05
   1.4031252e-04
   9.2470425e-05
   6.8651476e-05
   1.1398318e-04
   7.0566857e-05
  -7.3349038e-05
  -1.5788923e-04
  -1.7555276e-04
  -1.0755234e-04
   1.4693415e-05
   1.0937310e-04
   1.6655724e-04
   9.0750780e-05
  -2.1853343e-05
  -1.9764536e-05
   1.6802664e-05
   2.4289332e-05
   3.1542897e-05
   4.3790102e-05
  -4.3278176e-06
  -3.3253199e-05
  -5.2211271e-05
  -6.9621585e-05
   1.0149045e-05
   5.5736833e-05
  -1.4378434e-05
  -1.0667181e-04
  -9.8232943e-05
  -1.3213907e-05
   8.1035839e-05
   1.6911687e-04
   2.4641789e-04
   1.7769366e-04
  -1.0992448e-04
  -3.0932059e-04
  -1.8993460e-04
   8.9299848e-06
  -6.1196460e-06
  -1.3168408e-04
  -1.5563183e-04
  -4.1225527e-05
   2.1109193e-05
   1.9939501e-05
   1.5247543e-04
   2.2398679e-04
   1.4730562e-04
   4.9218296e-07
  -1.3896292e-04
  -1.3758694e-04
  -4.6733291e-05
  -1.1955743e-05
  -7.2439046e-06
   2.3783670e-06
   4.7108827e-05
   8.0119912e-05
   1.3118622e-04
   2.4670913e-04
   2.3915883e-04
   6.2608487e-05
  -7.7031651e-05
  -9.3051919e-05
   7.4186386e-06
   1.0086632e-04
  -4.7124434e-05
  -2.0034127e-04
  -1.4974545e-04
  -3.7450815e-05
  -3.9992531e-05
  -2.3448687e-05
   1.1375348e-04
   2.4491552e-04
   1.7701996e-04
   7.0136039e-05
   8.9285121e-06
  -1.0470290e-04
  -1.5953777e-04
  -7.1500588e-05
   2.4917205e-06
  -1.1632410e-04
  -1.3200060e-04
   3.9763384e-05
   1.0420197e-04
  -5.3760017e-05
  -1.8714637e-04
  -8.7725714e-05
   8.3254661e-05
   1.5822553e-04
   1.2642194e-04
   3.8998133e-05
  -9.1218086e-06
   5.2684401e-05
   9.3358987e-05
   1.0684644e-06
  -7.5071760e-05
   2.4077879e-05
   1.4757818e-04
   9.7884552e-05
   2.9066134e-05
  -1.0964764e-05
  -5.6267662e-05
  -6.8291655e-05
  -6.4488699e-05
  -2.9009644e-05
   3.4230672e-05
   1.6869155e-04
   1.8363279e-04
   1.1347873e-05
  -7.8069571e-05
   7.4195288e-05
   2.8740932e-04
   2.5259771e-04
  -1.6329973e-05
  -1.5070380e-04
  -5.4528235e-05
   1.3571970e-04
   1.9707716e-04
   6.5845225e-05
  -7.1254626e-05
  -1.1236871e-04
  -4.5535683e-05
   7.9998909e-05
   1.5731993e-04
   1.5505704e-04
   9.7100287e-05
   3.0214945e-05
   1.8341189e-05
   2.8558384e-05
   7.3655666e-05
   1.1759458e-05
  -8.4081567e-05
   1.1445576e-05
   1.4122581e-04
   1.1952117e-04
  -1.4561752e-05
  -1.0145100e-04
  -4.0268276e-05
   6.9455193e-05
   5.0447555e-05
  -2.9967334e-05
   4.6596902e-05
   2.4048316e-04
   2.6822804e-04
   5.7427024e-06
  -2.3880275e-04
  -2.1093807e-04
  -1.5129947e-04
  -3.1230664e-04
  -2.1959619e-04
   1.2580100e-04
   2.0271406e-04
   2.6445399e-06
  -1.8536266e-04
  -2.0028192e-04
  -7.1522459e-05
   5.3357444e-05
   6.0406920e-05
   6.4040077e-06
   3.8229804e-05
   3.6076485e-05
  -7.6652708e-05
  -9.8244592e-05
  -3.3968775e-05
  -5.1694839e-05
  -1.7240075e-04
  -2.4464516e-04
  -1.0195952e-04
   6.2825764e-05
   1.1345125e-04
   3.6182760e-05
  -5.2883434e-05
  -7.8199915e-05
  -6.1363951e-05
  -2.2475501e-05
  -9.9569357e-05
  -1.7056099e-04
  -1.3438218e-04
  -5.2033558e-05
  -1.8007635e-05
  -7.2900526e-05
  -2.4102827e-05
   9.2699352e-05
   5.1950692e-05
   2.7466063e-06
   1.7757167e-05
   7.1542791e-06
  -2.0698377e-05
  -8.6673068e-05
  -9.6175458e-05
   3.5102309e-05
   1.0787414e-04
  -1.0898284e-04
  -3.9162547e-04
  -3.1857108e-04
  -9.8474618e-05
  -4.3073537e-05
  -7.9146945e-05
   1.6193694e-05
   1.6872891e-04
   7.4968781e-05
  -3.3291665e-05
   8.1411925e-05
   2.1303281e-04
   1.0248749e-04
  -6.7824899e-05
   5.7578469e-05
   3.0142739e-04
   3.2305840e-04
   1.2342600e-04
  -3.3863378e-05
   1.1044102e-05
   8.3005512e-05
   3.9704146e-05
  -4.3629314e-05
  -5.7500438e-05
  -6.7961068e-05
  -1.1328860e-04
  -1.1163676e-04
  -6.3187783e-05
  -4.2587109e-06
   3.9970330e-05
   2.0210081e-06
  -5.0618454e-05
  -6.5912596e-05
  -7.9797458e-05
  -1.6399761e-04
  -3.9317180e-04
  -6.0231296e-04
  -6.6886002e-04
  -6.9428816e-04
  -6.9631696e-04
  -5.5621765e-04
  -3.4153301e-04
  -2.4722567e-04
  -2.3805321e-04
  -1.2649778e-04
   9.7584408e-05
   1.7592423e-04
   3.0273853e-05
  -6.8287808e-05
   2.8245932e-05
   2.1604853e-04
   3.5110112e-04
   5.1921348e-04
   7.3300352e-04
   6.7904908e-04
   3.9200024e-05
  -7.2597415e-04
  -1.0811735e-03
  -1.0608119e-03
  -9.2554940e-04
  -7.8587871e-04
  -3.5625555e-04
   2.1989402e-04
   3.9625236e-04
  -4.4996391e-05
  -6.1680470e-04
  -9.5000710e-04
  -1.1214781e-03
  -1.2058282e-03
  -1.1997616e-03
  -1.1035090e-03
  -1.0112052e-03
  -8.9875297e-04
  -6.1101284e-04
  -2.6049640e-04
  -1.7787390e-04
  -3.8666227e-04
  -8.1978473e-04
  -1.4593623e-03
  -1.9426586e-03
  -1.9539785e-03
  -1.2854966e-03
  -3.0282535e-04
   3.1640270e-04
   3.2669397e-04
   2.2714319e-05
  -1.2118839e-04
   7.9752178e-05
   2.5460343e-04
   1.4057299e-04
  -2.4954901e-04
  -1.0160398e-03
  -2.2247123e-03
  -3.4373655e-03
  -4.0071990e-03
  -3.7830309e-03
  -3.3590820e-03
  -3.4612364e-03
  -4.2490395e-03
  -5.2755068e-03
  -6.0474070e-03
  -6.2589803e-03
  -5.6747716e-03
  -4.4311589e-03
  -2.9801052e-03
  -1.7616821e-03
  -1.0951454e-03
  -1.0419416e-03
  -1.3540647e-03
  -1.6770022e-03
  -1.8898065e-03
  -2.2328012e-03
  -2.9160211e-03
  -3.7118580e-03
  -3.9483682e-03
  -3.1096912e-03
  -1.4097523e-03
   4.3594145e-04
   1.7589236e-03
   2.2645960e-03
   1.8692217e-03
   7.2925914e-04
  -4.5038814e-04
  -1.1169941e-03
  -1.1577569e-03
  -6.3053592e-04
   3.4527739e-04
   1.6095221e-03
   2.9611580e-03
   4.2019243e-03
   5.1799356e-03
   5.9942362e-03
   6.9034486e-03
   7.8653153e-03
   8.3455452e-03
   8.0071445e-03
   7.3686989e-03
   7.1009764e-03
   6.9112077e-03
   6.0984128e-03
   4.6892429e-03
   3.0540586e-03
   1.7381630e-03
   1.4553509e-03
   2.4651241e-03
   4.7119598e-03
   7.4918996e-03
   9.5681556e-03
   1.0240825e-02
   9.6122485e-03
   8.5939579e-03
   7.7564459e-03
   7.1825790e-03
   6.8641145e-03
   6.4179763e-03
   5.4995101e-03
   4.0606666e-03
   2.4631568e-03
   1.1692527e-03
   5.0376558e-04
   4.9328968e-04
   7.4690838e-04
   1.0334748e-03
   1.5708254e-03
   2.4230314e-03
   3.0669282e-03
   2.6680151e-03
   8.3778566e-04
  -1.9266678e-03
  -4.6922872e-03
  -6.4997328e-03
  -6.5995572e-03
  -4.8040801e-03
  -1.7979060e-03
   1.4309415e-03
   4.1184203e-03
   5.8029839e-03
   6.1737290e-03
   4.9973106e-03
   2.4023258e-03
  -8.7566026e-04
  -3.6283761e-03
  -4.7580639e-03
  -3.9721511e-03
  -1.8014448e-03
   5.7691119e-04
   1.7425041e-03
   9.2524057e-04
  -1.8142925e-03
  -5.7025110e-03
  -9.6857952e-03
  -1.2739788e-02
  -1.4128296e-02
  -1.3844528e-02
  -1.2359855e-02
  -1.0622516e-02
  -9.5563301e-03
  -9.8451319e-03
  -1.1582075e-02
  -1.3829911e-02
  -1.4687150e-02
  -1.3089827e-02
  -9.5126548e-03
  -5.2140274e-03
  -1.5165226e-03
   9.6386910e-04
   2.1087872e-03
   2.0252283e-03
   8.1537544e-04
  -1.5216880e-03
  -4.9194447e-03
  -9.1140605e-03
  -1.3395137e-02
  -1.6771121e-02
  -1.8095117e-02
  -1.6644294e-02
  -1.2803312e-02
  -7.7095175e-03
  -2.9574983e-03
  -2.2899285e-05
   5.5952242e-04
  -6.7831493e-04
  -2.5167123e-03
  -3.7981205e-03
  -3.8779317e-03
  -2.8941065e-03
  -1.1198405e-03
   1.2518884e-03
   3.5030653e-03
   5.0974208e-03
   6.3911711e-03
   7.6461477e-03
   8.7769565e-03
   9.4880257e-03
   9.3943888e-03
   8.5718345e-03
   7.7928566e-03
   7.9692281e-03
   9.4789697e-03
   1.1557677e-02
   1.2970693e-02
   1.2917171e-02
   1.0950949e-02
   7.4167922e-03
   4.0229810e-03
   2.8141414e-03
   5.1061361e-03
   1.1160489e-02
   1.9967636e-02
   2.9350452e-02
   3.6961090e-02
   4.0987588e-02
   4.0621393e-02
   3.6465210e-02
   3.0161093e-02
   2.3997321e-02
   2.0023796e-02
   1.8832453e-02
   1.9787286e-02
   2.1666618e-02
   2.3284273e-02
   2.3292846e-02
   2.0458460e-02
   1.4850356e-02
   8.0758775e-03
   2.0279209e-03
  -2.3643655e-03
  -5.2436791e-03
  -7.4238150e-03
  -9.4784971e-03
  -1.1343037e-02
  -1.2955746e-02
  -1.4716055e-02
  -1.6715621e-02
  -1.8200074e-02
  -1.8241067e-02
  -1.6323379e-02
  -1.2426126e-02
  -6.8494645e-03
  -3.2555319e-04
   5.9229535e-03
   1.0454629e-02
   1.2367109e-02
   1.1804518e-02
   9.5429220e-03
   6.5151411e-03
   3.5830413e-03
   1.6522412e-03
   1.2148183e-03
   1.5761997e-03
   1.4692975e-03
   5.2952014e-04
  -2.6409791e-04
   4.6760436e-04
   3.1755448e-03
   7.3244631e-03
   1.1853864e-02
   1.5139729e-02
   1.5112693e-02
   1.0519318e-02
   2.3448687e-03
  -6.6418916e-03
  -1.3902227e-02
  -1.8780139e-02
  -2.1865432e-02
  -2.3402199e-02
  -2.3310100e-02
  -2.1909723e-02
  -1.9753436e-02
  -1.7478454e-02
  -1.5660227e-02
  -1.4914209e-02
  -1.6114894e-02
  -1.9420321e-02
  -2.3771471e-02
  -2.7407046e-02
  -2.8766540e-02
  -2.7034037e-02
  -2.2544410e-02
  -1.6329313e-02
  -9.6866195e-03
  -4.0588312e-03
  -2.9677961e-04
   2.2828618e-03
   5.4037081e-03
   9.9502866e-03
   1.4916956e-02
   1.8375808e-02
   1.8905978e-02
   1.5987407e-02
   1.0149386e-02
   2.9771708e-03
  -3.3640386e-03
  -7.2938003e-03
  -8.5526675e-03
  -7.7437521e-03
  -6.0632330e-03
  -4.9187853e-03
  -5.1652307e-03
  -6.9766766e-03
  -1.0199139e-02
  -1.4730342e-02
  -2.0350426e-02
  -2.6402097e-02
  -3.1787869e-02
  -3.5336181e-02
  -3.6224414e-02
  -3.4316946e-02
  -3.0263632e-02
  -2.5354507e-02
  -2.0756955e-02
  -1.6534392e-02
  -1.2281055e-02
  -8.1349391e-03
  -4.3957813e-03
  -1.3438218e-03
   5.4164018e-04
   1.0348046e-03
   6.3262297e-04
   1.0775676e-04
   1.6156986e-04
   1.1550533e-03
   2.3382856e-03
   2.7077338e-03
   2.3344060e-03
   2.3071612e-03
   3.4701385e-03
   5.1167527e-03
   5.1181155e-03
   1.8081379e-03
  -4.6510628e-03
  -1.2423818e-02
  -1.8912792e-02
  -2.1777400e-02
  -1.9710134e-02
  -1.3755617e-02
  -7.1396620e-03
  -3.0423650e-03
  -2.8833141e-03
  -5.9259538e-03
  -9.9564521e-03
  -1.3007181e-02
  -1.3990698e-02
  -1.2469208e-02
  -8.1265206e-03
  -1.4007293e-03
   6.0367245e-03
   1.2151040e-02
   1.4877501e-02
   1.3535922e-02
   9.3592200e-03
   4.8609546e-03
   2.7424081e-03
   4.5726364e-03
   1.0367751e-02
   1.8721341e-02
   2.7351545e-02
   3.3665554e-02
   3.5833600e-02
   3.3778753e-02
   2.9067892e-02
   2.3773999e-02
   1.9337894e-02
   1.6454053e-02
   1.4971578e-02
   1.4454047e-02
   1.4532847e-02
   1.4795404e-02
   1.5096977e-02
   1.5208308e-02
   1.4345683e-02
   1.1995198e-02
   8.5834402e-03
   4.9523935e-03
   1.5496362e-03
  -2.1546935e-03
  -6.7699061e-03
  -1.1770778e-02
  -1.5483064e-02
  -1.6202156e-02
  -1.2951130e-02
  -5.8769702e-03
   3.8210901e-03
   1.3821448e-02
   2.1333834e-02
   2.4854560e-02
   2.5345495e-02
   2.5071178e-02
   2.5237241e-02
   2.5335274e-02
   2.4061174e-02
   2.0160405e-02
   1.3277761e-02
   4.3324335e-03
  -4.4534142e-03
  -1.0033164e-02
  -1.0079818e-02
  -4.8236537e-03
   2.5617394e-03
   8.0679645e-03
   8.6829789e-03
   3.8694472e-03
  -4.0565782e-03
  -1.1807485e-02
  -1.7302830e-02
  -2.0233710e-02
  -2.1277124e-02
  -2.1409886e-02
  -2.1269431e-02
  -2.0524841e-02
  -1.8208646e-02
  -1.3871784e-02
  -8.3209930e-03
  -3.3046143e-03
  -1.2819137e-04
   1.0743486e-03
   8.2929239e-04
   2.7070744e-04
   2.7109210e-04
   8.9270174e-04
   1.3208302e-03
   3.6904380e-04
  -1.9299099e-03
  -3.4022407e-03
  -1.5468777e-03
   4.0223875e-03
   1.0768104e-02
   1.5045652e-02
   1.4791448e-02
   1.1160049e-02
   7.2150881e-03
   5.0252369e-03
   4.7523709e-03
   4.9542618e-03
   3.5908554e-03
  -1.8257883e-04
  -5.2874862e-03
  -9.9527045e-03
  -1.2936074e-02
  -1.4077411e-02
  -1.4629671e-02
  -1.5979494e-02
  -1.8440980e-02
  -2.1404061e-02
  -2.3935006e-02
  -2.5156792e-02
  -2.4480232e-02
  -2.1955222e-02
  -1.8739036e-02
  -1.6774528e-02
  -1.6867396e-02
  -1.7963893e-02
  -1.8355806e-02
  -1.6823105e-02
  -1.3272266e-02
  -8.9058172e-03
  -5.0330729e-03
  -1.7320964e-03
   1.9704419e-03
   7.5050329e-03
   1.5876515e-02
   2.6432101e-02
   3.6795687e-02
   4.3586782e-02
   4.3866704e-02
   3.6988016e-02
   2.5045241e-02
   1.1476019e-02
  -9.4537581e-04
  -1.1285228e-02
  -2.0032918e-02
  -2.7477823e-02
  -3.2478167e-02
  -3.3077136e-02
  -2.8254284e-02
  -1.8811901e-02
  -7.4843273e-03
   2.1146010e-03
   7.4124291e-03
   8.0928464e-03
   5.9648153e-03
   3.7868775e-03
   3.0512561e-03
   3.3241330e-03
   3.6318380e-03
   3.8223320e-03
   5.0075316e-03
   9.2772986e-03
   1.8032582e-02
   3.0187799e-02
   4.2220364e-02
   5.0012122e-02
   5.0852656e-02
   4.4538977e-02
   3.3509052e-02
   2.1850266e-02
   1.3564936e-02
   1.1164116e-02
   1.4524385e-02
   2.1039185e-02
   2.7340005e-02
   3.1202089e-02
   3.2058230e-02
   3.0293745e-02
   2.6429243e-02
   2.1069079e-02
   1.5105329e-02
   9.7810807e-03
   6.5421441e-03
   6.1589141e-03
   8.4375336e-03
   1.2180934e-02
   1.5068072e-02
   1.4319636e-02
   8.3622504e-03
  -1.7675949e-03
  -1.2889365e-02
  -2.1479454e-02
  -2.5676851e-02
  -2.5541011e-02
  -2.2063696e-02
  -1.6425478e-02
  -9.5287775e-03
  -2.1742451e-03
   4.8038493e-03
   1.0341660e-02
   1.2992674e-02
   1.1635378e-02
   6.8592348e-03
   7.2805790e-04
  -3.6869211e-03
  -3.4519496e-03
   2.4708939e-03
   1.2294243e-02
   2.2228220e-02
   2.8726535e-02
   3.0000525e-02
   2.5866103e-02
   1.7955651e-02
   9.5254585e-03
   3.6701500e-03
   1.3578124e-03
   1.0755289e-03
   1.9251401e-04
  -2.7400562e-03
  -7.2557521e-03
  -1.2221598e-02
  -1.7151604e-02
  -2.2550564e-02
  -2.8866551e-02
  -3.5185505e-02
  -3.9524895e-02
  -3.9707883e-02
  -3.4309472e-02
  -2.3747073e-02
  -1.0877314e-02
   7.5311567e-05
   5.3716495e-03
   3.8192877e-03
  -3.0431563e-03
  -1.2199727e-02
  -2.0552976e-02
  -2.6053377e-02
  -2.8297696e-02
  -2.8099981e-02
  -2.6346487e-02
  -2.3739270e-02
  -2.1158539e-02
  -1.9508573e-02
  -1.9211726e-02
  -2.0252173e-02
  -2.2538695e-02
  -2.6069752e-02
  -3.0494097e-02
  -3.4908331e-02
  -3.8164632e-02
  -3.9430050e-02
  -3.8566656e-02
  -3.6368276e-02
  -3.4129892e-02
  -3.3038340e-02
  -3.3580709e-02
  -3.5034389e-02
  -3.5754800e-02
  -3.4207922e-02
  -2.9968543e-02
  -2.3796419e-02
  -1.7083135e-02
  -1.1271051e-02
  -7.4622589e-03
  -6.3274056e-03
  -7.5181882e-03
  -9.8723657e-03
  -1.1966404e-02
  -1.2287539e-02
  -9.7548030e-03
  -4.3122884e-03
   2.6908418e-03
   9.1389973e-03
   1.3036525e-02
   1.2725061e-02
   7.5237163e-03
  -1.3647253e-03
  -1.0960225e-02
  -1.7605611e-02
  -1.8439551e-02
  -1.2879144e-02
  -3.0194283e-03
   8.0532815e-03
   1.7997633e-02
   2.6113493e-02
   3.2594883e-02
   3.7053958e-02
   3.8336520e-02
   3.5786672e-02
   3.0363753e-02
   2.4538151e-02
   2.1396038e-02
   2.3339994e-02
   3.1307266e-02
   4.3464900e-02
   5.5515929e-02
   6.2539908e-02
   6.1174699e-02
   5.0883429e-02
   3.3734243e-02
   1.3506578e-02
  -5.1322050e-03
  -1.7392071e-02
  -1.9820806e-02
  -1.1765173e-02
   4.4746473e-03
   2.4202948e-02
   4.1909340e-02
   5.2768476e-02
   5.4343050e-02
   4.7281264e-02
   3.4259357e-02
   1.9050060e-02
   5.1881783e-03
  -5.1185551e-03
  -1.1492065e-02
  -1.4915198e-02
  -1.6858494e-02
  -1.8571764e-02
  -2.0122159e-02
  -2.0786080e-02
  -2.0478243e-02
  -2.0264702e-02
  -2.1887522e-02
  -2.6909407e-02
  -3.5555327e-02
  -4.6599100e-02
  -5.7616605e-02
  -6.5356159e-02
  -6.7163396e-02
  -6.2477593e-02
  -5.2962125e-02
  -4.1362245e-02
  -2.9982831e-02
  -2.0563087e-02
  -1.3940253e-02
  -9.2284580e-03
  -4.5964083e-03
   1.4614175e-03
   9.5232824e-03
   1.8952466e-02
   2.8413093e-02
   3.7216833e-02
   4.5511175e-02
   5.3330518e-02
   6.0148979e-02
   6.5134926e-02
   6.7837428e-02
   6.8610482e-02
   6.8305832e-02
   6.7480025e-02
   6.6037884e-02
   6.3368902e-02
   5.8908839e-02
   5.2448990e-02
   4.4210808e-02
   3.4873712e-02
   2.5107336e-02
   1.5363930e-02
   5.9267121e-03
  -3.6550494e-03
  -1.4355135e-02
  -2.6611132e-02
  -3.9268273e-02
  -4.9578446e-02
  -5.4696166e-02
  -5.3095107e-02
  -4.5479303e-02
  -3.4673360e-02
  -2.3994024e-02
  -1.5499440e-02
  -9.0077078e-03
  -2.1976324e-03
   7.6811846e-03
   2.2188985e-02
   4.0732834e-02
   6.0493633e-02
   7.7766569e-02
   8.9609553e-02
   9.4930043e-02
   9.4805084e-02
   9.2170281e-02
   9.0215775e-02
   9.0908600e-02
   9.4669904e-02
   1.0058782e-01
   1.0709372e-01
   1.1206318e-01
   1.1326881e-01
   1.0962159e-01
   1.0145528e-01
   8.9529654e-02
   7.5046592e-02
   5.9618809e-02
   4.5211251e-02
   3.3859532e-02
   2.7097231e-02
   2.5462211e-02
   2.7953701e-02
   3.1647194e-02
   3.2499378e-02
   2.7081625e-02
   1.4558564e-02
  -2.8656637e-03
  -2.1341197e-02
  -3.7336737e-02
  -4.8835615e-02
  -5.5045327e-02
  -5.5985982e-02
  -5.2869807e-02
  -4.8367541e-02
  -4.6062446e-02
  -4.9032890e-02
  -5.8534181e-02
  -7.4372780e-02
  -9.5246782e-02
  -1.1900792e-01
  -1.4275456e-01
  -1.6254250e-01
  -1.7373827e-01
  -1.7233371e-01
  -1.5679350e-01
  -1.2965088e-01
  -9.6964558e-02
  -6.6386715e-02
  -4.4855606e-02
  -3.6277496e-02
  -4.0471596e-02
  -5.3171379e-02
  -6.7452769e-02
  -7.7312562e-02
  -8.0586777e-02
  -7.8706016e-02
  -7.5445758e-02
  -7.4263317e-02
  -7.6090776e-02
  -7.8434337e-02
  -7.6471259e-02
  -6.5938203e-02
  -4.4890226e-02
  -1.4356454e-02
   2.1580235e-02
   5.6809481e-02
   8.5531181e-02
   1.0425340e-01
   1.1223573e-01
   1.1069710e-01
   1.0171048e-01
   8.7928924e-02
   7.2639398e-02
   5.8922687e-02
   4.8641308e-02
   4.2275755e-02
   3.9091110e-02
   3.7317614e-02
   3.5338489e-02
   3.2309467e-02
   2.8710599e-02
   2.6687624e-02
   2.8590916e-02
   3.4827223e-02
   4.3206959e-02
   5.0535917e-02
   5.4451633e-02
   5.3735399e-02
   4.8584488e-02
   4.0900875e-02
   3.3333978e-02
   2.7939084e-02
   2.5282521e-02
   2.4374067e-02
   2.3527488e-02
   2.0767726e-02
   1.3671102e-02
  -4.1583259e-04
  -2.3305485e-02
  -5.4721883e-02
  -9.1747706e-02
  -1.2995641e-01
  -1.6477682e-01
  -1.9228981e-01
  -2.0981816e-01
  -2.1669916e-01
  -2.1484400e-01
  -2.0838613e-01
  -2.0196343e-01
  -1.9862239e-01
  -1.9928620e-01
  -2.0328665e-01
  -2.0940493e-01
  -2.1659035e-01
  -2.2382633e-01
  -2.2848400e-01
  -2.2475721e-01
  -2.0649031e-01
  -1.7157099e-01
  -1.2386781e-01
  -7.1774026e-02
  -2.4458472e-02
   1.1451950e-02
   3.3107029e-02
   4.1965720e-02
   4.2577547e-02
   4.0453682e-02
   4.0692829e-02
   4.7151030e-02
   6.1889285e-02
   8.4597010e-02
   1.1283580e-01
   1.4318867e-01
   1.7212600e-01
   1.9670130e-01
   2.1516602e-01
   2.2682337e-01
   2.3228663e-01
   2.3290098e-01
   2.2984789e-01
   2.2349882e-01
   2.1344934e-01
   1.9913674e-01
   1.8088633e-01
   1.6063899e-01
   1.4187204e-01
   1.2816610e-01
   1.2187967e-01
   1.2319521e-01
   1.2981463e-01
   1.3820459e-01
   1.4532627e-01
   1.4834969e-01
   1.4506251e-01
   1.3511523e-01
   1.1951018e-01
   9.9916869e-02
   7.8303883e-02
   5.6753541e-02
   3.6785576e-02
   1.9164358e-02
   4.0085288e-03
  -9.3660009e-03
  -2.2319439e-02
  -3.6035821e-02
  -5.1270725e-02
  -6.7792588e-02
  -8.3525021e-02
  -9.5467906e-02
  -1.0157079e-01
  -1.0166893e-01
  -9.7283825e-02
  -9.0830570e-02
  -8.4283568e-02
  -7.8137600e-02
  -7.1537625e-02
  -6.3358901e-02
  -5.2942012e-02
  -4.0587323e-02
  -2.8089211e-02
  -1.8104239e-02
  -1.2957725e-02
  -1.3666266e-02
  -1.8757609e-02
  -2.4582442e-02
  -2.7108990e-02
  -2.2976766e-02
  -1.0992778e-02
   6.9724014e-03
   2.7002385e-02
   4.4763618e-02
   5.6461640e-02
   5.9087431e-02
   5.0609552e-02
   3.0469369e-02
   4.0808776e-04
  -3.5389594e-02
  -7.1251659e-02
  -1.0143517e-01
  -1.2157854e-01
  -1.2956955e-01
  -1.2586144e-01
  -1.1307319e-01
  -9.5303931e-02
  -7.7447522e-02
  -6.4436275e-02
  -5.9510225e-02
  -6.2699816e-02
  -7.1380575e-02
  -8.1882748e-02
  -9.0770453e-02
  -9.5550882e-02
  -9.5525495e-02
  -9.1771885e-02
  -8.6108059e-02
  -8.0021659e-02
  -7.4137369e-02
  -6.8444639e-02
  -6.2953691e-02
  -5.7994121e-02
  -5.4382944e-02
  -5.2909371e-02
  -5.4022574e-02
  -5.7663644e-02
  -6.3284827e-02
  -7.0298475e-02
  -7.8076824e-02
  -8.5661965e-02
  -9.2026529e-02
  -9.5388007e-02
  -9.2236772e-02
  -7.8399388e-02
  -5.2003885e-02
  -1.5297769e-02
   2.5683885e-02
   6.3041283e-02
   8.9860240e-02
   1.0246034e-01
   1.0096149e-01
   8.8407000e-02
   6.9841390e-02
   5.0887495e-02
   3.6075606e-02
   2.7542885e-02
   2.5342637e-02
   2.8209114e-02
   3.4002075e-02
   4.0062099e-02
   4.3757241e-02
   4.2732510e-02
   3.5620719e-02
   2.1861805e-02
   1.7629460e-03
  -2.2878294e-02
  -4.9099491e-02
  -7.3877340e-02
  -9.4282827e-02
  -1.0802383e-01
  -1.1403923e-01
  -1.1271051e-01
  -1.0575346e-01
  -9.5977304e-02
  -8.6674717e-02
  -8.0038474e-02
  -7.6049453e-02
  -7.2770622e-02
  -6.7357923e-02
  -5.7506043e-02
  -4.2394340e-02
  -2.2749488e-02
  -3.0483547e-04
   2.3116562e-02
   4.5974853e-02
   6.7258791e-02
   8.6949693e-02
   1.0578094e-01
   1.2438435e-01
   1.4230945e-01
   1.5832224e-01
   1.7106764e-01
   1.7938726e-01
   1.8251838e-01
   1.8020054e-01
   1.7277992e-01
   1.6210509e-01
   1.5096207e-01
   1.4183028e-01
   1.3585598e-01
   1.3262594e-01
   1.3048064e-01
   1.2715390e-01
   1.1985747e-01
   1.0652509e-01
   8.6566133e-02
   6.0721681e-02
   3.1074932e-02
   3.4266281e-04
  -2.9037340e-02
  -5.5246998e-02
  -7.6876249e-02
  -9.2579118e-02
  -1.0104392e-01
  -1.0139715e-01
  -9.4172595e-02
  -8.1409068e-02
  -6.5938972e-02
  -5.0809245e-02
  -3.8571162e-02
  -2.9862817e-02
  -2.2965776e-02
  -1.4847828e-02
  -2.5435615e-03
   1.5693308e-02
   3.9496541e-02
   6.6276043e-02
   9.2151488e-02
   1.1307868e-01
   1.2536029e-01
   1.2670989e-01
   1.1768250e-01
   1.0067421e-01
   7.8985718e-02
   5.6209524e-02
   3.5348600e-02
   1.8349211e-02
   6.2253502e-03
  -7.4494992e-04
  -2.9178015e-03
  -1.0571510e-03
   3.6329480e-03
   9.0639559e-03
   1.2679012e-02
   1.2126092e-02
   5.9396696e-03
  -5.7191283e-03
  -2.1387686e-02
  -3.8608968e-02
  -5.4420751e-02
  -6.6223400e-02
  -7.2400140e-02
  -7.2799086e-02
  -6.8286929e-02
  -5.9913787e-02
  -4.8814514e-02
  -3.6235184e-02
  -2.3562437e-02
  -1.2528116e-02
  -4.6473921e-03
  -5.3803318e-04
   2.2302624e-04
  -8.3580522e-04
  -1.7306237e-03
  -3.3629286e-04
   5.1803532e-03
   1.5127200e-02
   2.7795221e-02
   3.9969671e-02
   4.7797806e-02
   4.7745602e-02
   3.7949113e-02
   1.9475822e-02
  -3.9115728e-03
  -2.7146907e-02
  -4.5944630e-02
  -5.8361634e-02
  -6.4240869e-02
  -6.4177675e-02
  -5.9491212e-02
  -5.2071145e-02
  -4.3788893e-02
  -3.6391026e-02
  -3.1294297e-02
  -2.9591468e-02
  -3.1748304e-02
  -3.7027361e-02
  -4.3288067e-02
  -4.7905071e-02
  -4.8260606e-02
  -4.1664477e-02
  -2.6346707e-02
  -2.4534085e-03
   2.7458920e-02
   5.9074132e-02
   8.7181147e-02
   1.0700965e-01
   1.1574711e-01
   1.1356115e-01
   1.0346474e-01
   9.0006960e-02
   7.7655238e-02
   6.9906672e-02
   6.8649498e-02
   7.3564337e-02
   8.2119038e-02
   9.0505368e-02
   9.5002688e-02
   9.3028290e-02
   8.3633824e-02
   6.7417930e-02
   4.6061017e-02
   2.1679697e-02
  -3.0395295e-03
  -2.5114590e-02
  -4.1820209e-02
  -5.1076967e-02
  -5.1818589e-02
  -4.5250816e-02
  -3.5048457e-02
  -2.6000074e-02
  -2.2208548e-02
  -2.5512766e-02
  -3.4700945e-02
  -4.6217958e-02
  -5.5424051e-02
  -5.8175350e-02
  -5.3103130e-02
  -4.1962533e-02
  -2.7627840e-02
  -1.3106972e-02
  -5.7572974e-04
   9.3388660e-03
   1.7795633e-02
   2.6536178e-02
   3.6296180e-02
   4.6384350e-02
   5.4909267e-02
   5.9810479e-02
   6.0297127e-02
   5.7281952e-02
   5.2768916e-02
   4.9166422e-02
   4.8724834e-02
   5.2616261e-02
   6.0495611e-02
   7.0772045e-02
   8.1127827e-02
   8.8899363e-02
   9.1366894e-02
   8.6565034e-02
   7.4011421e-02
   5.4680340e-02
   3.0817101e-02
   5.3380743e-03
  -1.8769808e-02
  -3.8499285e-02
  -5.1880354e-02
  -5.8780473e-02
  -6.0559135e-02
  -5.9540339e-02
  -5.8565943e-02
  -6.0081718e-02
  -6.5406824e-02
  -7.4336512e-02
  -8.4785053e-02
  -9.3577693e-02
  -9.8267122e-02
  -9.8080398e-02
  -9.3740568e-02
  -8.6713622e-02
  -7.8731843e-02
  -7.1489598e-02
  -6.5606407e-02
  -6.0910383e-02
  -5.7156883e-02
  -5.4371734e-02
  -5.2883544e-02
  -5.2836066e-02
  -5.4306672e-02
  -5.7012581e-02
  -5.9817513e-02
  -6.0730253e-02
  -5.7798824e-02
  -5.0163787e-02
  -3.8819431e-02
  -2.6132616e-02
  -1.5052356e-02
  -8.6543823e-03
  -8.8645928e-03
  -1.5436466e-02
  -2.6330661e-02
  -3.8624794e-02
  -4.9433485e-02
  -5.6765740e-02
  -5.9806742e-02
  -5.8615729e-02
  -5.4069282e-02
  -4.6930675e-02
  -3.7259146e-02
  -2.5237570e-02
  -1.1801880e-02
   1.4065981e-03
   1.2592848e-02
   2.0263823e-02
   2.3727840e-02
   2.3483417e-02
   2.1230306e-02
   1.9398561e-02
   1.9867954e-02
   2.3288669e-02
   2.9050308e-02
   3.5346622e-02
   4.0274540e-02
   4.2440609e-02
   4.1345430e-02
   3.7621164e-02
   3.2920195e-02
   2.8993818e-02
   2.7242522e-02
   2.8549812e-02
   3.2822931e-02
   3.8866580e-02
   4.5086292e-02
   4.9995307e-02
   5.2951464e-02
   5.4251281e-02
   5.4431521e-02
   5.3868271e-02
   5.2742100e-02
   5.0988386e-02
   4.8874301e-02
   4.7483155e-02
   4.8456562e-02
   5.2959047e-02
   6.1090404e-02
   7.1857002e-02
   8.3544254e-02
   9.3838271e-02
   1.0041704e-01
   1.0171949e-01
   9.7530776e-02
   8.9087406e-02
   7.8471924e-02
   6.7895566e-02
   5.9267011e-02
   5.3948939e-02
   5.2567025e-02
   5.5106322e-02
   6.0852025e-02
   6.8755224e-02
   7.7282009e-02
   8.4708231e-02
   8.9510970e-02
   9.0414589e-02
   8.6781322e-02
   7.8238381e-02
   6.4218449e-02
   4.4447209e-02
   2.0110729e-02
  -5.6339978e-03
  -2.8732250e-02
  -4.5200920e-02
  -5.2154671e-02
  -4.9680216e-02
  -4.0965497e-02
  -3.0549158e-02
  -2.2285150e-02
  -1.8898834e-02
  -2.1792017e-02
  -3.0189447e-02
  -4.1702394e-02
  -5.3025209e-02
  -6.0889282e-02
  -6.3636735e-02
  -6.1225034e-02
  -5.5044118e-02
  -4.7480188e-02
  -4.1071224e-02
  -3.7775248e-02
  -3.8378832e-02
  -4.2518749e-02
  -4.9103118e-02
  -5.6485049e-02
  -6.3133051e-02
  -6.8187577e-02
  -7.1399368e-02
  -7.2962621e-02
  -7.3436081e-02
  -7.3359369e-02
  -7.3232871e-02
  -7.3173304e-02
  -7.3054390e-02
  -7.2605768e-02
  -7.0996795e-02
  -6.7507281e-02
  -6.1968195e-02
  -5.4493066e-02
  -4.5844069e-02
  -3.7442133e-02
  -3.0942170e-02
  -2.7429576e-02
  -2.6962600e-02
  -2.8669716e-02
  -3.1389583e-02
  -3.4529167e-02
  -3.7660839e-02
  -4.0281135e-02
  -4.2042432e-02
  -4.2446104e-02
  -4.0543802e-02
  -3.5535215e-02
  -2.7919851e-02
  -1.9204912e-02
  -1.1378206e-02
  -6.2419674e-03
  -4.7317972e-03
  -6.6658174e-03
  -1.0678797e-02
  -1.4583842e-02
  -1.6392068e-02
  -1.5184459e-02
  -1.1417881e-02
  -6.6327807e-03
  -3.0254400e-03
  -2.8574100e-03
  -7.1459045e-03
  -1.4896844e-02
  -2.4215148e-02
  -3.2468715e-02
  -3.6754913e-02
  -3.5176273e-02
  -2.7543655e-02
  -1.5642862e-02
  -2.1524624e-03
   1.0688996e-02
   2.1390873e-02
   2.9466619e-02
   3.5260898e-02
   3.9650624e-02
   4.3722841e-02
   4.8257089e-02
   5.3643081e-02
   5.9747725e-02
   6.6055689e-02
   7.2080654e-02
   7.7223211e-02
   8.0300042e-02
   8.0463687e-02
   7.7591824e-02
   7.1799413e-02
   6.3785323e-02
   5.4788814e-02
   4.5992768e-02
   3.8441696e-02
   3.2673903e-02
   2.8962056e-02
   2.7232740e-02
   2.7431884e-02
   2.9067013e-02
   3.0975580e-02
   3.1802596e-02
   3.0570479e-02
   2.7074811e-02
   2.1840814e-02
   1.5669349e-02
   9.4614513e-03
   4.5170037e-03
   2.0319544e-03
   2.8028654e-03
   7.1262430e-03
   1.4306228e-02
   2.3160303e-02
   3.2646098e-02
   4.1652168e-02
   4.8656474e-02
   5.1868485e-02
   4.9819463e-02
   4.2088151e-02
   2.9719614e-02
   1.5107198e-02
   9.8449231e-04
  -1.0444002e-02
  -1.7627592e-02
  -2.0008300e-02
  -1.8737717e-02
  -1.5852556e-02
  -1.3274573e-02
  -1.2392166e-02
  -1.3864970e-02
  -1.7231283e-02
  -2.1109303e-02
  -2.4334941e-02
  -2.6747741e-02
  -2.8766100e-02
  -3.0842598e-02
  -3.3728088e-02
  -3.8053960e-02
  -4.3699652e-02
  -4.9997834e-02
  -5.5715182e-02
  -5.9409555e-02
  -6.0420548e-02
  -5.9215907e-02
  -5.7382733e-02
  -5.6899492e-02
  -5.9251845e-02
  -6.4703778e-02
  -7.2395195e-02
  -8.0412252e-02
  -8.6224226e-02
  -8.7781435e-02
  -8.4125638e-02
  -7.5740517e-02
  -6.4288017e-02
  -5.1954539e-02
  -4.0916261e-02
  -3.3205502e-02
  -3.0075149e-02
  -3.1167909e-02
  -3.4863930e-02
  -3.8857787e-02
  -4.0947803e-02
  -3.9933623e-02
  -3.5918445e-02
  -2.9860070e-02
  -2.2929618e-02
  -1.6048183e-02
  -9.5164355e-03
  -2.8998764e-03
   4.5301920e-03
   1.2736051e-02
   2.0404278e-02
   2.5664652e-02
   2.7230433e-02
   2.4922150e-02
   1.9748380e-02
   1.3606589e-02
   8.9719895e-03
   7.8817787e-03
   1.0843706e-02
   1.7118743e-02
   2.5587170e-02
   3.4796560e-02
   4.3198826e-02
   4.9270829e-02
   5.1541085e-02
   4.9077291e-02
   4.1208382e-02
   2.8163944e-02
   1.2156425e-02
  -3.0227803e-03
  -1.3453715e-02
  -1.6593079e-02
  -1.2081582e-02
  -1.9598473e-03
   9.7845756e-03
   1.8301294e-02
   1.9937413e-02
   1.3691324e-02
   1.1405022e-03
  -1.4380962e-02
  -2.9015799e-02
  -3.9332236e-02
  -4.3316752e-02
  -4.1203546e-02
  -3.4972404e-02
  -2.6912265e-02
  -1.8853005e-02
  -1.1828037e-02
  -6.2759273e-03
  -2.1302841e-03
   1.1010802e-03
   4.1882304e-03
   7.6931091e-03
   1.1943434e-02
   1.6715071e-02
   2.1095785e-02
   2.4115356e-02
   2.5359123e-02
   2.5138658e-02
   2.4479353e-02
   2.4910830e-02
   2.7418915e-02
   3.1996684e-02
   3.7602371e-02
   4.2203659e-02
   4.3526665e-02
   3.9781188e-02
   3.0530695e-02
   1.7316348e-02
   3.5573021e-03
  -6.7849957e-03
  -1.0857367e-02
  -7.5473454e-03
   1.7128195e-03
   1.3304577e-02
   2.3360765e-02
   2.9032504e-02
   2.8871716e-02
   2.3109528e-02
   1.3355352e-02
   1.8349651e-03
  -9.2205010e-03
  -1.8148200e-02
  -2.4535184e-02
  -2.8681585e-02
  -3.1125707e-02
  -3.2434096e-02
  -3.2712809e-02
  -3.1803805e-02
  -2.9887765e-02
  -2.7435511e-02
  -2.4927975e-02
  -2.2273390e-02
  -1.9104461e-02
  -1.5455039e-02
  -1.1684394e-02
  -8.4555137e-03
  -6.4363740e-03
  -6.5130639e-03
  -9.1004765e-03
  -1.3279409e-02
  -1.7260078e-02
  -1.9235575e-02
  -1.8475819e-02
  -1.5749468e-02
  -1.2717588e-02
  -1.1081249e-02
  -1.1897935e-02
  -1.5185009e-02
  -1.9755634e-02
  -2.3776966e-02
  -2.5782687e-02
  -2.5333405e-02
  -2.2876865e-02
  -1.9378119e-02
  -1.5329201e-02
  -1.0460344e-02
  -4.2731411e-03
   3.6971201e-03
   1.2991025e-02
   2.2330320e-02
   3.0071742e-02
   3.4825135e-02
   3.6090772e-02
   3.4392119e-02
   3.1146368e-02
   2.8538492e-02
   2.8747087e-02
   3.2828976e-02
   4.0356528e-02
   4.9647026e-02
   5.8667054e-02
   6.5855227e-02
   7.0580045e-02
   7.2555213e-02
   7.1846451e-02
   6.8685216e-02
   6.3247020e-02
   5.6089071e-02
   4.7918919e-02
   3.9269812e-02
   3.0444531e-02
   2.1715415e-02
   1.3527789e-02
   6.5773129e-03
   1.7007961e-03
  -7.9140351e-04
  -1.7232162e-03
  -2.3039081e-03
  -3.5589946e-03
  -6.2117223e-03
  -1.0638045e-02
  -1.6423610e-02
  -2.2480776e-02
  -2.7653118e-02
  -3.0938543e-02
  -3.1983606e-02
  -3.1539710e-02
  -3.0574216e-02
  -2.9488819e-02
  -2.8301542e-02
  -2.6211856e-02
  -2.2426594e-02
  -1.7035987e-02
  -1.0530088e-02
  -3.5992299e-03
   2.9733902e-03
   8.5101902e-03
   1.3068616e-02
   1.7129184e-02
   2.0955110e-02
   2.4867968e-02
   2.9002940e-02
   3.2983718e-02
   3.6527634e-02
   3.9747888e-02
   4.2237619e-02
   4.3408960e-02
   4.3219158e-02
   4.1791744e-02
   3.8986483e-02
   3.4863711e-02
   2.9717526e-02
   2.3428246e-02
   1.6064448e-02
   8.4837037e-03
   1.6967957e-03
  -3.3972072e-03
  -6.1462314e-03
  -6.5563216e-03
  -5.5967299e-03
  -4.8353583e-03
  -5.5106762e-03
  -8.3459629e-03
  -1.3653407e-02
  -2.0768056e-02
  -2.7943260e-02
  -3.3513778e-02
  -3.6635888e-02
  -3.7221998e-02
  -3.5684682e-02
  -3.2472012e-02
  -2.7974472e-02
  -2.2787514e-02
  -1.7572970e-02
  -1.3308753e-02
  -1.1254675e-02
  -1.2327654e-02
  -1.6788486e-02
  -2.3899288e-02
  -3.2115379e-02
  -3.9763714e-02
  -4.5261147e-02
  -4.7238183e-02
  -4.4973532e-02
  -3.8915596e-02
  -3.0909199e-02
  -2.3159974e-02
  -1.7242823e-02
  -1.4198194e-02
  -1.4098732e-02
  -1.5963668e-02
  -1.8444277e-02
  -2.0643426e-02
  -2.2094689e-02
  -2.2367247e-02
  -2.1108753e-02
  -1.8118087e-02
  -1.3174672e-02
  -6.4376159e-03
   1.5087635e-03
   9.7278000e-03
   1.6621654e-02
   2.0599026e-02
   2.1276904e-02
   1.9582318e-02
   1.7008511e-02
   1.5022133e-02
   1.4638793e-02
   1.5934654e-02
   1.7890259e-02
   1.9205352e-02
   1.9183921e-02
   1.8043243e-02
   1.6860252e-02
   1.6929601e-02
   1.8919166e-02
   2.2525287e-02
   2.6711143e-02
   3.0228573e-02
   3.1655437e-02
   2.9850069e-02
   2.5023261e-02
   1.8623638e-02
   1.2887057e-02
   9.7604190e-03
   1.0274433e-02
   1.4339639e-02
   2.0481760e-02
   2.6002052e-02
   2.8388036e-02
   2.6448696e-02
   2.0326028e-02
   1.1447884e-02
   2.0696179e-03
  -5.4546369e-03
  -9.8488906e-03
  -1.1098174e-02
  -9.8070177e-03
  -6.8693898e-03
  -3.3435747e-03
  -1.4917946e-04
   1.9491758e-03
   2.6752027e-03
   1.8212603e-03
  -9.1271938e-04
  -5.5463835e-03
  -1.1802979e-02
  -1.9116990e-02
  -2.6761918e-02
  -3.3700283e-02
  -3.8640290e-02
  -4.0462584e-02
  -3.8590834e-02
  -3.3515427e-02
  -2.6444849e-02
  -1.8519450e-02
  -1.1346774e-02
  -6.7250768e-03
  -5.7035661e-03
  -8.1742402e-03
  -1.3106093e-02
  -1.9034454e-02
  -2.4561780e-02
  -2.8280881e-02
  -2.9164277e-02
  -2.7196802e-02
  -2.3336807e-02
  -1.8979173e-02
  -1.5137311e-02
  -1.2492287e-02
  -1.1501626e-02
  -1.2223026e-02
  -1.3876070e-02
  -1.5192372e-02
  -1.5260072e-02
  -1.3729680e-02
  -1.0685029e-02
  -6.6633556e-03
  -2.5802359e-03
   3.2157691e-04
   9.7147326e-04
  -9.5653091e-04
  -4.4788566e-03
  -8.0940663e-03
  -1.0874490e-02
  -1.2787595e-02
  -1.4008832e-02
  -1.4637694e-02
  -1.4761444e-02
  -1.4083786e-02
  -1.1762974e-02
  -6.9038333e-03
   2.9530142e-04
   8.3096511e-03
   1.5171381e-02
   1.9199747e-02
   1.9535719e-02
   1.6821237e-02
   1.3017512e-02
   1.0570763e-02
   1.1309956e-02
   1.5660886e-02
   2.2682227e-02
   3.0562457e-02
   3.7325527e-02
   4.1725693e-02
   4.3184649e-02
   4.1836145e-02
   3.8515111e-02
   3.4086480e-02
   2.8849077e-02
   2.3157446e-02
   1.7829702e-02
   1.4101590e-02
   1.3140163e-02
   1.5313155e-02
   1.9935434e-02
   2.5236032e-02
   2.9006897e-02
   2.9383313e-02
   2.5355826e-02
   1.7383388e-02
   7.4930865e-03
  -1.9672657e-03
  -9.0510643e-03
  -1.2597464e-02
  -1.2542183e-02
  -9.4153582e-03
  -4.1950554e-03
   1.7438120e-03
   6.9771272e-03
   1.0259607e-02
   1.0827638e-02
   8.4748455e-03
   3.6211005e-03
  -2.8001618e-03
  -9.4606270e-03
  -1.4542409e-02
  -1.5831016e-02
  -1.2302266e-02
  -4.7189716e-03
   5.0329081e-03
   1.4316339e-02
   2.0358779e-02
   2.1214150e-02
   1.6518675e-02
   7.9959564e-03
  -1.1692197e-03
  -8.0500504e-03
  -1.1286437e-02
  -1.1441729e-02
  -1.0376126e-02
  -9.9139858e-03
  -1.1134332e-02
  -1.4040594e-02
  -1.7770135e-02
  -2.1391313e-02
  -2.4327688e-02
  -2.6683448e-02
  -2.9444089e-02
  -3.3495315e-02
  -3.8916146e-02
  -4.4873850e-02
  -4.9510637e-02
  -5.1492838e-02
  -5.0373921e-02
  -4.6257523e-02
  -3.9916038e-02
  -3.2783806e-02
  -2.6396492e-02
  -2.1734758e-02
  -1.9029508e-02
  -1.7592093e-02
  -1.6588354e-02
  -1.5568788e-02
  -1.4553179e-02
  -1.3667915e-02
  -1.3045427e-02
  -1.2804411e-02
  -1.2671758e-02
  -1.1887384e-02
  -9.8077540e-03
  -6.5381547e-03
  -3.0024374e-03
  -2.4262186e-04
   1.1907057e-03
   6.8874248e-04
  -1.8764533e-03
  -5.4951470e-03
  -8.8103009e-03
  -1.0895250e-02
  -1.1373040e-02
  -1.0652432e-02
  -9.6149851e-03
  -8.9314135e-03
  -8.9478659e-03
  -9.6672547e-03
  -1.0538353e-02
  -1.0698063e-02
  -9.5151386e-03
  -6.7466947e-03
  -2.4130413e-03
   3.2218577e-03
   9.7296244e-03
   1.6163031e-02
   2.1272178e-02
   2.4254163e-02
   2.5114260e-02
   2.3989957e-02
   2.1221403e-02
   1.7573300e-02
   1.4206217e-02
   1.2131697e-02
   1.1871338e-02
   1.3710667e-02
   1.7780576e-02
   2.3432642e-02
   2.9188675e-02
   3.3445749e-02
   3.5164734e-02
   3.4001306e-02
   3.0396064e-02
   2.5663662e-02
   2.1485499e-02
   1.9164029e-02
   1.9077096e-02
   2.0682112e-02
   2.2911484e-02
   2.4605961e-02
   2.5060188e-02
   2.4240535e-02
   2.2801911e-02
   2.1782456e-02
   2.1896864e-02
   2.3217563e-02
   2.5196467e-02
   2.7086460e-02
   2.8402103e-02
   2.8905457e-02
   2.8446833e-02
   2.6922156e-02
   2.4447811e-02
   2.1135350e-02
   1.7142262e-02
   1.3096971e-02
   9.8327569e-03
   8.1678219e-03
   8.2754714e-03
   9.4753429e-03
   1.0699371e-02
   1.0768126e-02
   8.7595809e-03
   4.2863843e-03
  -2.2611560e-03
  -9.7387902e-03
  -1.6689794e-02
  -2.1865762e-02
  -2.4520347e-02
  -2.4303949e-02
  -2.1514953e-02
  -1.7226118e-02
  -1.2293584e-02
  -7.3430586e-03
  -3.0729289e-03
  -2.2278556e-04
   8.3734605e-04
   3.4860633e-04
  -1.2519873e-03
  -3.0702143e-03
  -4.3208278e-03
  -4.2830323e-03
  -2.4198223e-03
   1.0560575e-03
   5.3910803e-03
   9.7159085e-03
   1.3297983e-02
   1.5469436e-02
   1.5829916e-02
   1.4414592e-02
   1.1317100e-02
   6.6712246e-03
   1.0056551e-03
  -5.0097076e-03
  -1.0677358e-02
  -1.5270073e-02
  -1.8156552e-02
  -1.9111495e-02
  -1.8608142e-02
  -1.7349099e-02
  -1.6192155e-02
  -1.6200508e-02
  -1.7949936e-02
  -2.1112600e-02
  -2.4873354e-02
  -2.8481233e-02
  -3.1178680e-02
  -3.2395301e-02
  -3.1890958e-02
  -2.9665212e-02
  -2.6293843e-02
  -2.2311307e-02
  -1.7702435e-02
  -1.2585705e-02
  -7.3976472e-03
  -2.2821584e-03
   2.4452427e-03
   5.8736622e-03
   7.0371230e-03
   5.4721883e-03
   1.6079615e-03
  -3.7723813e-03
  -9.5450871e-03
  -1.4369202e-02
  -1.7217216e-02
  -1.7520217e-02
  -1.4864643e-02
  -9.3876408e-03
  -2.0346030e-03
   5.7835201e-03
   1.2626039e-02
   1.7256891e-02
   1.8886085e-02
   1.7323052e-02
   1.2964429e-02
   6.9834466e-03
   9.8225140e-04
  -3.6694027e-03
  -5.8490330e-03
  -4.8546352e-03
  -7.9276630e-04
   5.5206444e-03
   1.2705388e-02
   1.9110066e-02
   2.3304056e-02
   2.4440997e-02
   2.2416154e-02
   1.7960157e-02
   1.2672747e-02
   8.0666017e-03
   5.1255229e-03
   4.4311479e-03
   5.5158856e-03
   7.4261009e-03
   9.4522854e-03
   1.1180271e-02
   1.2411509e-02
   1.3009269e-02
   1.3091146e-02
   1.2873210e-02
   1.2463493e-02
   1.2273581e-02
   1.2932117e-02
   1.4635386e-02
   1.7561430e-02
   2.1642989e-02
   2.6136023e-02
   3.0199339e-02
   3.3173850e-02
   3.4675008e-02
   3.4827333e-02
   3.4254851e-02
   3.3714350e-02
   3.3683688e-02
   3.4438168e-02
   3.5985485e-02
   3.7779534e-02
   3.9156832e-02
   3.9756460e-02
   3.9273329e-02
   3.7718758e-02
   3.5186714e-02
   3.1734567e-02
   2.7800387e-02
   2.4092386e-02
   2.1152934e-02
   1.9074788e-02
   1.7574069e-02
   1.6448777e-02
   1.5445587e-02
   1.3902227e-02
   1.1317320e-02
   7.7086932e-03
   3.4382777e-03
  -1.1052675e-03
  -5.4945095e-03
  -8.9282923e-03
  -1.0736419e-02
  -1.0935167e-02
  -1.0026680e-02
  -8.4752412e-03
  -6.5215044e-03
  -4.4876048e-03
  -3.3618296e-03
  -3.9203101e-03
  -6.0262838e-03
  -9.2169622e-03
  -1.2929590e-02
  -1.6231061e-02
  -1.8127538e-02
  -1.7754969e-02
  -1.4652531e-02
  -9.4853770e-03
  -3.8736785e-03
   4.3102002e-04
   2.0713214e-03
   4.5999691e-04
  -4.1692393e-03
  -1.0930562e-02
  -1.8470434e-02
  -2.5276476e-02
  -2.9692139e-02
  -3.0627519e-02
  -2.8211972e-02
  -2.3499572e-02
  -1.7784752e-02
  -1.2379418e-02
  -8.7180927e-03
  -7.6197711e-03
  -8.7217085e-03
  -1.0847344e-02
  -1.2970363e-02
  -1.4390523e-02
  -1.4350519e-02
  -1.2491079e-02
  -9.1484380e-03
  -4.7453701e-03
   2.1197774e-05
   4.3485891e-03
   7.8922304e-03
   1.0383017e-02
   1.1446675e-02
   1.0931276e-02
   8.9231488e-03
   5.9873893e-03
   3.1798420e-03
   1.1171479e-03
  -2.7248457e-04
  -1.2826611e-03
  -2.3238004e-03
  -3.9740414e-03
  -6.5920179e-03
  -1.0023548e-02
  -1.3664617e-02
  -1.6757713e-02
  -1.8742113e-02
  -1.9531323e-02
  -1.9435378e-02
  -1.9223156e-02
  -1.9643863e-02
  -2.0814215e-02
  -2.2228330e-02
  -2.3394286e-02
  -2.4081726e-02
  -2.4460999e-02
  -2.4895334e-02
  -2.5340329e-02
  -2.5644100e-02
  -2.6089754e-02
  -2.6909847e-02
  -2.7877319e-02
  -2.8793466e-02
  -2.9674225e-02
  -3.0143288e-02
  -2.9659168e-02
  -2.8133062e-02
  -2.5789940e-02
  -2.3027761e-02
  -2.0121719e-02
  -1.7301181e-02
  -1.4901570e-02
  -1.2953328e-02
  -1.1280502e-02
  -9.7538579e-03
  -8.2879234e-03
  -6.9517617e-03
  -5.9382958e-03
  -5.2724076e-03
  -4.7513928e-03
  -3.9608751e-03
  -2.6016450e-03
  -9.5069509e-04
   1.9260303e-04
   2.4426600e-05
  -1.7709909e-03
  -5.0666921e-03
  -9.3414158e-03
  -1.3844198e-02
  -1.7564398e-02
  -1.9730356e-02
  -2.0241513e-02
  -1.9551984e-02
  -1.7883115e-02
  -1.5474712e-02
  -1.2947833e-02
  -1.0840365e-02
  -9.5493623e-03
  -9.2946632e-03
  -1.0021405e-02
  -1.1711320e-02
  -1.4362059e-02
  -1.7701446e-02
  -2.1074244e-02
  -2.3722345e-02
  -2.5090301e-02
  -2.5136680e-02
  -2.4049195e-02
  -2.2075236e-02
  -1.9812673e-02
  -1.7878499e-02
  -1.6699245e-02
  -1.6470099e-02
  -1.7246670e-02
  -1.8581875e-02
  -1.9716948e-02
  -1.9876197e-02
  -1.8686173e-02
  -1.6319532e-02
  -1.3302269e-02
  -1.0341858e-02
  -8.2219379e-03
  -7.6791954e-03
  -8.7983216e-03
  -1.1005856e-02
  -1.3625382e-02
  -1.5731224e-02
  -1.6370197e-02
  -1.5151488e-02
  -1.2474923e-02
  -9.4546263e-03
  -7.5087806e-03
  -7.4555108e-03
  -9.3515158e-03
  -1.2690332e-02
  -1.6594288e-02
  -2.0167658e-02
  -2.2377468e-02
  -2.2434068e-02
  -2.0230193e-02
  -1.6141380e-02
  -1.0719681e-02
  -4.7308740e-03
   7.7355314e-04
   4.8428317e-03
   7.0543447e-03
   7.6534452e-03
   7.3277822e-03
   7.0637084e-03
   7.8380265e-03
   1.0272982e-02
   1.4221274e-02
   1.8936860e-02
   2.3673548e-02
   2.8076022e-02
   3.2007894e-02
   3.5484660e-02
   3.8897462e-02
   4.2742621e-02
   4.7021235e-02
   5.1100926e-02
   5.4326234e-02
   5.6357452e-02
   5.7053795e-02
   5.6452518e-02
   5.4806618e-02
   5.2519657e-02
   5.0228300e-02
   4.8378751e-02
   4.7098387e-02
   4.6308407e-02
   4.5856159e-02
   4.5455015e-02
   4.4749111e-02
   4.3823952e-02
   4.2763063e-02
   4.1789656e-02
   4.1013085e-02
   4.0234756e-02
   3.9519510e-02
   3.9062865e-02
   3.8852842e-02
   3.8636663e-02
   3.7926474e-02
   3.6298817e-02
   3.3448936e-02
   2.9263299e-02
   2.3910278e-02
   1.8025768e-02
   1.2702091e-02
   8.9971242e-03
   7.8084957e-03
   9.4795302e-03
   1.3189619e-02
   1.7517579e-02
   2.1034459e-02
   2.2577271e-02
   2.1533417e-02
   1.8081379e-02
   1.3094114e-02
   7.9147604e-03
   3.8941863e-03
   1.8006755e-03
   1.9782670e-03
   4.4668223e-03
   8.5868472e-03
   1.3027842e-02
   1.6327335e-02
   1.7627482e-02
   1.6944767e-02
   1.4744190e-02
   1.1471623e-02
   7.8250250e-03
   5.0661755e-03
   3.6783048e-03
   3.2664672e-03
   3.4357280e-03
   3.9424994e-03
   4.4267628e-03
   4.1929342e-03
   2.6543102e-03
  -1.8978403e-04
  -3.8798000e-03
  -7.8130017e-03
  -1.1505473e-02
  -1.4064772e-02
  -1.4947839e-02
  -1.4792437e-02
  -1.4510427e-02
  -1.4656048e-02
  -1.5441411e-02
  -1.6751229e-02
  -1.8485381e-02
  -2.0310312e-02
  -2.1747067e-02
  -2.2575952e-02
  -2.2838619e-02
  -2.2579798e-02
  -2.1868399e-02
  -2.0858615e-02
  -1.9543852e-02
  -1.7894435e-02
  -1.5963338e-02
  -1.3808700e-02
  -1.1632960e-02
  -1.0010227e-02
  -9.2994989e-03
  -9.3709576e-03
  -1.0061882e-02
  -1.1289295e-02
  -1.2985420e-02
  -1.4756499e-02
  -1.6062250e-02
  -1.6639678e-02
  -1.6515818e-02
  -1.5705397e-02
  -1.4038726e-02
  -1.1816057e-02
  -9.5931694e-03
  -7.8500718e-03
  -6.7007884e-03
  -6.0595183e-03
  -5.6808822e-03
  -5.1139831e-03
  -3.7196721e-03
  -9.1063783e-04
   3.2180661e-03
   7.5756782e-03
   1.1043773e-02
   1.2714510e-02
   1.1961348e-02
   8.8094547e-03
   4.1942970e-03
  -6.4930397e-04
  -5.0093559e-03
  -8.5608882e-03
  -1.1058829e-02
  -1.2337874e-02
  -1.2506575e-02
  -1.1902880e-02
  -1.0960983e-02
  -1.0145847e-02
  -9.8528690e-03
  -1.0093259e-02
  -1.0719769e-02
  -1.1432388e-02
  -1.1919146e-02
  -1.2066305e-02
  -1.1769019e-02
  -1.0931342e-02
  -9.7192496e-03
  -8.5057281e-03
  -7.4848328e-03
  -6.4681578e-03
  -5.0125871e-03
  -2.7222190e-03
   3.2860078e-04
   3.6704907e-03
   6.7357813e-03
   8.7958048e-03
   9.2625827e-03
   7.8058470e-03
   4.6236861e-03
   5.8066656e-04
  -3.3220888e-03
  -5.8786627e-03
  -5.9520227e-03
  -3.2881729e-03
   1.4609010e-03
   7.1375849e-03
   1.2411509e-02
   1.6216883e-02
   1.7862563e-02
   1.6987410e-02
   1.4280071e-02
   1.0805537e-02
   7.4651273e-03
   5.0525806e-03
   4.3418851e-03
   5.6839705e-03
   8.6913754e-03
   1.2409311e-02
   1.5734851e-02
   1.7871136e-02
   1.8446695e-02
   1.7320634e-02
   1.4631869e-02
   1.0922506e-02
   7.1162089e-03
   3.8201230e-03
   1.0977655e-03
  -1.1919915e-03
  -3.0027451e-03
  -4.3488639e-03
  -5.3830025e-03
  -6.0404502e-03
  -6.0312734e-03
  -5.3954984e-03
  -4.4967597e-03
  -3.7545771e-03
  -3.5676330e-03
  -4.4424459e-03
  -6.5225046e-03
  -9.4246010e-03
  -1.2465361e-02
  -1.4840025e-02
  -1.5863217e-02
  -1.5038069e-02
  -1.2509322e-02
  -8.8705715e-03
  -5.0380185e-03
  -2.0266461e-03
  -6.3095465e-04
  -1.1301384e-03
  -3.2003608e-03
  -6.2800816e-03
  -9.6242279e-03
  -1.2176428e-02
  -1.3311611e-02
  -1.3051032e-02
  -1.1797814e-02
  -9.8496159e-03
  -7.4362779e-03
  -5.0676043e-03
  -3.4028232e-03
  -2.7917983e-03
  -3.2595103e-03
  -4.8958047e-03
  -7.3420035e-03
  -9.7044237e-03
  -1.1227529e-02
  -1.1209286e-02
  -9.4681663e-03
  -6.5338575e-03
  -2.9951399e-03
   5.9073033e-04
   4.0097378e-03
   7.0587189e-03
   9.4684301e-03
   1.1341938e-02
   1.2659119e-02
   1.3198411e-02
   1.2841668e-02
   1.1540092e-02
   9.5323164e-03
   7.1312655e-03
   4.8551737e-03
   3.5967901e-03
   3.6247603e-03
   4.4407094e-03
   5.4671658e-03
   6.3505071e-03
   6.9231541e-03
   7.2926793e-03
   7.5749419e-03
   7.8131885e-03
   8.2784278e-03
   9.2331508e-03
   1.0525088e-02
   1.1771437e-02
   1.2921347e-02
   1.3896292e-02
   1.4455806e-02
   1.4417779e-02
   1.4005315e-02
   1.3345351e-02
   1.2324466e-02
   1.0820440e-02
   8.8122572e-03
   6.3959298e-03
   3.6081211e-03
   6.1398900e-04
  -2.0306026e-03
  -3.7429934e-03
  -4.3106838e-03
  -3.7543903e-03
  -2.3513420e-03
  -7.5089125e-04
   3.3295622e-04
   2.1930384e-04
  -1.4090819e-03
  -4.0343779e-03
  -6.7551901e-03
  -8.8678898e-03
  -9.9211405e-03
  -9.6947853e-03
  -8.0900989e-03
  -5.3658687e-03
  -2.1921482e-03
   8.7982666e-04
   3.2939098e-03
   4.5975733e-03
   4.5725155e-03
   3.3988117e-03
   1.4952015e-03
  -7.1974927e-04
  -2.7064919e-03
  -4.3186407e-03
  -5.6734088e-03
  -6.6016673e-03
  -6.7515633e-03
  -6.1758941e-03
  -5.0737478e-03
  -3.7677544e-03
  -2.9651914e-03
  -2.9690270e-03
  -3.6838439e-03
  -4.7926062e-03
  -5.6923670e-03
  -5.5437678e-03
  -3.9015497e-03
  -1.1168292e-03
   2.1778829e-03
   5.4605277e-03
   7.9968466e-03
   9.1749245e-03
   8.9155985e-03
   7.1785456e-03
   3.9484232e-03
  -2.8740163e-04
  -4.7752307e-03
  -8.8363478e-03
  -1.1729125e-02
  -1.2973111e-02
  -1.2686595e-02
  -1.1443378e-02
  -1.0252233e-02
  -1.0090522e-02
  -1.1485581e-02
  -1.4479654e-02
  -1.8354707e-02
  -2.2232946e-02
  -2.5329449e-02
  -2.6583217e-02
  -2.5583653e-02
  -2.2947202e-02
  -1.9411309e-02
  -1.5455918e-02
  -1.1669447e-02
  -8.6124435e-03
  -6.6050743e-03
  -5.1979486e-03
  -4.2620189e-03
  -4.0455880e-03
  -4.1654037e-03
  -3.8493461e-03
  -3.0249564e-03
  -1.8939388e-03
  -6.0675412e-04
   4.5128714e-04
   1.0108041e-03
   1.1607682e-03
   1.1747808e-03
   1.2389639e-03
   1.4026197e-03
   1.7328767e-03
   2.0964012e-03
   2.1737176e-03
   1.6388111e-03
   5.5203806e-04
  -6.8137242e-04
  -1.8518571e-03
  -2.9711152e-03
  -4.2722619e-03
  -5.7061378e-03
  -7.0524874e-03
  -8.3896821e-03
  -9.4687378e-03
  -1.0245946e-02
  -1.1025529e-02
  -1.1567128e-02
  -1.1638895e-02
  -1.1003988e-02
  -9.5883887e-03
  -7.8895268e-03
  -6.4618274e-03
  -5.3623298e-03
  -4.2999573e-03
  -3.1543996e-03
  -2.1142384e-03
  -1.2259404e-03
  -5.7042255e-04
  -3.0409143e-04
  -4.7567231e-04
  -8.5638116e-04
  -9.2120935e-04
  -5.9039733e-04
   2.5273289e-06
   1.0072520e-03
   2.3651238e-03
   3.8362457e-03
   5.1026082e-03
   5.9111939e-03
   6.5042937e-03
   6.7576959e-03
   6.3540460e-03
   5.4295462e-03
   4.4218282e-03
   3.7931089e-03
   3.9512476e-03
   5.2683302e-03
   7.6236836e-03
   1.0567202e-02
   1.3604830e-02
   1.5954216e-02
   1.6987849e-02
   1.6393826e-02
   1.4400195e-02
   1.1503495e-02
   8.0975612e-03
   4.6442598e-03
   1.9523630e-03
   6.3345163e-04
   5.4425257e-04
   1.3687917e-03
   2.8595422e-03
   4.6198175e-03
   6.1293394e-03
   7.0042622e-03
   7.0892168e-03
   6.2492760e-03
   4.3559966e-03
   1.3219183e-03
  -2.2416263e-03
  -5.3248201e-03
  -7.2880414e-03
  -7.9302896e-03
  -7.2652037e-03
  -5.5693971e-03
  -3.4169237e-03
  -1.6869484e-03
  -1.0853729e-03
  -1.7914437e-03
  -3.5155282e-03
  -5.7807396e-03
  -8.0208603e-03
  -9.5488018e-03
  -1.0039648e-02
  -9.6469667e-03
  -8.5062227e-03
  -6.6679495e-03
  -4.4781422e-03
  -2.5635527e-03
  -1.3090157e-03
  -1.0660564e-03
  -2.2946543e-03
  -4.5516230e-03
  -7.0114718e-03
  -9.1477895e-03
  -1.0514845e-02
  -1.0512229e-02
  -8.9484484e-03
  -6.2254271e-03
  -2.9390017e-03
   2.2619583e-04
   2.5720372e-03
   3.8515551e-03
   4.1759433e-03
   3.6602258e-03
   2.5632780e-03
   1.3831230e-03
   4.3449184e-04
   1.0339539e-04
   6.0502975e-04
   1.7428229e-03
   3.4342003e-03
   6.0078641e-03
   9.1910911e-03
   1.2295122e-02
   1.5080711e-02
   1.7321074e-02
   1.8647707e-02
   1.8714308e-02
   1.7439768e-02
   1.5386680e-02
   1.3517568e-02
   1.2421950e-02
   1.2190385e-02
   1.2746492e-02
   1.3752649e-02
   1.4619231e-02
   1.4791008e-02
   1.3872883e-02
   1.1830455e-02
   9.0118841e-03
   5.8881253e-03
   2.8795444e-03
   2.2570786e-04
  -1.9796957e-03
  -3.8253324e-03
  -5.6340967e-03
  -7.4695344e-03
  -9.0584168e-03
  -1.0401480e-02
  -1.1674283e-02
  -1.2749349e-02
  -1.3110929e-02
  -1.2592189e-02
  -1.1569546e-02
  -1.0427637e-02
  -9.2971251e-03
  -8.2449185e-03
  -7.4427951e-03
  -6.8535419e-03
  -6.3827415e-03
  -5.9410874e-03
  -5.4519003e-03
  -4.9048167e-03
  -4.1377852e-03
  -3.1427169e-03
  -2.1618371e-03
  -1.4670665e-03
  -1.1499428e-03
  -1.1149059e-03
  -1.2185769e-03
  -1.3876839e-03
  -1.6287880e-03
  -1.5984439e-03
  -1.1556358e-03
  -5.4312607e-04
   3.3794909e-05
   4.4710205e-04
   5.9016983e-04
   3.8280689e-04
  -3.4777547e-04
  -1.7246780e-03
  -3.4566754e-03
  -4.9813198e-03
  -6.0319987e-03
  -6.4556509e-03
  -6.1607825e-03
  -5.0380625e-03
  -3.1010419e-03
  -7.3419156e-04
   1.4833760e-03
   3.1019651e-03
   3.6907567e-03
   2.9592347e-03
   9.2066643e-04
  -1.8956093e-03
  -4.5833739e-03
  -6.3496389e-03
  -6.8342320e-03
  -6.0686072e-03
  -4.1303777e-03
  -1.5265457e-03
   6.3105246e-04
   1.7688368e-03
   1.8520549e-03
   1.0415724e-03
  -2.1081388e-04
  -1.2607685e-03
  -1.5973229e-03
  -1.2384583e-03
  -3.1327818e-04
   1.0175521e-03
   2.2449124e-03
   2.6919299e-03
   2.0620566e-03
   7.9056385e-04
  -5.9909941e-04
  -1.8174247e-03
  -2.5030294e-03
  -2.3406155e-03
  -1.1994429e-03
   8.2792081e-04
   3.2344745e-03
   5.3418000e-03
   6.6905675e-03
   7.0825897e-03
   6.3036227e-03
   4.3096177e-03
   1.5734631e-03
  -1.2832656e-03
  -3.7007249e-03
  -5.0957173e-03
  -5.4172481e-03
  -5.2044659e-03
  -4.9989592e-03
  -5.0521520e-03
  -5.4798595e-03
  -6.3023369e-03
  -7.4633029e-03
  -8.7089489e-03
  -9.7040720e-03
  -1.0182533e-02
  -9.8031052e-03
  -8.4858907e-03
  -6.3984466e-03
  -3.8678097e-03
  -1.2721324e-03
   1.2330401e-03
   3.2255724e-03
   4.1148815e-03
   3.5468504e-03
   2.1123920e-03
   5.4046423e-04
  -9.2360962e-04
  -1.9147873e-03
  -1.8965545e-03
  -6.5524200e-04
   1.4630111e-03
   3.7757553e-03
   5.6619680e-03
   6.5941390e-03
   6.1573755e-03
   4.2790319e-03
   1.3834966e-03
  -1.9152599e-03
  -4.9273797e-03
  -7.2524550e-03
  -8.6866167e-03
  -9.1328098e-03
  -8.8729014e-03
  -8.3180586e-03
  -7.3116375e-03
  -5.9982916e-03
  -4.9932113e-03
  -4.5968809e-03
  -4.7227742e-03
  -5.2532186e-03
  -5.8477032e-03
  -6.0749156e-03
  -5.5410642e-03
  -3.7442903e-03
  -9.1273257e-04
   2.3668932e-03
   5.7680239e-03
   9.1171157e-03
   1.2258085e-02
   1.5194680e-02
   1.7902897e-02
   2.0474836e-02
   2.2895878e-02
   2.4824227e-02
   2.5702898e-02
   2.5382422e-02
   2.4170088e-02
   2.2336914e-02
   2.0285144e-02
   1.8404053e-02
   1.6849152e-02
   1.5831675e-02
   1.5436795e-02
   1.5332058e-02
   1.5514716e-02
   1.5839698e-02
   1.5581317e-02
   1.4245672e-02
   1.1991022e-02
   9.2737158e-03
   6.7272199e-03
   5.0433488e-03
   4.6336872e-03
   5.5231282e-03
   7.3468722e-03
   9.3336566e-03
   1.0857719e-02
   1.1577459e-02
   1.1402165e-02
   1.0491073e-02
   9.1504931e-03
   7.6760742e-03
   6.2922149e-03
   5.2674400e-03
   4.8375014e-03
   4.8972994e-03
   5.1720776e-03
   5.6372729e-03
   6.2037873e-03
   6.7787862e-03
   7.2491030e-03
   7.2860412e-03
   6.8674775e-03
   6.0937969e-03
   5.0460304e-03
   3.9548634e-03
   3.0278249e-03
   2.3991166e-03
   2.1879939e-03
   2.3638819e-03
   2.7335170e-03
   3.1649282e-03
   3.4202317e-03
   3.2048668e-03
   2.4650252e-03
   1.1933104e-03
  -6.4167674e-04
  -2.3796089e-03
  -3.4626431e-03
  -3.8574678e-03
  -3.6715348e-03
  -2.9323965e-03
  -1.8232715e-03
  -8.2433359e-04
  -6.6836326e-04
  -1.9713651e-03
  -4.5790217e-03
  -7.9247066e-03
  -1.1208626e-02
  -1.3761771e-02
  -1.5225892e-02
  -1.5088514e-02
  -1.3171155e-02
  -1.0024493e-02
  -6.3375167e-03
  -2.6661687e-03
   2.7418256e-04
   1.9586714e-03
   2.2386150e-03
   1.4670665e-03
  -1.0443364e-04
  -1.9933566e-03
  -3.4100548e-03
  -3.8837675e-03
  -3.5137368e-03
  -2.4532216e-03
  -1.0739782e-03
   2.2033253e-04
   1.3685719e-03
   2.1883016e-03
   2.6125583e-03
   2.9183730e-03
   3.2971849e-03
   3.7137264e-03
   3.8888560e-03
   3.5373988e-03
   2.7638940e-03
   1.6901905e-03
   2.3494407e-04
  -1.4028615e-03
  -2.8356713e-03
  -3.9928567e-03
  -5.0247972e-03
  -6.0096336e-03
  -6.9042949e-03
  -7.7016485e-03
  -8.7727033e-03
  -1.0528319e-02
  -1.2688573e-02
  -1.4807054e-02
  -1.6534941e-02
  -1.7560221e-02
  -1.7868718e-02
  -1.7581872e-02
  -1.6763318e-02
  -1.5390636e-02
  -1.3412281e-02
  -1.0796063e-02
  -7.6166389e-03
  -4.3319059e-03
  -1.3576805e-03
   1.1211594e-03
   2.9513547e-03
   4.0474233e-03
   4.6306759e-03
   5.1681761e-03
   5.9297784e-03
   7.0193957e-03
   8.1412035e-03
   8.6871442e-03
   8.3001775e-03
   7.0562790e-03
   5.3874205e-03
   3.7878886e-03
   2.2835212e-03
   7.1911184e-04
  -7.4591926e-04
  -1.9612870e-03
  -2.9249891e-03
  -3.7118910e-03
  -4.4357308e-03
  -5.0574163e-03
  -5.6889820e-03
  -6.5518046e-03
  -7.7341686e-03
  -9.0609226e-03
  -1.0459157e-02
  -1.1816167e-02
  -1.2571967e-02
  -1.2293584e-02
  -1.1196427e-02
  -9.7500442e-03
  -8.1438302e-03
  -6.6486616e-03
  -5.7180402e-03
  -5.4718476e-03
  -5.9474507e-03
  -7.0645986e-03
  -8.3381268e-03
  -9.1022349e-03
  -8.7626912e-03
  -7.0899092e-03
  -4.3563702e-03
  -1.1955414e-03
   1.6900367e-03
   3.9101881e-03
   5.3967293e-03
   6.1833894e-03
   6.3457813e-03
   6.1072709e-03
   5.8749590e-03
   5.9273605e-03
   6.2736633e-03
   6.6183835e-03
   6.3825547e-03
   5.2532955e-03
   3.2735009e-03
   6.8323637e-04
  -2.1620899e-03
  -4.7192683e-03
  -6.3542219e-03
  -7.0424643e-03
  -7.1746220e-03
  -7.2511252e-03
  -7.6888668e-03
  -8.4090139e-03
  -8.9575043e-03
  -8.8048168e-03
  -7.7563250e-03
  -6.0182829e-03
  -3.9352458e-03
  -1.8999175e-03
  -2.7623774e-04
   6.1557160e-04
   6.9565205e-04
   4.3208498e-04
   2.4908742e-04
   1.7084783e-04
   3.1191868e-05
  -1.8272719e-04
  -1.5730015e-04
   2.4764660e-04
   7.7554787e-04
   1.1380843e-03
   1.2096529e-03
   9.3689353e-04
   6.4195919e-05
  -1.7580553e-03
  -4.2066611e-03
  -6.5164929e-03
  -8.1732291e-03
  -8.8983988e-03
  -8.7503601e-03
  -7.9810096e-03
  -6.7863585e-03
  -5.7017087e-03
  -5.2000038e-03
  -5.3144453e-03
  -5.8570339e-03
  -6.6556075e-03
  -7.3235509e-03
  -7.4493563e-03
  -6.7654990e-03
  -5.1944208e-03
  -2.9552233e-03
  -2.2424836e-04
   2.7390890e-03
   5.4840029e-03
   7.7757777e-03
   9.4505489e-03
   1.0355750e-02
   1.0751817e-02
   1.1048828e-02
   1.1306659e-02
   1.1232805e-02
   1.0917088e-02
   1.0649069e-02
   1.0381401e-02
   9.8515172e-03
   8.9031356e-03
   7.7659634e-03
   6.7296928e-03
   5.9623315e-03
   5.4434269e-03
   4.8910349e-03
   4.3110794e-03
   3.7585336e-03
   3.1551139e-03
   2.5173497e-03
   1.7512414e-03
   9.8484290e-04
   6.8377159e-04
   8.2757022e-04
   1.0196556e-03
   8.6339624e-04
   3.0012504e-04
  -4.3968034e-04
  -1.1851995e-03
  -1.5459435e-03
  -1.6209410e-03
  -1.6212817e-03
  -1.3664288e-03
  -6.4474521e-04
   3.9292342e-04
   1.5480317e-03
   2.7773131e-03
   4.0354659e-03
   5.1595597e-03
   6.1431981e-03
   7.1252209e-03
   7.9576993e-03
   8.5833743e-03
   9.0562298e-03
   9.3260954e-03
   9.2381184e-03
   8.6776816e-03
   7.7867570e-03
   6.9444862e-03
   6.2891706e-03
   5.7695735e-03
   5.1628348e-03
   4.4221469e-03
   3.7211228e-03
   3.0493218e-03
   2.2036550e-03
   1.1105098e-03
  -2.0494948e-04
  -1.8012141e-03
  -3.6367287e-03
  -5.5667814e-03
  -7.3760623e-03
  -8.8946731e-03
  -9.8769157e-03
  -1.0036055e-02
  -9.3393936e-03
  -8.0397855e-03
  -6.5104263e-03
  -4.8572948e-03
  -3.0847763e-03
  -1.2325126e-03
   3.7569400e-04
   1.2916072e-03
   1.6036753e-03
   1.4598129e-03
   9.6754534e-04
   2.8628942e-04
  -2.8500246e-04
  -4.2629311e-04
  -1.1028276e-04
   6.4339122e-04
   1.7123689e-03
   2.9123723e-03
   4.0633372e-03
   5.2069277e-03
   6.2916104e-03
   6.9673020e-03
   7.0722259e-03
   6.7919635e-03
   6.2619477e-03
   5.4973230e-03
   4.6765272e-03
   4.0497533e-03
   3.8080337e-03
   4.1815813e-03
   5.3314362e-03
   6.8715659e-03
   8.2799994e-03
   9.2721332e-03
   9.7565834e-03
   9.7416367e-03
   9.2532300e-03
   8.3476224e-03
   7.4708313e-03
   7.2164949e-03
   7.6702274e-03
   8.4050904e-03
   9.2693197e-03
   1.0308041e-02
   1.1353038e-02
   1.2113014e-02
   1.2432940e-02
   1.2327214e-02
   1.1892220e-02
   1.1171589e-02
   1.0197919e-02
   9.1807163e-03
   8.3129042e-03
   7.0773913e-03
   5.6895425e-03
   4.2378184e-03
   2.7522004e-03
   1.1373480e-03
  -3.7693260e-04
  -1.5237982e-03
  -2.1578916e-03
  -2.3314057e-03
  -2.2441211e-03
  -1.8625946e-03
  -1.0108370e-03
   2.3411101e-04
   1.5384262e-03
   2.6815441e-03
   3.6951638e-03
   4.5080137e-03
   4.8509095e-03
   4.7623501e-03
   4.6676911e-03
   4.6938698e-03
   4.7768682e-03
   4.9342596e-03
   5.1464923e-03
   5.3328320e-03
   5.2393049e-03
   4.7389518e-03
   3.8009120e-03
   2.5025788e-03
   9.3633193e-04
  -9.2725948e-04
  -2.9727857e-03
  -4.8192906e-03
  -6.4304832e-03
  -7.8647108e-03
  -8.8682855e-03
  -9.0961244e-03
  -8.6505137e-03
  -7.8937581e-03
  -7.0540920e-03
  -6.3971937e-03
  -6.0335593e-03
  -5.9667496e-03
  -6.3109422e-03
  -6.8553223e-03
  -7.2726551e-03
  -7.3555655e-03
  -6.9552786e-03
  -6.0604964e-03
  -4.7314895e-03
  -3.1821390e-03
  -1.3206434e-03
   7.9947365e-04
   2.5862146e-03
   3.6797225e-03
   4.0658540e-03
   3.7369158e-03
   2.7604980e-03
   1.4211602e-03
  -1.8015548e-04
  -2.0511873e-03
  -3.9540612e-03
  -5.6033790e-03
  -6.9859194e-03
  -8.3500622e-03
  -9.8822350e-03
  -1.1572513e-02
  -1.3299741e-02
  -1.4939157e-02
  -1.6405696e-02
  -1.7725185e-02
  -1.8827507e-02
  -1.9562535e-02
  -1.9839929e-02
  -1.9493077e-02
  -1.8310196e-02
  -1.6316235e-02
  -1.3838923e-02
  -1.1316990e-02
  -9.2209846e-03
  -7.8972969e-03
  -7.5499940e-03
  -8.1169261e-03
  -9.2979054e-03
  -1.0633397e-02
  -1.1723629e-02
  -1.2354580e-02
  -1.2216322e-02
  -1.0985667e-02
  -8.7712196e-03
  -6.1093041e-03
  -3.6140778e-03
  -1.5075106e-03
  -7.9441044e-05
   2.3030179e-04
  -4.2188492e-04
  -1.5821014e-03
  -2.7178998e-03
  -3.3546749e-03
  -3.4423331e-03
  -3.1227696e-03
  -2.5187785e-03
  -1.7803985e-03
  -1.2708026e-03
  -1.1712090e-03
  -1.3763200e-03
  -1.7722877e-03
  -2.1121502e-03
  -2.2805538e-03
  -2.0678925e-03
  -1.2201705e-03
   2.0429116e-04
   2.0010278e-03
   3.9697442e-03
   5.9326469e-03
   7.7976373e-03
   9.3661988e-03
   1.0378928e-02
   1.0774303e-02
   1.0808032e-02
   1.0654981e-02
   1.0455893e-02
   1.0239363e-02
   9.8515832e-03
   9.4082035e-03
   9.0329524e-03
   8.6366990e-03
   8.1734269e-03
   7.6796240e-03
   7.1416183e-03
   6.5220320e-03
   5.8382186e-03
   5.2540539e-03
   4.7907489e-03
   4.2140685e-03
   3.5205398e-03
   2.9229449e-03
   2.3975560e-03
   1.8171060e-03
   1.1653512e-03
   5.3955643e-04
  -1.6053568e-04
  -1.0644782e-03
  -2.0642657e-03
  -2.9496292e-03
  -3.6126161e-03
  -4.0214314e-03
  -4.1819660e-03
  -4.1201128e-03
  -3.9419829e-03
  -3.8133860e-03
  -3.8902957e-03
  -4.3380825e-03
  -5.0306111e-03
  -5.7135342e-03
  -6.2549249e-03
  -6.6280769e-03
  -6.8488271e-03
  -6.9914256e-03
  -7.2376511e-03
  -7.3993397e-03
  -7.2164839e-03
  -6.9577624e-03
  -6.8962390e-03
  -7.0166702e-03
  -7.2033396e-03
  -7.4203311e-03
  -7.5634351e-03
  -7.3951744e-03
  -6.6992827e-03
  -5.4193472e-03
  -3.7665565e-03
  -1.9461864e-03
  -1.4930365e-04
   1.4376346e-03
   2.7611464e-03
   3.8118143e-03
   4.5513922e-03
   4.9318417e-03
   4.9895185e-03
   4.8652958e-03
   4.7434688e-03
   4.7001563e-03
   4.7114432e-03
   4.6965295e-03
   4.6225101e-03
   4.4995183e-03
   4.2358731e-03
   3.6032634e-03
   2.5634758e-03
   1.4702647e-03
   5.1869364e-04
  -3.3109337e-04
  -1.0925473e-03
  -1.6947075e-03
  -2.0036984e-03
  -1.9515387e-03
  -1.6780134e-03
  -1.3452725e-03
  -9.8212061e-04
  -5.9692114e-04
  -2.2373182e-04
   6.8136802e-05
   2.4260317e-04
   3.2199784e-04
   2.9076245e-04
   2.1356144e-04
   2.2442750e-04
   4.0640845e-04
   7.0955692e-04
   1.0315152e-03
   1.4262267e-03
   1.8482413e-03
   2.0994125e-03
   2.0993905e-03
   1.8966424e-03
   1.7153582e-03
   1.6140281e-03
   1.5145664e-03
   1.5165556e-03
   1.6545602e-03
   1.8161168e-03
   1.9682768e-03
   2.1902030e-03
   2.4589475e-03
   2.7382867e-03
   3.0728849e-03
   3.3856894e-03
   3.5948668e-03
   3.7124075e-03
   3.7848553e-03
   3.8215297e-03
   3.7084730e-03
   3.3660608e-03
   2.8815776e-03
   2.3841479e-03
   1.9443511e-03
   1.7128744e-03
   1.6620665e-03
   1.6415917e-03
   1.6001145e-03
   1.5317331e-03
   1.4682315e-03
   1.4229296e-03
   1.3854969e-03
   1.3674069e-03
   1.4389424e-03
   1.6172043e-03
   1.7868718e-03
   1.9139081e-03
   2.0469451e-03
   2.1704205e-03
   2.2104800e-03
   2.1258331e-03
   1.9618256e-03
   1.7904986e-03
   1.6448338e-03
   1.5234245e-03
   1.4493832e-03
   1.4636375e-03
   1.5796506e-03
   1.7226118e-03
   1.8032143e-03
   1.7885863e-03
   1.6690673e-03
   1.4388325e-03
   1.1527893e-03
   8.5869571e-04
   6.4510130e-04
   5.6955212e-04
   5.7780250e-04
   5.6262057e-04
   4.5975952e-04
   2.5864894e-04
  -3.3647749e-05
  -3.6834812e-04
  -6.5718068e-04
  -8.3988370e-04
  -8.9709015e-04
  -8.6415676e-04
  -7.9544132e-04
  -7.0674451e-04
  -6.1830157e-04
  -6.0890381e-04
  -7.1765453e-04
  -8.8681316e-04
  -1.0422790e-03
  -1.1938379e-03
  -1.3747484e-03
  -1.5131156e-03
  -1.5684296e-03
  -1.6125444e-03
  -1.6791014e-03
  -1.7293928e-03
  -1.7494720e-03
  -1.7608029e-03
  -1.7767058e-03
  -1.7763431e-03
  -1.7373167e-03
  -1.6483067e-03
  -1.5138850e-03
  -1.3262045e-03
  -1.0939486e-03
  -8.6049591e-04
  -6.6098331e-04
  -5.0338532e-04
  -3.7417735e-04
  -2.5658607e-04
  -1.4919814e-04
  -4.9911561e-05
   5.4685176e-05
   1.6985321e-04
   2.8336052e-04
   3.7256728e-04
   4.3139589e-04
   4.6191911e-04
   4.6306979e-04
   4.4327635e-04
   4.2021770e-04
   4.1234429e-04
   4.3269384e-04
   4.7049040e-04
   5.0350951e-04
   5.1571199e-04
   4.9731321e-04
   4.5660752e-04
   4.0588752e-04
   3.5982738e-04
   3.3944706e-04
   3.5639073e-04
   3.9986046e-04
   4.5153552e-04
   4.9258300e-04
   5.0974428e-04
   4.9293909e-04
   4.3617115e-04
   3.5113189e-04
   2.6062609e-04
   1.8151387e-04
   1.1738027e-04
   6.9213188e-05
   3.8514892e-05
   1.9488900e-05
   6.3610578e-06
  -4.1727342e-06
  -1.3985753e-05
  -2.5353847e-05
  -3.9824490e-05
  -6.0545177e-05
  -8.7702525e-05
  -1.1385679e-04
  -1.3277980e-04
  -1.4331396e-04
  -1.4525704e-04
  -1.3888489e-04
  -1.2774187e-04
  -1.1546357e-04
  -1.0453233e-04
  -9.6221837e-05
  -9.0883213e-05
  -8.8491075e-05
  -8.8573172e-05
  -9.0354692e-05
  -9.3363053e-05
  -9.6518244e-05
  -9.9031604e-05
  -1.0068212e-04
  -1.0131692e-04
  -1.0116239e-04
  -1.0081027e-04
  -1.0088555e-04
  -1.0158574e-04
  -1.0322318e-04
  -1.0582314e-04
  -1.0877600e-04
  -1.1146971e-04
  -1.1347653e-04
  -1.1433157e-04
  -1.1385679e-04
  -1.1222804e-04
  -1.0966874e-04
  -1.0644266e-04
  -1.0273927e-04
  -9.8773553e-05
  -9.4724415e-05
  -9.0687806e-05
  -8.6709446e-05
  -8.2746691e-05
  -7.8795147e-05
  -7.4870199e-05
  -7.0971298e-05
  -6.7063275e-05
  -6.3102938e-05
  -5.9113697e-05
  -5.5142810e-05
  -5.1215444e-05
  -4.7337205e-05
  -4.3507652e-05
  -3.9720742e-05
  -3.5962296e-05
  -3.2215830e-05
  -2.8472660e-05
  -2.4733558e-05
  -2.1001598e-05
  -1.7278761e-05
  -1.3566365e-05
  -9.8643648e-06
  -6.1731245e-06
