  -6.1126342e-06
  -6.0682226e-06
  -5.9854550e-06
  -5.9003245e-06
  -5.8260524e-06
  -5.8455271e-06
  -5.8017310e-06
  -5.6303600e-06
  -5.6487797e-06
  -6.0211074e-06
  -6.4207239e-06
  -6.4876655e-06
  -5.9565397e-06
  -4.7439414e-06
  -3.7404986e-06
  -4.0589521e-06
  -4.7691750e-06
  -5.4629785e-06
  -7.2438496e-06
  -7.9634912e-06
  -6.4213613e-06
  -4.7211476e-06
  -6.1228881e-06
  -8.2805049e-06
  -8.8599659e-06
  -9.0360846e-06
  -7.7350808e-06
  -5.9381200e-06
  -4.5686030e-06
  -3.6847231e-06
  -6.9792374e-06
  -8.0383678e-06
  -4.1842409e-06
  -5.7507692e-06
  -7.3190559e-06
  -6.2001056e-06
  -7.3959437e-06
  -9.2697483e-06
  -8.0048585e-06
  -4.9212581e-06
  -4.3557768e-06
  -6.4772027e-06
  -5.7999396e-06
  -1.5662535e-05
  -2.3023365e-05
  -1.4519879e-05
   2.2654202e-06
   8.8284019e-06
   5.2915636e-08
  -3.5717873e-06
  -8.0652499e-06
  -1.3748473e-05
  -7.5861410e-07
   1.4385028e-05
   1.5736719e-05
   8.4896604e-06
   3.3417284e-07
  -1.7385147e-05
  -4.1141451e-05
  -4.8239175e-05
  -1.5091482e-05
   2.5680917e-05
   1.3589994e-05
  -1.9449885e-05
  -1.7915207e-05
   1.5893770e-05
   2.8234062e-05
   2.3898738e-05
   2.6051948e-05
   2.8936449e-05
   2.3438137e-05
  -9.8095235e-06
  -3.3637858e-05
  -2.2225802e-05
  -7.8394223e-06
  -3.2188024e-05
  -7.4465428e-05
  -6.9807980e-05
  -3.6090552e-05
  -1.7188201e-05
  -2.5332856e-05
  -1.8810362e-05
   2.7129872e-05
   7.0920303e-05
   5.6228097e-05
  -1.4886843e-05
  -4.3294441e-05
  -3.1111749e-05
  -1.9257336e-05
   1.0888612e-05
   6.2615631e-05
   9.3169185e-05
   4.0333009e-05
  -2.1848837e-05
  -3.7008678e-05
   6.6800388e-06
   4.0206401e-05
  -1.2997949e-05
  -8.0703824e-05
  -6.7577289e-05
   2.4322522e-06
   1.1562732e-05
  -5.4937292e-05
  -6.0088203e-05
  -2.3055127e-05
  -2.9174498e-05
  -1.5450313e-05
   2.5369344e-06
   1.0749014e-05
   1.4158519e-05
   3.1654008e-06
   2.7649051e-05
   7.7780197e-05
   5.3543948e-05
  -8.9713081e-05
  -1.3758914e-04
  -1.2688354e-05
   6.5791593e-05
   2.1500885e-05
  -9.5694195e-07
   2.6554532e-05
   4.2103977e-05
   1.6044556e-05
  -4.6338191e-05
  -7.5060110e-05
  -5.6556376e-05
  -6.0683984e-06
   1.3195773e-05
  -5.2696490e-05
  -8.7918263e-05
  -3.6671717e-05
  -4.7322038e-05
  -4.9876832e-05
   2.1787291e-05
   2.1024128e-05
  -7.8344327e-05
  -1.3301170e-04
  -7.4255844e-05
  -1.1898484e-05
  -2.9085807e-06
   1.7621877e-05
   3.8915156e-05
   4.7180484e-05
   1.5890033e-05
  -7.2643464e-05
  -1.4448662e-04
  -6.1928520e-05
   1.5519112e-04
   2.8605093e-04
   2.7686198e-04
   1.9015331e-04
   5.7034232e-05
  -1.7429657e-05
   3.3243858e-05
   8.6711534e-05
   5.3218967e-05
   2.3115683e-05
   4.1422692e-05
   7.0753801e-05
   1.1001240e-04
   9.6759919e-05
  -1.9913783e-05
  -8.1178053e-05
  -1.0628517e-05
   1.4062245e-05
  -4.7663505e-05
  -1.4362608e-04
  -2.3726411e-04
  -2.0781244e-04
  -3.4195943e-05
   8.7409744e-05
   7.7264315e-05
   3.6176606e-05
   3.5222542e-05
   3.9759098e-05
  -4.1641618e-06
  -4.6131464e-05
  -5.7087205e-05
  -5.3783976e-05
  -8.0276193e-05
  -1.0278379e-04
  -5.8168865e-05
   1.5449544e-05
  -1.4334363e-05
  -8.1347632e-05
   3.2700060e-06
   4.9865292e-05
   9.5663642e-06
   3.0639828e-06
  -4.9283798e-05
  -1.0975908e-04
  -8.9734072e-05
  -2.1961707e-04
  -3.2220885e-04
  -1.8952356e-04
   5.0834522e-05
   1.1270831e-04
   3.6255516e-05
  -1.9133366e-05
  -2.3444841e-05
  -2.5592995e-05
  -8.8019264e-05
  -1.5570327e-04
  -7.4141655e-05
   4.9704724e-05
  -9.5322065e-05
  -2.5761915e-04
  -1.6840690e-04
  -4.8830670e-05
  -5.3872777e-05
  -2.9056133e-05
   2.9173069e-05
   1.8574182e-05
  -9.0191267e-06
  -5.1810456e-05
  -1.6090495e-04
  -1.8225132e-04
   3.2495751e-05
   1.8754862e-04
   1.6728150e-04
   1.3955639e-04
   8.1004627e-05
   2.0560230e-05
   7.1279464e-05
   1.9892352e-04
   2.2563093e-04
   1.4979601e-04
   7.4577968e-05
   5.6363497e-06
  -3.0795230e-06
   9.9531111e-05
   1.4415691e-04
   2.7137895e-05
   9.9999076e-06
   1.0606811e-04
   1.4767599e-04
   3.4683141e-05
  -1.0021130e-04
  -9.8045229e-05
   2.0976321e-05
   1.0567059e-04
   7.2966688e-05
   2.6799395e-05
   2.5105138e-06
   1.0194006e-05
  -1.9149302e-05
  -2.4725425e-05
  -2.7430015e-06
  -2.9896777e-05
  -7.4530930e-05
  -1.5136981e-05
   1.2935304e-04
   1.0470774e-04
  -8.2571177e-05
  -2.5140417e-04
  -2.0659582e-04
   8.9260173e-05
   2.3805431e-04
   1.0341858e-04
  -9.9217449e-06
   1.2897828e-04
   2.5365497e-04
   1.9653974e-04
   8.5460843e-06
  -1.1657908e-04
  -1.0572928e-05
   1.5250840e-04
   1.2205662e-04
   9.9295810e-06
   5.6130943e-05
   1.2232368e-04
   1.3154450e-04
   1.3142251e-04
   1.7950046e-04
   2.4865441e-04
   1.4187643e-04
  -1.3510314e-04
  -2.3079745e-04
  -6.4532660e-05
   9.9746410e-05
   8.3021008e-05
   3.3284192e-06
   9.0888928e-05
   2.3048752e-04
   1.7067089e-04
   2.4729381e-05
  -5.9967750e-05
  -9.5796514e-06
   1.0837068e-04
   1.3252373e-04
   9.2602418e-06
  -1.2503168e-04
  -7.9988798e-05
   9.3652316e-05
   1.1891450e-04
   3.4701165e-05
  -1.0224669e-05
  -2.1691786e-05
  -3.6880971e-05
  -1.2969924e-05
   1.5649127e-05
   6.7822591e-06
   1.4210943e-06
  -3.6712161e-05
  -7.5284202e-05
  -2.9508052e-05
   2.0069955e-05
  -1.0790777e-05
  -4.9271489e-05
  -3.2947231e-05
  -2.6476721e-06
  -2.1569575e-05
  -2.1806085e-07
   1.1125980e-04
  -1.5080711e-05
  -4.3813291e-04
  -4.6990572e-04
  -7.7901969e-05
   1.2896509e-04
   3.1955031e-05
  -7.1356176e-05
  -4.4707458e-05
   9.2566370e-05
   1.8860258e-04
   9.4319644e-05
  -3.1080977e-05
   3.0010196e-05
   7.9034295e-05
   5.8171173e-05
   8.0735585e-06
  -7.7817344e-05
  -7.9074519e-05
   1.1839686e-05
   9.7254261e-05
   1.2425796e-04
  -2.9574213e-05
  -1.4776721e-04
  -1.1326112e-04
  -1.0996075e-04
  -1.5663524e-04
  -9.3756064e-05
   5.1843317e-05
   1.2844525e-04
   1.6779364e-04
   1.5057522e-04
   7.6132429e-05
  -1.8910703e-05
   3.3392995e-05
   1.2285561e-04
   1.5494164e-04
   9.4910370e-05
  -8.7261266e-05
  -1.1446785e-04
  -9.2861018e-05
  -2.1686401e-04
  -2.8541350e-04
  -1.2591310e-04
   8.6826272e-05
   1.4279742e-04
   4.3205750e-05
  -5.3743092e-05
  -2.6663336e-05
   3.5595661e-05
   4.1023746e-05
  -1.2997619e-05
  -9.3884540e-05
  -1.6005870e-04
  -9.4919932e-05
   4.5813077e-05
   2.0046656e-04
   2.2398679e-04
   5.6769477e-05
  -6.5040190e-05
  -5.6887842e-05
  -3.3913823e-05
  -1.7017853e-05
  -1.6809477e-05
   3.1021299e-05
   8.9069822e-05
   1.0167509e-04
   7.7773713e-05
   8.5910345e-05
   7.2605658e-05
  -1.8296788e-05
  -9.9205140e-05
  -1.1291273e-04
  -3.4754358e-05
   6.9316716e-05
   1.5274689e-05
  -1.3233030e-04
  -1.8121603e-04
  -4.7673726e-06
   2.7557283e-04
   3.3200776e-04
   1.4859807e-04
  -1.7576047e-05
   1.6273593e-05
   1.0308668e-04
   2.7435511e-05
  -1.1822432e-04
  -1.2517675e-04
  -5.8576494e-05
  -3.9807785e-05
  -9.0945967e-05
  -9.5938069e-05
  -5.4597364e-05
  -2.4948197e-05
   5.3367555e-05
   8.5072118e-05
   7.0099221e-05
   8.2301476e-05
   9.2538345e-05
  -2.7112507e-05
  -1.8365477e-04
  -1.1118836e-04
   1.3059274e-04
   2.1942364e-04
   3.5782715e-05
  -1.3870685e-04
  -8.3299281e-05
   8.5782528e-05
   6.2569252e-05
  -2.5385719e-05
  -3.7450376e-06
  -3.3616757e-06
   2.1212501e-05
   5.1203135e-05
   7.5025601e-05
   5.7130397e-05
   1.7580224e-05
   4.9868809e-05
  -8.4719331e-05
  -4.7224115e-04
  -5.2397885e-04
  -1.7107753e-04
   1.2521522e-04
   9.1792546e-05
  -1.0242385e-04
  -2.0845207e-04
  -1.6247436e-04
  -8.2441272e-05
  -4.3019685e-05
  -2.1622108e-05
  -3.9154304e-05
   5.8399001e-06
   8.4130693e-05
   1.3265561e-04
   1.4296337e-04
   6.1255147e-05
  -6.5429135e-05
  -1.5441631e-04
  -1.5976966e-04
  -4.0956266e-05
   1.1378316e-04
   1.6618687e-04
   1.2628457e-04
   9.9582435e-05
   5.4979605e-05
  -1.0568972e-04
  -2.4098321e-04
  -1.6206333e-04
   4.6919136e-05
   8.9960252e-05
  -7.9901975e-05
  -1.6886080e-04
  -1.0352068e-04
  -1.1353038e-04
  -1.9017309e-04
  -9.1565048e-05
   1.6055656e-04
   2.2650246e-04
   6.3834669e-05
  -2.9110644e-05
   2.3219870e-05
   4.5278511e-05
  -1.4710230e-04
  -2.4917644e-04
  -9.4392290e-05
   1.5352060e-04
   1.9291735e-04
   4.0163209e-05
   6.3667068e-05
   1.2817379e-04
  -3.1492342e-05
  -3.2315951e-04
  -2.7409354e-04
  -7.2332880e-05
  -6.0327021e-05
  -1.6707268e-04
  -2.6877316e-04
  -1.9479559e-04
  -2.8473320e-05
   5.3754412e-05
   9.9347684e-06
   5.4064337e-05
   1.2214014e-04
   1.3210610e-04
   8.6601082e-05
   1.1434916e-05
  -2.4463307e-05
  -3.0091304e-05
  -6.2838183e-05
  -1.3558671e-04
  -1.3042569e-04
  -3.0839081e-05
   5.9256461e-05
   8.4224440e-05
  -4.2870328e-06
  -9.2260951e-05
  -2.5502436e-05
   4.8407985e-05
   9.5042143e-06
  -6.2233390e-05
  -1.1015747e-04
  -1.6067636e-04
  -2.1088311e-04
  -2.0290639e-04
  -1.8149848e-04
  -1.5166875e-04
  -1.4252706e-04
  -2.0667495e-04
  -3.2414094e-04
  -4.3867143e-04
  -4.4269826e-04
  -2.8244283e-04
  -8.8399856e-05
   9.5098963e-07
  -2.5271091e-05
  -1.0386149e-04
  -2.3899508e-04
  -2.5771257e-04
  -1.0556157e-04
  -1.0737815e-05
  -2.5946661e-05
  -1.2005859e-05
   1.0153320e-04
   1.6173801e-04
   9.4438779e-05
   8.0785261e-05
   1.9144356e-04
   2.7459140e-04
   1.7956310e-04
   9.6423398e-05
   3.7597425e-05
  -1.4943663e-04
  -2.9939309e-04
  -2.7390231e-04
  -2.2981822e-04
  -3.1725335e-04
  -6.3665749e-04
  -6.9928982e-04
  -3.0004042e-04
   9.4958398e-05
   1.7115446e-04
  -5.5963892e-05
  -3.7588304e-04
  -6.1855435e-04
  -5.9737394e-04
  -2.3354501e-04
   3.5028345e-04
   9.1573291e-04
   9.7833887e-04
   4.2932313e-04
  -2.9427274e-04
  -7.8340480e-04
  -9.2981471e-04
  -8.4642399e-04
  -7.7949997e-04
  -8.8315561e-04
  -1.0803350e-03
  -1.2382385e-03
  -1.3122249e-03
  -1.2663735e-03
  -1.0185225e-03
  -5.7471754e-04
  -3.0258576e-04
  -5.3774524e-04
  -1.2870572e-03
  -1.9778054e-03
  -2.0008849e-03
  -1.4902010e-03
  -1.0328131e-03
  -8.6566792e-04
  -7.8317401e-04
  -6.5187899e-04
  -4.6427981e-04
  -1.0581512e-04
   3.7438067e-04
   6.5590911e-04
   6.1870162e-04
   4.2373019e-04
   3.6878883e-04
   7.5435867e-04
   1.7826515e-03
   3.0277919e-03
   3.6679520e-03
   3.4283865e-03
   2.5063815e-03
   1.0917011e-03
  -3.5088241e-04
  -1.2948932e-03
  -1.6916083e-03
  -1.8773655e-03
  -2.1002478e-03
  -2.1773224e-03
  -1.9277558e-03
  -1.5482295e-03
  -1.1037178e-03
  -6.1125353e-04
  -5.9010938e-04
  -1.5298318e-03
  -3.0555093e-03
  -4.1885601e-03
  -4.1696459e-03
  -2.9877105e-03
  -1.2352711e-03
   5.4041257e-04
   1.6985321e-03
   1.8478567e-03
   1.1861997e-03
   2.7102066e-04
  -1.5346455e-04
   1.9624190e-04
   1.0144528e-03
   1.9510661e-03
   3.0053498e-03
   4.1248606e-03
   4.6788242e-03
   4.4099038e-03
   3.6232876e-03
   2.7074041e-03
   1.7482630e-03
   7.9142109e-04
   3.1808311e-04
   9.2880581e-04
   2.7108551e-03
   4.7928700e-03
   6.2067327e-03
   6.6577616e-03
   6.0205469e-03
   4.3676792e-03
   2.1740693e-03
   1.2107079e-04
  -1.5069611e-03
  -2.8127457e-03
  -3.8039014e-03
  -4.3239270e-03
  -4.2116177e-03
  -3.5259689e-03
  -2.5138988e-03
  -1.4520868e-03
  -4.7598333e-04
   4.6633939e-04
   1.2885409e-03
   1.9534290e-03
   2.6025462e-03
   3.2654341e-03
   3.6674025e-03
   3.7219361e-03
   3.3188137e-03
   2.5955014e-03
   2.1428570e-03
   2.1239537e-03
   2.2085567e-03
   2.2324275e-03
   2.3338126e-03
   2.3392857e-03
   2.0105014e-03
   1.1536575e-03
  -3.3493886e-04
  -2.1948628e-03
  -3.8962195e-03
  -5.0017067e-03
  -5.0618674e-03
  -3.8377184e-03
  -2.0472088e-03
  -8.2635140e-04
  -6.9605979e-04
  -1.4600108e-03
  -2.6526177e-03
  -3.5870527e-03
  -3.9808004e-03
  -3.9948240e-03
  -3.8404549e-03
  -3.6954056e-03
  -3.6369815e-03
  -3.9282451e-03
  -4.7016839e-03
  -5.8521982e-03
  -7.0965583e-03
  -7.6733925e-03
  -6.7166583e-03
  -3.8831631e-03
   4.3309498e-04
   5.2104336e-03
   9.0962782e-03
   1.0698909e-02
   9.3664186e-03
   5.5692103e-03
   7.9115293e-04
  -3.2423106e-03
  -5.4888276e-03
  -5.6218426e-03
  -3.9071767e-03
  -1.1505253e-03
   1.7053241e-03
   4.0741296e-03
   5.8331961e-03
   7.1035481e-03
   7.8546218e-03
   7.9207281e-03
   7.1958992e-03
   5.6963235e-03
   3.7112975e-03
   1.3274793e-03
  -1.1219177e-03
  -2.7587616e-03
  -3.1663789e-03
  -2.9084158e-03
  -2.6106899e-03
  -2.7810608e-03
  -3.8146279e-03
  -5.5952462e-03
  -7.6462796e-03
  -9.4831131e-03
  -1.0470499e-02
  -9.9999845e-03
  -8.1178163e-03
  -5.7535497e-03
  -3.9262998e-03
  -3.0776327e-03
  -3.2819524e-03
  -4.0555122e-03
  -4.0992753e-03
  -2.1526713e-03
   2.1411205e-03
   8.0111339e-03
   1.4046639e-02
   1.8796625e-02
   2.1324162e-02
   2.1398786e-02
   1.9385922e-02
   1.6389320e-02
   1.3440966e-02
   1.0864774e-02
   8.7193566e-03
   7.2022625e-03
   6.3253285e-03
   6.2265481e-03
   7.3127475e-03
   9.7727281e-03
   1.2589441e-02
   1.3858595e-02
   1.2264020e-02
   7.9015391e-03
   1.9357017e-03
  -4.0326195e-03
  -8.4577007e-03
  -1.0179697e-02
  -9.1005095e-03
  -6.1219869e-03
  -3.0813364e-03
  -1.5939599e-03
  -2.1626944e-03
  -4.4780543e-03
  -7.5124184e-03
  -1.0057134e-02
  -1.1152466e-02
  -1.0235517e-02
  -7.2676545e-03
  -3.0553115e-03
   1.0222317e-03
   4.1610295e-03
   5.8205353e-03
   5.6664740e-03
   4.2148598e-03
   2.4878409e-03
   1.0620857e-03
   8.3069145e-05
  -1.2956076e-04
   8.8251707e-04
   2.9770059e-03
   5.4194242e-03
   7.1191323e-03
   7.2867446e-03
   6.0549024e-03
   3.7494117e-03
   2.6240541e-04
  -4.4376981e-03
  -9.3915093e-03
  -1.2769571e-02
  -1.3222150e-02
  -1.0667818e-02
  -5.7328441e-03
   4.7570088e-04
   6.1800154e-03
   9.3563845e-03
   8.7076630e-03
   4.6223013e-03
  -1.2901784e-03
  -7.4930206e-03
  -1.2762867e-02
  -1.5773646e-02
  -1.5046971e-02
  -1.0295325e-02
  -2.9205600e-03
   4.7768242e-03
   1.0208008e-02
   1.1253247e-02
   7.1946463e-03
  -8.9419202e-04
  -1.0430484e-02
  -1.8048298e-02
  -2.1142493e-02
  -1.9174579e-02
  -1.3539329e-02
  -6.4891931e-03
  -3.0914694e-04
   2.9983490e-03
   2.3151621e-03
  -1.7377454e-03
  -7.1120216e-03
  -1.1454258e-02
  -1.2711763e-02
  -1.0445705e-02
  -6.0211513e-03
  -1.5309198e-03
   1.5612529e-03
   3.2906127e-03
   4.2580405e-03
   4.7492497e-03
   4.6551292e-03
   3.6694247e-03
   1.9478130e-03
  -1.0198128e-04
  -1.9333388e-03
  -2.7795991e-03
  -1.8814429e-03
   8.3541946e-04
   4.5467763e-03
   7.7955492e-03
   9.0495477e-03
   7.6359488e-03
   3.7038242e-03
  -1.6168636e-03
  -6.9163512e-03
  -1.1032892e-02
  -1.3567574e-02
  -1.4378434e-02
  -1.2965528e-02
  -9.1281060e-03
  -3.7044726e-03
   1.5912673e-03
   4.5451498e-03
   3.4816562e-03
  -1.4986745e-03
  -8.4513704e-03
  -1.4635276e-02
  -1.7548462e-02
  -1.5838049e-02
  -9.9425714e-03
  -1.8873666e-03
   5.8627818e-03
   1.1777262e-02
   1.5037629e-02
   1.5664733e-02
   1.4395909e-02
   1.2137632e-02
   9.5808493e-03
   6.9200329e-03
   3.9962088e-03
   6.4372862e-04
  -2.6921716e-03
  -5.1109498e-03
  -5.8527807e-03
  -4.2855601e-03
  -3.7079675e-04
   4.9037616e-03
   1.0297480e-02
   1.4915088e-02
   1.8066322e-02
   1.9023683e-02
   1.7105775e-02
   1.2457119e-02
   6.3258450e-03
   5.1125104e-04
  -3.5549722e-03
  -5.6247330e-03
  -6.0699700e-03
  -5.6212161e-03
  -5.2497457e-03
  -5.5248976e-03
  -6.3030732e-03
  -6.7332316e-03
  -5.8527697e-03
  -3.6461253e-03
  -9.7491540e-04
   1.0628385e-03
   1.5986747e-03
   3.3501249e-04
  -2.3562876e-03
  -5.7525936e-03
  -9.2031694e-03
  -1.2493496e-02
  -1.5479437e-02
  -1.7166111e-02
  -1.5751446e-02
  -1.0250441e-02
  -1.4868050e-03
   8.0899670e-03
   1.5111923e-02
   1.7133910e-02
   1.3863871e-02
   7.0557845e-03
  -4.8400292e-04
  -5.7329980e-03
  -7.3493890e-03
  -6.0354387e-03
  -3.0313967e-03
   1.1886615e-03
   6.3558044e-03
   1.1585042e-02
   1.5494714e-02
   1.6876188e-02
   1.5026090e-02
   1.0240748e-02
   3.9697333e-03
  -1.6229412e-03
  -4.3480726e-03
  -3.0649060e-03
   1.5778262e-03
   7.0119773e-03
   1.0089104e-02
   8.7565696e-03
   2.9261980e-03
  -5.5454274e-03
  -1.3795731e-02
  -1.9199637e-02
  -2.0025225e-02
  -1.5775954e-02
  -7.5827560e-03
   2.0695520e-03
   1.0208437e-02
   1.4405910e-02
   1.3307434e-02
   6.9472228e-03
  -2.9065584e-03
  -1.3649451e-02
  -2.1908404e-02
  -2.4726854e-02
  -2.1125019e-02
  -1.2127631e-02
   1.2375571e-05
   1.2836722e-02
   2.3821587e-02
   3.1027344e-02
   3.3554222e-02
   3.1440468e-02
   2.5942815e-02
   1.9003681e-02
   1.2262262e-02
   7.2463004e-03
   5.5197761e-03
   7.2669072e-03
   1.0672357e-02
   1.3089388e-02
   1.2336006e-02
   7.8755142e-03
   1.0210953e-03
  -6.0133153e-03
  -1.1414034e-02
  -1.4573951e-02
  -1.6029939e-02
  -1.6683309e-02
  -1.6699025e-02
  -1.5479657e-02
  -1.2780891e-02
  -8.9252590e-03
  -4.4840000e-03
  -2.4503642e-04
   2.9850178e-03
   4.5358410e-03
   3.8078908e-03
   9.8742341e-04
  -2.2211295e-03
  -3.6318490e-03
  -2.5126789e-03
   2.9023382e-04
   3.4751720e-03
   6.1153598e-03
   7.9709206e-03
   9.0589114e-03
   9.4504171e-03
   9.4264803e-03
   8.7606690e-03
   6.5171523e-03
   2.0916974e-03
  -3.8363776e-03
  -1.0084752e-02
  -1.5829037e-02
  -2.0663758e-02
  -2.4243283e-02
  -2.5962927e-02
  -2.4977541e-02
  -2.0238655e-02
  -1.1514155e-02
  -5.5976530e-04
   9.3781562e-03
   1.5052356e-02
   1.5239850e-02
   1.1352049e-02
   6.5800165e-03
   4.2970449e-03
   5.9523853e-03
   1.0406789e-02
   1.4859587e-02
   1.6463394e-02
   1.4162146e-02
   9.4528679e-03
   4.5399624e-03
   6.8349354e-04
  -2.0093364e-03
  -3.8950435e-03
  -4.9192689e-03
  -4.9533167e-03
  -4.3862747e-03
  -3.4378381e-03
  -1.7073903e-03
   7.0902719e-04
   2.6303735e-03
   2.8625095e-03
   1.0801262e-03
  -1.9698375e-03
  -4.9332485e-03
  -6.4880062e-03
  -5.8695518e-03
  -3.3792381e-03
  -2.7898750e-04
   2.3887418e-03
   4.2916706e-03
   6.0120954e-03
   8.2506884e-03
   1.0872226e-02
   1.2888706e-02
   1.3075870e-02
   1.0651487e-02
   5.9074682e-03
   4.0119578e-04
  -3.6889104e-03
  -4.3776803e-03
  -1.0488149e-03
   4.9589876e-03
   1.1013439e-02
   1.4365685e-02
   1.3262264e-02
   7.3804914e-03
  -2.7833687e-03
  -1.5997518e-02
  -2.9746980e-02
  -4.1008140e-02
  -4.7407982e-02
  -4.7822644e-02
  -4.2374777e-02
  -3.2350680e-02
  -1.9738819e-02
  -6.7640483e-03
   3.8998463e-03
   9.3478890e-03
   7.9869444e-03
   6.6200870e-04
  -9.4846077e-03
  -1.8070609e-02
  -2.1132272e-02
  -1.6769253e-02
  -5.9668595e-03
   7.5981423e-03
   1.9084899e-02
   2.5189433e-02
   2.5714767e-02
   2.2907747e-02
   1.9587153e-02
   1.7624844e-02
   1.7597698e-02
   1.9350203e-02
   2.2311087e-02
   2.5850057e-02
   2.9532890e-02
   3.3064497e-02
   3.6132755e-02
   3.7843387e-02
   3.7072531e-02
   3.2805237e-02
   2.4365384e-02
   1.2271713e-02
  -1.6358548e-03
  -1.3906403e-02
  -2.0204585e-02
  -1.8265356e-02
  -9.2047740e-03
   3.4280678e-03
   1.5303813e-02
   2.2932695e-02
   2.4774112e-02
   2.1817844e-02
   1.6740349e-02
   1.2035643e-02
   8.9970033e-03
   7.4700839e-03
   6.6081296e-03
   5.9067538e-03
   5.5119511e-03
   6.0076553e-03
   8.2081561e-03
   1.2511191e-02
   1.8533408e-02
   2.5209216e-02
   3.1182856e-02
   3.5073185e-02
   3.5665669e-02
   3.3037900e-02
   2.8843252e-02
   2.5263837e-02
   2.4302190e-02
   2.6357587e-02
   3.0430574e-02
   3.4979438e-02
   3.8224859e-02
   3.9065723e-02
   3.7146495e-02
   3.2538174e-02
   2.5086015e-02
   1.4346672e-02
  -6.5231750e-05
  -1.7609458e-02
  -3.6653473e-02
  -5.5293706e-02
  -7.1469596e-02
  -8.3440506e-02
  -9.0577904e-02
  -9.3478011e-02
  -9.3403607e-02
  -9.1944871e-02
  -9.0466023e-02
  -8.9736051e-02
  -9.0049493e-02
  -9.0904424e-02
  -9.0962782e-02
  -8.8455687e-02
  -8.1864834e-02
  -7.0649174e-02
  -5.5782662e-02
  -3.9469834e-02
  -2.4109202e-02
  -1.1502066e-02
  -2.3344720e-03
   3.9885705e-03
   9.0474925e-03
   1.4454157e-02
   2.1238768e-02
   2.9787094e-02
   4.0081991e-02
   5.1805511e-02
   6.4359234e-02
   7.6765138e-02
   8.7249397e-02
   9.3862560e-02
   9.5286786e-02
   9.1153024e-02
   8.2414236e-02
   7.1194730e-02
   6.0091390e-02
   5.1301828e-02
   4.6230267e-02
   4.4870443e-02
   4.6203231e-02
   4.8751100e-02
   5.0383043e-02
   4.9533936e-02
   4.5715923e-02
   3.9585012e-02
   3.2670167e-02
   2.6400339e-02
   2.1803667e-02
   1.9558908e-02
   1.9535169e-02
   2.0740360e-02
   2.1847188e-02
   2.1791028e-02
   1.9527037e-02
   1.3991797e-02
   4.6954854e-03
  -7.9427416e-03
  -2.2240969e-02
  -3.5949218e-02
  -4.6868471e-02
  -5.3441519e-02
  -5.5676387e-02
  -5.5067637e-02
  -5.3906077e-02
  -5.4580549e-02
  -5.8809267e-02
  -6.7096795e-02
  -7.8865155e-02
  -9.2703198e-02
  -1.0690249e-01
  -1.1982120e-01
  -1.2991135e-01
  -1.3549989e-01
  -1.3570321e-01
  -1.3113237e-01
  -1.2396233e-01
  -1.1756270e-01
  -1.1522398e-01
  -1.1851446e-01
  -1.2678572e-01
  -1.3744077e-01
  -1.4636815e-01
  -1.4877831e-01
  -1.4133352e-01
  -1.2377989e-01
  -9.9024241e-02
  -7.2767215e-02
  -5.1940471e-02
  -4.2109802e-02
  -4.5909461e-02
  -6.2074800e-02
  -8.5718125e-02
  -1.0963643e-01
  -1.2695497e-01
  -1.3393378e-01
  -1.3079826e-01
  -1.2037511e-01
  -1.0606350e-01
  -9.0914645e-02
  -7.6470269e-02
  -6.2023146e-02
  -4.6073106e-02
  -2.8130314e-02
  -9.0179617e-03
   9.3421851e-03
   2.4657725e-02
   3.5424433e-02
   4.1998361e-02
   4.6616134e-02
   5.2394808e-02
   6.2380329e-02
   7.8357845e-02
   9.9719923e-02
   1.2406783e-01
   1.4785073e-01
   1.6710016e-01
   1.7874762e-01
   1.8206888e-01
   1.7879818e-01
   1.7213259e-01
   1.6563955e-01
   1.6233039e-01
   1.6361405e-01
   1.6959824e-01
   1.7912239e-01
   1.8918616e-01
   1.9555282e-01
   1.9454061e-01
   1.8486809e-01
   1.6741118e-01
   1.4384809e-01
   1.1544708e-01
   8.3311920e-02
   4.9312153e-02
   1.6434710e-02
  -1.1530750e-02
  -3.0569161e-02
  -3.7217273e-02
  -3.0575535e-02
  -1.3690664e-02
   6.8425406e-03
   2.2750807e-02
   2.6342201e-02
   1.3214567e-02
  -1.6263372e-02
  -5.7421528e-02
  -1.0296897e-01
  -1.4526143e-01
  -1.7802007e-01
  -1.9732444e-01
  -2.0215576e-01
  -1.9428564e-01
  -1.7700677e-01
  -1.5356896e-01
  -1.2731655e-01
  -1.0161750e-01
  -7.8658098e-02
  -5.9207224e-02
  -4.3252349e-02
  -3.0943269e-02
  -2.2347904e-02
  -1.7166880e-02
  -1.4287875e-02
  -1.1602187e-02
  -6.0360541e-03
   5.4885528e-03
   2.4948087e-02
   5.2288862e-02
   8.4805385e-02
   1.1761436e-01
   1.4527902e-01
   1.6361515e-01
   1.7109401e-01
   1.6902895e-01
   1.6045765e-01
   1.4924210e-01
   1.3892445e-01
   1.3120051e-01
   1.2595486e-01
   1.2203903e-01
   1.1768030e-01
   1.1118946e-01
   1.0226109e-01
   9.2238531e-02
   8.3109370e-02
   7.7525553e-02
   7.7521377e-02
   8.3260705e-02
   9.3172152e-02
   1.0458970e-01
   1.1467117e-01
   1.2135434e-01
   1.2310069e-01
   1.1804408e-01
   1.0346144e-01
   7.7000549e-02
   3.8720519e-02
  -8.1066502e-03
  -5.8481978e-02
  -1.0726275e-01
  -1.4978392e-01
  -1.8218867e-01
  -2.0193925e-01
  -2.0822677e-01
  -2.0167109e-01
  -1.8362949e-01
  -1.5631213e-01
  -1.2300837e-01
  -8.7308524e-02
  -5.2887940e-02
  -2.4201520e-02
  -5.5057306e-03
   1.2018168e-03
  -2.8257142e-03
  -1.2839799e-02
  -2.2268445e-02
  -2.5245813e-02
  -1.8723539e-02
  -3.1286164e-03
   1.7982247e-02
   3.9182219e-02
   5.4951690e-02
   6.1775756e-02
   5.9137326e-02
   4.9161586e-02
   3.5279252e-02
   2.0805972e-02
   8.5238621e-03
  -1.3951133e-04
  -5.4918389e-03
  -8.8143563e-03
  -1.1019594e-02
  -1.2045754e-02
  -1.1252587e-02
  -8.1246522e-03
  -2.3103704e-03
   6.5813354e-03
   1.8567258e-02
   3.2825239e-02
   4.7527886e-02
   5.9651450e-02
   6.5711804e-02
   6.3450120e-02
   5.3403383e-02
   3.8853501e-02
   2.4030511e-02
   1.2384913e-02
   6.4419240e-03
   7.7137927e-03
   1.6057195e-02
   3.0444751e-02
   4.9111800e-02
   6.9484317e-02
   8.9058502e-02
   1.0598623e-01
   1.1879251e-01
   1.2635600e-01
   1.2740777e-01
   1.1996627e-01
   1.0226087e-01
   7.4481694e-02
   3.9715796e-02
   3.5948998e-03
  -2.6880723e-02
  -4.5283457e-02
  -4.7741866e-02
  -3.4359038e-02
  -9.6066215e-03
   1.8770028e-02
   4.2011769e-02
   5.3054333e-02
   4.8319513e-02
   2.7860943e-02
  -4.6957821e-03
  -4.3040457e-02
  -8.0652169e-02
  -1.1236212e-01
  -1.3439867e-01
  -1.4359641e-01
  -1.3718799e-01
  -1.1388317e-01
  -7.5605007e-02
  -2.7857976e-02
   2.1797073e-02
   6.5059972e-02
   9.4396796e-02
   1.0470400e-01
   9.4933010e-02
   6.8988657e-02
   3.4722816e-02
   2.1832681e-03
  -1.9751897e-02
  -2.6056564e-02
  -1.6225785e-02
   5.9649362e-03
   3.3546639e-02
   5.8589572e-02
   7.4755131e-02
   7.8686343e-02
   7.0143732e-02
   5.1436568e-02
   2.6453202e-02
  -7.0440359e-04
  -2.6800714e-02
  -4.9616363e-02
  -6.7550802e-02
  -7.9496215e-02
  -8.4714166e-02
  -8.2809116e-02
  -7.3899100e-02
  -5.8921698e-02
  -3.9758328e-02
  -1.9440873e-02
  -1.4001688e-03
   1.1671645e-02
   1.8032363e-02
   1.6987739e-02
   9.3347557e-03
  -2.7329894e-03
  -1.6226225e-02
  -2.8248130e-02
  -3.6478288e-02
  -3.9530830e-02
  -3.7302227e-02
  -3.1069217e-02
  -2.3445171e-02
  -1.7325799e-02
  -1.5561095e-02
  -2.0688266e-02
  -3.3670939e-02
  -5.3316121e-02
  -7.7366964e-02
  -1.0329494e-01
  -1.2816830e-01
  -1.4954543e-01
  -1.6618137e-01
  -1.7792336e-01
  -1.8572423e-01
  -1.9139960e-01
  -1.9680131e-01
  -2.0300201e-01
  -2.1008742e-01
  -2.1753881e-01
  -2.2456268e-01
  -2.2986767e-01
  -2.3187339e-01
  -2.2903131e-01
  -2.2005668e-01
  -2.0458570e-01
  -1.8357564e-01
  -1.5963008e-01
  -1.3650660e-01
  -1.1784296e-01
  -1.0645420e-01
  -1.0384401e-01
  -1.0948179e-01
  -1.2061250e-01
  -1.3328206e-01
  -1.4351618e-01
  -1.4745948e-01
  -1.4186215e-01
  -1.2524819e-01
  -9.8097872e-02
  -6.2616510e-02
  -2.2550454e-02
   1.7847726e-02
   5.5123687e-02
   8.7189390e-02
   1.1312814e-01
   1.3314578e-01
   1.4851125e-01
   1.6088297e-01
   1.7184575e-01
   1.8294370e-01
   1.9508133e-01
   2.0822897e-01
   2.2193271e-01
   2.3545402e-01
   2.4781695e-01
   2.5803239e-01
   2.6491118e-01
   2.6731915e-01
   2.6510351e-01
   2.5893469e-01
   2.5006226e-01
   2.4038754e-01
   2.3192725e-01
   2.2499130e-01
   2.1723328e-01
   2.0502092e-01
   1.8529891e-01
   1.5719684e-01
   1.2319741e-01
   8.8290613e-02
   5.7727607e-02
   3.4868986e-02
   2.0276901e-02
   1.2043665e-02
   6.6458811e-03
   3.3534330e-04
  -9.5171169e-03
  -2.3803233e-02
  -4.1615131e-02
  -6.0763004e-02
  -7.8553032e-02
  -9.2413605e-02
  -1.0065816e-01
  -1.0282764e-01
  -9.9770149e-02
  -9.3317114e-02
  -8.5875286e-02
  -7.9339934e-02
  -7.4350470e-02
  -7.0848757e-02
  -6.8577072e-02
  -6.6974254e-02
  -6.5608276e-02
  -6.4699931e-02
  -6.4293732e-02
  -6.4408360e-02
  -6.5151301e-02
  -6.6452437e-02
  -6.7813030e-02
  -6.8668291e-02
  -6.8211097e-02
  -6.5079645e-02
  -5.8232279e-02
  -4.8047615e-02
  -3.6234085e-02
  -2.4986553e-02
  -1.6329973e-02
  -1.1977504e-02
  -1.2540645e-02
  -1.7066210e-02
  -2.3697946e-02
  -3.0291107e-02
  -3.4796670e-02
  -3.5330796e-02
  -3.0558610e-02
  -2.0403179e-02
  -6.2521664e-03
   9.8932032e-03
   2.6220319e-02
   4.1316196e-02
   5.4731665e-02
   6.6675539e-02
   7.7723378e-02
   8.8786383e-02
   1.0020778e-01
   1.1127408e-01
   1.2029048e-01
   1.2513938e-01
   1.2390078e-01
   1.1538883e-01
   9.9961159e-02
   7.9849112e-02
   5.8251732e-02
   3.7891854e-02
   2.0745965e-02
   7.9651727e-03
  -5.1428106e-04
  -6.1556720e-03
  -1.0965203e-02
  -1.6815082e-02
  -2.4629920e-02
  -3.3970093e-02
  -4.3233226e-02
  -5.0301935e-02
  -5.3396459e-02
  -5.1657802e-02
  -4.5833189e-02
  -3.8154961e-02
  -3.1467284e-02
  -2.8062065e-02
  -2.9192852e-02
  -3.4697098e-02
  -4.3020564e-02
  -5.1172912e-02
  -5.5882234e-02
  -5.5119731e-02
  -4.8408095e-02
  -3.6183310e-02
  -1.9739368e-02
  -7.4331567e-04
   1.8696723e-02
   3.6506863e-02
   5.0888045e-02
   5.9908073e-02
   6.2513421e-02
   5.9009949e-02
   5.1027511e-02
   4.1432253e-02
   3.3089555e-02
   2.7340885e-02
   2.3499133e-02
   1.9818938e-02
   1.4620439e-02
   6.7200213e-03
  -3.7700074e-03
  -1.5266996e-02
  -2.5684984e-02
  -3.3261222e-02
  -3.6915261e-02
  -3.6883389e-02
  -3.4546752e-02
  -3.1136697e-02
  -2.6663995e-02
  -2.0507477e-02
  -1.1974537e-02
  -7.9594688e-04
   1.2471736e-02
   2.6879074e-02
   4.1022207e-02
   5.3094887e-02
   6.1612990e-02
   6.6099650e-02
   6.7068990e-02
   6.5629047e-02
   6.3681465e-02
   6.3472211e-02
   6.6476945e-02
   7.3156929e-02
   8.2917260e-02
   9.4381959e-02
   1.0592535e-01
   1.1578888e-01
   1.2276329e-01
   1.2617247e-01
   1.2577792e-01
   1.2165108e-01
   1.1379195e-01
   1.0195182e-01
   8.6042997e-02
   6.6395287e-02
   4.4381597e-02
   2.2750587e-02
   4.9689118e-03
  -5.7945104e-03
  -8.2317082e-03
  -4.1981106e-03
   1.9448017e-03
   5.1678573e-03
   1.0790030e-03
  -1.2670879e-02
  -3.5462130e-02
  -6.4086346e-02
  -9.3663197e-02
  -1.1895407e-01
  -1.3573398e-01
  -1.4201161e-01
  -1.3875191e-01
  -1.2934535e-01
  -1.1808254e-01
  -1.0885480e-01
  -1.0396524e-01
  -1.0368784e-01
  -1.0668027e-01
  -1.1038497e-01
  -1.1183129e-01
  -1.0895338e-01
  -1.0104952e-01
  -8.9056194e-02
  -7.5292554e-02
  -6.2404288e-02
  -5.3034001e-02
  -4.9131913e-02
  -5.0691319e-02
  -5.6222602e-02
  -6.3472321e-02
  -6.9864250e-02
  -7.2813154e-02
  -7.0613016e-02
  -6.2903245e-02
  -5.0657140e-02
  -3.5469823e-02
  -1.9411529e-02
  -4.8709997e-03
   6.3816865e-03
   1.3571970e-02
   1.6649130e-02
   1.6015542e-02
   1.2285781e-02
   6.3450340e-03
  -9.0150163e-04
  -8.7514701e-03
  -1.6420642e-02
  -2.3015342e-02
  -2.7718729e-02
  -2.9902272e-02
  -2.9206260e-02
  -2.6139320e-02
  -2.1829384e-02
  -1.7544505e-02
  -1.4358981e-02
  -1.2956516e-02
  -1.3392609e-02
  -1.4534496e-02
  -1.5201824e-02
  -1.4945201e-02
  -1.3335240e-02
  -1.0075103e-02
  -5.7005987e-03
  -1.7384707e-03
   6.2109749e-05
  -1.0417691e-03
  -4.5411823e-03
  -8.7913208e-03
  -1.1296768e-02
  -9.6442631e-03
  -2.5507711e-03
   9.8145900e-03
   2.5904019e-02
   4.3205200e-02
   5.8534951e-02
   6.9131750e-02
   7.3377393e-02
   7.0883706e-02
   6.2748613e-02
   5.1383815e-02
   3.9724808e-02
   3.0654665e-02
   2.6638278e-02
   2.9040527e-02
   3.7586325e-02
   5.0301825e-02
   6.4147671e-02
   7.5986149e-02
   8.3792304e-02
   8.6857704e-02
   8.5607014e-02
   8.1668548e-02
   7.7256072e-02
   7.3924818e-02
   7.2225505e-02
   7.2221768e-02
   7.3570052e-02
   7.5935044e-02
   7.9085509e-02
   8.2795378e-02
   8.6791103e-02
   9.0640219e-02
   9.3273922e-02
   9.3037632e-02
   8.7914527e-02
   7.6383446e-02
   5.8230850e-02
   3.4564116e-02
   8.0830541e-03
  -1.7744748e-02
  -3.9935162e-02
  -5.6591545e-02
  -6.6906993e-02
  -7.0908434e-02
  -6.9522453e-02
  -6.4508371e-02
  -5.8252062e-02
  -5.2870136e-02
  -4.9083885e-02
  -4.6251698e-02
  -4.3322357e-02
  -3.9431698e-02
  -3.3935694e-02
  -2.6783899e-02
  -1.8693976e-02
  -1.0961554e-02
  -4.6761975e-03
  -4.0094190e-04
   1.7163583e-03
   1.6478121e-03
  -5.3628024e-04
  -4.2354995e-03
  -8.2899236e-03
  -1.1447774e-02
  -1.2422170e-02
  -1.0157376e-02
  -4.2892418e-03
   4.3415224e-03
   1.3438988e-02
   1.9742226e-02
   1.9792561e-02
   1.1274348e-02
  -5.7272391e-03
  -2.8227908e-02
  -5.1278418e-02
  -6.9646093e-02
  -7.9342901e-02
  -7.8654472e-02
  -6.8655982e-02
  -5.2963224e-02
  -3.6369155e-02
  -2.3731247e-02
  -1.8448234e-02
  -2.1025118e-02
  -2.9549815e-02
  -4.0499950e-02
  -4.9510307e-02
  -5.2881126e-02
  -4.9268192e-02
  -3.9797234e-02
  -2.7298352e-02
  -1.5476690e-02
  -7.6864929e-03
  -5.7278875e-03
  -9.3847173e-03
  -1.6481419e-02
  -2.3684758e-02
  -2.7922269e-02
  -2.7459579e-02
  -2.2272291e-02
  -1.3940583e-02
  -5.1239513e-03
   1.6022466e-03
   4.6890231e-03
   4.2848677e-03
   1.8904439e-03
  -2.9125042e-04
  -5.7959501e-04
   1.7037415e-03
   5.8132378e-03
   9.6961591e-03
   1.1117847e-02
   8.6983762e-03
   2.8362428e-03
  -4.6706804e-03
  -1.1581525e-02
  -1.5737269e-02
  -1.5577470e-02
  -1.0432352e-02
  -7.2122197e-04
   1.2541524e-02
   2.8116906e-02
   4.4475014e-02
   5.9570782e-02
   7.0944591e-02
   7.6434221e-02
   7.4863934e-02
   6.6666966e-02
   5.4487571e-02
   4.2696682e-02
   3.5410146e-02
   3.4822827e-02
   4.1050122e-02
   5.2282597e-02
   6.5268127e-02
   7.5808546e-02
   8.0223879e-02
   7.6931640e-02
   6.6315388e-02
   5.0310837e-02
   3.2380024e-02
   1.6438007e-02
   5.1920469e-03
  -7.7106715e-05
   7.0824248e-04
   6.0711130e-03
   1.3349747e-02
   1.9943677e-02
   2.4298124e-02
   2.5624317e-02
   2.4068098e-02
   2.0589024e-02
   1.5944545e-02
   1.0469565e-02
   4.3429292e-03
  -2.2070840e-03
  -8.8346773e-03
  -1.5132146e-02
  -2.0769594e-02
  -2.5401325e-02
  -2.8865232e-02
  -3.1414750e-02
  -3.3035263e-02
  -3.3127581e-02
  -3.1416509e-02
  -2.8206477e-02
  -2.4061504e-02
  -1.9739258e-02
  -1.5748039e-02
  -1.2330621e-02
  -9.7891256e-03
  -8.0729431e-03
  -6.6860944e-03
  -5.5076429e-03
  -5.1606477e-03
  -6.4023811e-03
  -9.2808265e-03
  -1.2973880e-02
  -1.6297662e-02
  -1.7917405e-02
  -1.7019941e-02
  -1.3964322e-02
  -9.6383723e-03
  -5.1276440e-03
  -1.7967190e-03
  -6.6022278e-04
  -2.1483411e-03
  -6.3290542e-03
  -1.2307981e-02
  -1.8422626e-02
  -2.3492539e-02
  -2.6954577e-02
  -2.8347262e-02
  -2.7361107e-02
  -2.4374726e-02
  -2.0225357e-02
  -1.5718256e-02
  -1.1669447e-02
  -9.0154559e-03
  -8.5177075e-03
  -1.0391875e-02
  -1.3972564e-02
  -1.8292832e-02
  -2.2713000e-02
  -2.6677403e-02
  -2.9216810e-02
  -2.9313854e-02
  -2.6422100e-02
  -2.0852131e-02
  -1.3962123e-02
  -7.1678740e-03
  -1.2015201e-03
   3.4550598e-03
   6.7382542e-03
   8.9374362e-03
   1.0413075e-02
   1.1485800e-02
   1.2435468e-02
   1.3386124e-02
   1.4345134e-02
   1.5573294e-02
   1.7533295e-02
   2.0558032e-02
   2.4748724e-02
   2.9607294e-02
   3.3728418e-02
   3.5055930e-02
   3.1974704e-02
   2.3754656e-02
   1.0720593e-02
  -5.3069719e-03
  -2.1500446e-02
  -3.5168580e-02
  -4.4576454e-02
  -4.9480633e-02
  -5.0691209e-02
  -4.9578666e-02
  -4.7520302e-02
  -4.5639541e-02
  -4.4488422e-02
  -4.3603927e-02
  -4.2142773e-02
  -4.0015061e-02
  -3.7643804e-02
  -3.5291891e-02
  -3.3579170e-02
  -3.2775014e-02
  -3.2469704e-02
  -3.1625543e-02
  -2.9166915e-02
  -2.4476606e-02
  -1.7531317e-02
  -8.6055526e-03
   1.9843336e-03
   1.3891236e-02
   2.6362532e-02
   3.8061983e-02
   4.7559538e-02
   5.4045873e-02
   5.7336354e-02
   5.7577700e-02
   5.5461198e-02
   5.1936844e-02
   4.7864407e-02
   4.3799663e-02
   3.9985827e-02
   3.6697654e-02
   3.4020429e-02
   3.1374086e-02
   2.8051074e-02
   2.4141843e-02
   1.9758931e-02
   1.4701767e-02
   9.0037843e-03
   3.4746994e-03
  -5.9729151e-04
  -2.5989633e-03
  -2.8107454e-03
  -1.6170065e-03
   4.3774715e-04
   2.6939631e-03
   4.1876369e-03
   3.7948014e-03
   1.0194094e-03
  -3.9595892e-03
  -1.0404920e-02
  -1.6809917e-02
  -2.1194477e-02
  -2.1960058e-02
  -1.8870479e-02
  -1.3440526e-02
  -8.3163991e-03
  -6.1995780e-03
  -8.5144764e-03
  -1.5003120e-02
  -2.4004135e-02
  -3.2929097e-02
  -3.9386089e-02
  -4.2011110e-02
  -4.0733273e-02
  -3.6712161e-02
  -3.2035700e-02
  -2.9017227e-02
  -2.9301325e-02
  -3.3154947e-02
  -3.9593694e-02
  -4.6706914e-02
  -5.2199731e-02
  -5.3998395e-02
  -5.0777703e-02
  -4.2682614e-02
  -3.1811498e-02
  -2.1532537e-02
  -1.4706933e-02
  -1.3199950e-02
  -1.7937627e-02
  -2.7750821e-02
  -3.9811851e-02
  -5.0916509e-02
  -5.8229642e-02
  -5.9626392e-02
  -5.4405694e-02
  -4.3682287e-02
  -3.0089326e-02
  -1.6865967e-02
  -6.6598827e-03
  -1.0399117e-03
  -5.8836084e-04
  -4.7473814e-03
  -1.1518881e-02
  -1.8266895e-02
  -2.3183383e-02
  -2.5871268e-02
  -2.6517385e-02
  -2.5658497e-02
  -2.4175253e-02
  -2.2475940e-02
  -2.0109190e-02
  -1.5907508e-02
  -8.7479972e-03
   1.2161481e-03
   1.2178846e-02
   2.1318337e-02
   2.6145915e-02
   2.5337362e-02
   1.8724309e-02
   7.9535010e-03
  -3.8481042e-03
  -1.3323920e-02
  -1.7595170e-02
  -1.5116539e-02
  -6.2678495e-03
   7.3082635e-03
   2.3364612e-02
   3.9050227e-02
   5.1683959e-02
   5.9529239e-02
   6.1574085e-02
   5.7494174e-02
   4.8314568e-02
   3.6934384e-02
   2.6023263e-02
   1.7032909e-02
   1.0720022e-02
   7.3335081e-03
   6.3153713e-03
   6.5141080e-03
   7.0106145e-03
   7.5646220e-03
   8.2499960e-03
   9.0967618e-03
   9.8179860e-03
   9.4512633e-03
   6.7454088e-03
   1.0312393e-03
  -7.0594332e-03
  -1.5822663e-02
  -2.2922255e-02
  -2.6040079e-02
  -2.3817520e-02
  -1.6123576e-02
  -4.3893959e-03
   8.9270504e-03
   2.1313831e-02
   3.0777096e-02
   3.6177485e-02
   3.7564674e-02
   3.5740513e-02
   3.1865461e-02
   2.7311101e-02
   2.3455392e-02
   2.1595951e-02
   2.2522869e-02
   2.6485623e-02
   3.3083840e-02
   4.1252673e-02
   4.9631749e-02
   5.6840694e-02
   6.1624859e-02
   6.3441218e-02
   6.2584308e-02
   5.9686839e-02
   5.5510104e-02
   5.0891122e-02
   4.6667679e-02
   4.3302354e-02
   4.0921427e-02
   3.9783606e-02
   3.9943844e-02
   4.1224318e-02
   4.3469956e-02
   4.6479196e-02
   5.0075096e-02
   5.3735838e-02
   5.7045992e-02
   5.9838284e-02
   6.1888516e-02
   6.2916873e-02
   6.2713993e-02
   6.1064467e-02
   5.7818606e-02
   5.3173577e-02
   4.7640316e-02
   4.1699976e-02
   3.6135392e-02
   3.2099113e-02
   3.0363863e-02
   3.1152853e-02
   3.4255181e-02
   3.8638092e-02
   4.2332135e-02
   4.3021993e-02
   3.8930763e-02
   2.9731484e-02
   1.6788156e-02
   2.3201627e-03
  -1.1112681e-02
  -2.0839163e-02
  -2.5659376e-02
  -2.6152839e-02
  -2.3985671e-02
  -2.1105017e-02
  -1.8979283e-02
  -1.8304701e-02
  -1.9313716e-02
  -2.1818833e-02
  -2.4919293e-02
  -2.7638281e-02
  -2.9479697e-02
  -3.0039211e-02
  -2.8802038e-02
  -2.5613767e-02
  -2.0817182e-02
  -1.5571646e-02
  -1.1458764e-02
  -9.6645181e-03
  -1.0758202e-02
  -1.4463059e-02
  -1.9572426e-02
  -2.4176022e-02
  -2.6240651e-02
  -2.4471110e-02
  -1.9032256e-02
  -1.0874611e-02
  -1.4708911e-03
   7.2854807e-03
   1.3756606e-02
   1.7158748e-02
   1.7321733e-02
   1.4568675e-02
   9.7728820e-03
   4.2170908e-03
  -9.9210086e-04
  -4.9954093e-03
  -7.3307825e-03
  -7.9771740e-03
  -7.4132753e-03
  -6.4217569e-03
  -5.8321190e-03
  -6.4211635e-03
  -8.4771425e-03
  -1.2075098e-02
  -1.6946086e-02
  -2.2292293e-02
  -2.7165480e-02
  -3.0802044e-02
  -3.2886345e-02
  -3.3673686e-02
  -3.3804031e-02
  -3.4191107e-02
  -3.5846459e-02
  -3.9251568e-02
  -4.4223777e-02
  -4.9821441e-02
  -5.4711003e-02
  -5.7396471e-02
  -5.6891798e-02
  -5.3032792e-02
  -4.6524256e-02
  -3.9040885e-02
  -3.2913820e-02
  -2.9986018e-02
  -3.0723903e-02
  -3.4645334e-02
  -4.0132766e-02
  -4.4194763e-02
  -4.3699872e-02
  -3.7076378e-02
  -2.4789388e-02
  -9.1720450e-03
   6.5144817e-03
   1.9103582e-02
   2.6568270e-02
   2.8124379e-02
   2.5049308e-02
   2.0107871e-02
   1.5801342e-02
   1.3531086e-02
   1.3249845e-02
   1.3824196e-02
   1.3917173e-02
   1.2638238e-02
   9.9999955e-03
   7.0292430e-03
   5.3187205e-03
   6.0562982e-03
   9.2090492e-03
   1.3760343e-02
   1.8151827e-02
   2.0525940e-02
   1.9718267e-02
   1.5583845e-02
   9.0416017e-03
   2.0292398e-03
  -2.9269893e-03
  -3.8677877e-03
  -2.2158322e-04
   6.9318254e-03
   1.5286668e-02
   2.1880379e-02
   2.4043700e-02
   2.0480661e-02
   1.2018827e-02
   9.3762988e-04
  -1.0025009e-02
  -1.8389106e-02
  -2.2975118e-02
  -2.4319555e-02
  -2.3932588e-02
  -2.3014243e-02
  -2.2407691e-02
  -2.2552652e-02
  -2.3226794e-02
  -2.3872911e-02
  -2.3869944e-02
  -2.2891042e-02
  -2.1050175e-02
  -1.8475819e-02
  -1.5211056e-02
  -1.1453489e-02
  -7.5424767e-03
  -4.0022644e-03
  -1.2723303e-03
   8.3643496e-04
   2.7373965e-03
   4.4307962e-03
   5.6625944e-03
   6.4446057e-03
   6.8775995e-03
   7.1250450e-03
   7.3938116e-03
   7.6891745e-03
   7.9009127e-03
   7.6394547e-03
   6.2957757e-03
   3.4522573e-03
  -4.8933099e-04
  -4.3822523e-03
  -6.9925795e-03
  -7.2308701e-03
  -4.6820993e-03
  -1.7252275e-04
   4.6155533e-03
   8.1573592e-03
   9.1864532e-03
   7.2613021e-03
   3.3048231e-03
  -9.1893437e-04
  -3.6816019e-03
  -3.5120663e-03
   3.0016900e-04
   6.9404198e-03
   1.4242485e-02
   1.9654523e-02
   2.1041163e-02
   1.7405149e-02
   9.3678363e-03
  -1.0654509e-03
  -1.1314243e-02
  -1.9248983e-02
  -2.3585406e-02
  -2.3754986e-02
  -2.0451756e-02
  -1.5418002e-02
  -1.0430396e-02
  -6.5531783e-03
  -4.3782189e-03
  -3.9697223e-03
  -5.1337106e-03
  -7.6591602e-03
  -1.1059379e-02
  -1.4577797e-02
  -1.7369541e-02
  -1.8591107e-02
  -1.7396796e-02
  -1.3234789e-02
  -6.6733238e-03
   8.0000118e-04
   7.3904046e-03
   1.1463600e-02
   1.2115871e-02
   9.2454819e-03
   3.7663257e-03
  -2.4687838e-03
  -7.5764036e-03
  -1.0357212e-02
  -1.0707515e-02
  -8.9074767e-03
  -5.5821348e-03
  -1.7849485e-03
   1.7105005e-03
   4.7298959e-03
   7.5667542e-03
   1.0644530e-02
   1.4505262e-02
   1.9442302e-02
   2.5285048e-02
   3.1404749e-02
   3.6906359e-02
   4.0964179e-02
   4.3366977e-02
   4.3986058e-02
   4.2891209e-02
   4.0740307e-02
   3.8282338e-02
   3.6179463e-02
   3.4593680e-02
   3.3553233e-02
   3.3152199e-02
   3.3374642e-02
   3.3898657e-02
   3.3991195e-02
   3.3182092e-02
   3.1539050e-02
   2.9369355e-02
   2.7053599e-02
   2.4772683e-02
   2.2482754e-02
   2.0025994e-02
   1.7240845e-02
   1.3994435e-02
   1.0255398e-02
   6.3049526e-03
   2.5237461e-03
  -5.5355691e-04
  -2.7346270e-03
  -4.1692612e-03
  -4.7756483e-03
  -4.4251362e-03
  -3.2197476e-03
  -8.5621521e-04
   2.4375275e-03
   5.6602865e-03
   7.9231789e-03
   8.6647790e-03
   7.6439716e-03
   5.0080921e-03
   1.2026081e-03
  -3.1669175e-03
  -7.2633793e-03
  -1.0332901e-02
  -1.2099276e-02
  -1.2856724e-02
  -1.3039162e-02
  -1.2929150e-02
  -1.2653405e-02
  -1.2402167e-02
  -1.2509982e-02
  -1.3199180e-02
  -1.4736057e-02
  -1.7404160e-02
  -2.0885541e-02
  -2.4468912e-02
  -2.7362755e-02
  -2.8763133e-02
  -2.8310664e-02
  -2.6120637e-02
  -2.2806307e-02
  -1.9398121e-02
  -1.6868275e-02
  -1.5953447e-02
  -1.7029282e-02
  -1.9863338e-02
  -2.3687945e-02
  -2.7257908e-02
  -2.8987773e-02
  -2.7691693e-02
  -2.3029959e-02
  -1.5296670e-02
  -5.7271072e-03
   3.7725132e-03
   1.1002449e-02
   1.4386787e-02
   1.3282596e-02
   7.9383455e-03
  -5.1186210e-04
  -1.0219009e-02
  -1.9181723e-02
  -2.5854014e-02
  -2.9633231e-02
  -3.0427276e-02
  -2.8723568e-02
  -2.5989194e-02
  -2.3762569e-02
  -2.3233498e-02
  -2.4925447e-02
  -2.8725766e-02
  -3.3990096e-02
  -3.9789211e-02
  -4.5262685e-02
  -4.9864852e-02
  -5.3497789e-02
  -5.6171607e-02
  -5.7998736e-02
  -5.8956427e-02
  -5.9141173e-02
  -5.8486044e-02
  -5.6730571e-02
  -5.3764523e-02
  -4.9354905e-02
  -4.3534908e-02
  -3.6717986e-02
  -2.9396940e-02
  -2.2191843e-02
  -1.6005760e-02
  -1.1918596e-02
  -1.0415746e-02
  -1.1242037e-02
  -1.3700775e-02
  -1.6576594e-02
  -1.8313273e-02
  -1.7480872e-02
  -1.3199620e-02
  -5.5378661e-03
   4.4734604e-03
   1.5158083e-02
   2.4473199e-02
   3.0565754e-02
   3.2707534e-02
   3.2008883e-02
   3.0144058e-02
   2.8734778e-02
   2.8981949e-02
   3.1419146e-02
   3.5823269e-02
   4.0879773e-02
   4.4919460e-02
   4.6830994e-02
   4.6161248e-02
   4.3191353e-02
   3.8876691e-02
   3.4278919e-02
   3.0121747e-02
   2.6630145e-02
   2.3567492e-02
   2.0355152e-02
   1.6426247e-02
   1.1584163e-02
   6.0072157e-03
   1.0618703e-04
  -5.4342940e-03
  -9.5311404e-03
  -1.0986118e-02
  -9.1543727e-03
  -4.2168710e-03
   3.1809410e-03
   1.1930026e-02
   2.0453515e-02
   2.7252193e-02
   3.1222421e-02
   3.1870516e-02
   2.9141637e-02
   2.3901266e-02
   1.7875422e-02
   1.3028612e-02
   1.1035420e-02
   1.2576253e-02
   1.7894765e-02
   2.6215703e-02
   3.5311893e-02
   4.2898133e-02
   4.7130258e-02
   4.6752523e-02
   4.1294216e-02
   3.1275504e-02
   1.8740354e-02
   6.6333742e-03
  -2.4318566e-03
  -7.0115047e-03
  -6.8149441e-03
  -2.5599150e-03
   4.1776468e-03
   1.1242916e-02
   1.6571868e-02
   1.8816407e-02
   1.7474278e-02
   1.3212259e-02
   7.5827340e-03
   2.0771353e-03
  -2.0924996e-03
  -4.0211346e-03
  -3.6921195e-03
  -1.8914660e-03
   1.7974554e-04
   1.0077795e-03
  -2.1137548e-04
  -2.8140096e-03
  -5.5732437e-03
  -7.5270464e-03
  -7.8693047e-03
  -6.1589471e-03
  -2.6280765e-03
   1.8754202e-03
   6.3294498e-03
   9.6547368e-03
   1.1310616e-02
   1.1583943e-02
   1.0791425e-02
   9.0419205e-03
   6.5850171e-03
   4.1727561e-03
   2.6242849e-03
   2.2191623e-03
   3.0648400e-03
   5.2160496e-03
   8.3118711e-03
   1.1493494e-02
   1.3403819e-02
   1.2672857e-02
   8.6981564e-03
   1.9825092e-03
  -6.3306807e-03
  -1.4680446e-02
  -2.1033580e-02
  -2.4170527e-02
  -2.4199871e-02
  -2.1852903e-02
  -1.8125560e-02
  -1.4327879e-02
  -1.1560974e-02
  -1.0388171e-02
  -1.0752146e-02
  -1.2341172e-02
  -1.5018177e-02
  -1.8159080e-02
  -2.0473737e-02
  -2.0814654e-02
  -1.8526924e-02
  -1.3461408e-02
  -6.2659372e-03
   1.6987410e-03
   8.4141024e-03
   1.1861008e-02
   1.1118836e-02
   6.6523104e-03
  -1.4045210e-04
  -7.2233638e-03
  -1.2402387e-02
  -1.4143463e-02
  -1.2014981e-02
  -6.8003930e-03
  -1.7409325e-04
   6.2204815e-03
   1.1143454e-02
   1.3705281e-02
   1.3305016e-02
   1.0317240e-02
   6.2592331e-03
   2.6520682e-03
   6.8992833e-04
   1.2456569e-03
   4.5011228e-03
   9.7953570e-03
   1.5534059e-02
   1.9548248e-02
   2.0587376e-02
   1.8685953e-02
   1.4467895e-02
   9.0243580e-03
   3.8092316e-03
  -8.5572504e-05
  -2.2991933e-03
  -3.3505426e-03
  -4.3377088e-03
  -6.3505181e-03
  -9.9892141e-03
  -1.5519772e-02
  -2.2826310e-02
  -3.0923816e-02
  -3.8357072e-02
  -4.3834502e-02
  -4.6578108e-02
  -4.6229278e-02
  -4.2922861e-02
  -3.7315196e-02
  -3.0851940e-02
  -2.5272959e-02
  -2.1758937e-02
  -2.0735305e-02
  -2.1885874e-02
  -2.4355823e-02
  -2.6810165e-02
  -2.7807421e-02
  -2.6447707e-02
  -2.2783228e-02
  -1.7495489e-02
  -1.1241707e-02
  -4.8527009e-03
   7.1385520e-04
   4.7426446e-03
   7.2340793e-03
   8.0808671e-03
   7.1996139e-03
   5.0358315e-03
   2.6131078e-03
   7.3231553e-04
  -3.5271779e-04
  -2.5765762e-04
   1.2378758e-03
   3.5968890e-03
   5.7635948e-03
   6.9597956e-03
   6.8923704e-03
   5.7946423e-03
   4.1786359e-03
   2.5254166e-03
   1.5431410e-03
   1.2790893e-03
   1.1481404e-03
   5.5869375e-04
  -6.3656737e-04
  -2.2486601e-03
  -3.9320916e-03
  -5.1211817e-03
  -5.0909256e-03
  -3.3264519e-03
   1.2905741e-04
   4.8964311e-03
   1.0203172e-02
   1.5019276e-02
   1.8579018e-02
   2.0538469e-02
   2.0984124e-02
   2.0598806e-02
   1.9828389e-02
   1.8993680e-02
   1.8680897e-02
   1.9282394e-02
   2.0717830e-02
   2.2690580e-02
   2.4694652e-02
   2.6190645e-02
   2.6987218e-02
   2.6991724e-02
   2.6149102e-02
   2.4623216e-02
   2.2594305e-02
   2.0161833e-02
   1.7447022e-02
   1.4495041e-02
   1.1306439e-02
   8.1680637e-03
   5.4869043e-03
   3.5297826e-03
   2.4095464e-03
   2.1929066e-03
   2.6667182e-03
   3.0604110e-03
   2.7258238e-03
   1.5400088e-03
  -6.5329783e-04
  -4.1066498e-03
  -8.4616133e-03
  -1.2728468e-02
  -1.5865855e-02
  -1.7636274e-02
  -1.8126329e-02
  -1.7307995e-02
  -1.5305462e-02
  -1.2606696e-02
  -1.0116547e-02
  -8.5965296e-03
  -8.2537767e-03
  -8.9426235e-03
  -1.0184313e-02
  -1.1429860e-02
  -1.2089385e-02
  -1.1534817e-02
  -9.4088300e-03
  -5.8410541e-03
  -1.1830345e-03
   3.9797344e-03
   8.8525914e-03
   1.2579110e-02
   1.4403932e-02
   1.3939374e-02
   1.1526464e-02
   7.7639852e-03
   3.2222863e-03
  -1.2503168e-03
  -4.8438977e-03
  -7.0548503e-03
  -7.7706453e-03
  -7.0188792e-03
  -5.0928159e-03
  -2.8078440e-03
  -7.7059127e-04
   7.8840317e-04
   1.6374483e-03
   1.4045539e-03
   1.2325236e-05
  -1.9121606e-03
  -3.3977347e-03
  -3.4332662e-03
  -1.8089512e-03
   1.0274686e-03
   4.6237191e-03
   8.2525567e-03
   1.0741716e-02
   1.1210605e-02
   9.6957744e-03
   6.3661792e-03
   1.7680565e-03
  -2.9832044e-03
  -6.7096246e-03
  -8.7195984e-03
  -8.9800563e-03
  -7.9238054e-03
  -6.1972591e-03
  -4.3589530e-03
  -2.9409579e-03
  -2.2357026e-03
  -1.6665615e-03
  -8.0318725e-04
   3.6978235e-04
   1.9457139e-03
   3.9147161e-03
   6.2097001e-03
   8.4356983e-03
   9.9622220e-03
   1.0338836e-02
   9.4441087e-03
   7.4703147e-03
   4.9432606e-03
   2.5521668e-03
   8.7616911e-04
   3.2937010e-04
   7.9234317e-04
   1.7828274e-03
   2.6893471e-03
   2.9522999e-03
   2.2890932e-03
   6.9645654e-04
  -1.2461295e-03
  -2.5663223e-03
  -2.4400443e-03
  -4.6914630e-04
   3.2756220e-03
   8.2977596e-03
   1.3916404e-02
   1.9092152e-02
   2.2608153e-02
   2.3664756e-02
   2.2407032e-02
   1.9491428e-02
   1.5443060e-02
   1.0836430e-02
   6.4330110e-03
   2.9948431e-03
   6.9716651e-04
  -5.9912249e-04
  -8.8160269e-04
  -2.5738946e-04
   8.7856388e-04
   1.7685071e-03
   1.7671663e-03
   5.9625184e-04
  -1.6976200e-03
  -4.8900128e-03
  -8.5273899e-03
  -1.1806166e-02
  -1.3871344e-02
  -1.4427231e-02
  -1.3554935e-02
  -1.1459644e-02
  -8.6369078e-03
  -5.7022363e-03
  -3.0725882e-03
  -8.1464569e-04
   1.0620087e-03
   2.5801920e-03
   4.2147609e-03
   6.2440446e-03
   8.4557445e-03
   1.0852125e-02
   1.3548450e-02
   1.6058184e-02
   1.7529778e-02
   1.7367452e-02
   1.5329311e-02
   1.1393812e-02
   6.0336143e-03
   3.3005259e-04
  -5.1347547e-03
  -1.0144265e-02
  -1.4324142e-02
  -1.7515601e-02
  -1.9980494e-02
  -2.2066773e-02
  -2.3884231e-02
  -2.5208776e-02
  -2.5984358e-02
  -2.6334288e-02
  -2.6218340e-02
  -2.5615415e-02
  -2.4979739e-02
  -2.4853681e-02
  -2.4908193e-02
  -2.4694982e-02
  -2.4073483e-02
  -2.2916979e-02
  -2.1044790e-02
  -1.8341628e-02
  -1.5382833e-02
  -1.3192806e-02
  -1.2173131e-02
  -1.1949919e-02
  -1.1908375e-02
  -1.1378865e-02
  -9.8963574e-03
  -7.1864805e-03
  -3.2234843e-03
   1.2534600e-03
   5.1374803e-03
   7.6350695e-03
   8.5844953e-03
   8.0472479e-03
   6.2339995e-03
   4.0341361e-03
   2.9875456e-03
   3.8924278e-03
   6.3967102e-03
   9.9982481e-03
   1.3895852e-02
   1.6925425e-02
   1.8078082e-02
   1.6891135e-02
   1.3427558e-02
   8.5165206e-03
   3.2021412e-03
  -1.8548025e-03
  -6.0722340e-03
  -9.1123130e-03
  -1.0851223e-02
  -1.1413375e-02
  -1.0912043e-02
  -9.3537578e-03
  -7.0482122e-03
  -4.7051788e-03
  -2.8734119e-03
  -1.7376684e-03
  -1.2825732e-03
  -1.3269848e-03
  -1.5876295e-03
  -1.6655394e-03
  -9.8154472e-04
   1.0301766e-03
   4.2470392e-03
   8.0595130e-03
   1.2042347e-02
   1.5740676e-02
   1.8642541e-02
   2.0436480e-02
   2.1118645e-02
   2.0886531e-02
   1.9932577e-02
   1.8556048e-02
   1.7244472e-02
   1.6220070e-02
   1.5462183e-02
   1.4785073e-02
   1.3961354e-02
   1.3036305e-02
   1.2193682e-02
   1.1521409e-02
   1.0794569e-02
   9.7684199e-03
   8.0782734e-03
   5.4757602e-03
   2.2003470e-03
  -1.5061478e-03
  -5.3784415e-03
  -8.7280829e-03
  -1.0622736e-02
  -1.0401711e-02
  -8.2992873e-03
  -4.8618668e-03
  -5.7018296e-04
   3.6436855e-03
   6.9776108e-03
   9.1439979e-03
   1.0008711e-02
   9.4453615e-03
   8.3477103e-03
   7.7626444e-03
   7.8732502e-03
   8.6211148e-03
   1.0232769e-02
   1.2488551e-02
   1.4750344e-02
   1.6402289e-02
   1.6992905e-02
   1.6441304e-02
   1.4899702e-02
   1.2662856e-02
   1.0142715e-02
   7.7188702e-03
   5.4436686e-03
   3.0550917e-03
   3.6728316e-04
  -2.4295266e-03
  -5.0843534e-03
  -7.6522033e-03
  -9.9933464e-03
  -1.1805836e-02
  -1.2963110e-02
  -1.3393818e-02
  -1.3236108e-02
  -1.2419532e-02
  -1.0721143e-02
  -8.1731082e-03
  -5.0455908e-03
  -1.6055546e-03
   1.9641885e-03
   5.1932448e-03
   7.6628309e-03
   9.4051372e-03
   1.0569466e-02
   1.1044102e-02
   1.0845355e-02
   1.0182719e-02
   9.1964544e-03
   7.9335208e-03
   6.1420111e-03
   3.4318045e-03
  -1.5576701e-04
  -4.3159811e-03
  -8.5878033e-03
  -1.2736821e-02
  -1.6746284e-02
  -2.0154470e-02
  -2.2367027e-02
  -2.3103704e-02
  -2.2782129e-02
  -2.1690687e-02
  -1.9838061e-02
  -1.7292169e-02
  -1.4289743e-02
  -1.0663389e-02
  -6.1379667e-03
  -8.0474457e-04
   4.9890460e-03
   1.0586193e-02
   1.5501748e-02
   1.9140949e-02
   2.0983135e-02
   2.1103258e-02
   1.9926093e-02
   1.7975653e-02
   1.5757051e-02
   1.3656045e-02
   1.2178296e-02
   1.1443818e-02
   1.1122243e-02
   1.0852982e-02
   1.0459652e-02
   9.8745638e-03
   9.0733965e-03
   7.9892304e-03
   6.5364842e-03
   4.9186424e-03
   3.5037357e-03
   2.3949953e-03
   1.4003447e-03
   5.2584060e-04
  -5.4754634e-05
  -3.7251782e-04
  -4.5797800e-04
  -4.3965946e-04
  -5.3999714e-04
  -7.1202203e-04
  -9.6884988e-04
  -1.4517461e-03
  -1.8374709e-03
  -1.5919157e-03
  -6.0417581e-04
   8.1383900e-04
   2.7271536e-03
   4.8568992e-03
   6.4599481e-03
   6.9975471e-03
   6.2807850e-03
   4.5237847e-03
   2.3093922e-03
   3.7858664e-04
  -5.9437470e-04
  -2.6144156e-05
   2.1853782e-03
   5.4474823e-03
   9.0554714e-03
   1.2473494e-02
   1.5112583e-02
   1.6285792e-02
   1.5856733e-02
   1.4439320e-02
   1.2717807e-02
   1.1041684e-02
   9.3243039e-03
   7.6555883e-03
   6.4167124e-03
   5.5966529e-03
   4.7262251e-03
   3.5368053e-03
   1.9824213e-03
  -5.7088964e-05
  -3.0088227e-03
  -6.8343089e-03
  -1.1008164e-02
  -1.5149070e-02
  -1.8848059e-02
  -2.1766740e-02
  -2.3852689e-02
  -2.4864561e-02
  -2.4599367e-02
  -2.3148873e-02
  -2.0883893e-02
  -1.8116438e-02
  -1.5099504e-02
  -1.2224015e-02
  -9.8993248e-03
  -8.1714927e-03
  -6.8806328e-03
  -5.9520117e-03
  -5.1584717e-03
  -4.1898680e-03
  -2.8042392e-03
  -8.9238632e-04
   1.3068177e-03
   3.2952506e-03
   4.6968702e-03
   5.2942452e-03
   4.9770776e-03
   3.5563460e-03
   1.1765282e-03
  -1.7012687e-03
  -4.4174541e-03
  -6.7426393e-03
  -8.4774612e-03
  -9.2292822e-03
  -9.2292273e-03
  -9.1336890e-03
  -9.2571755e-03
  -9.7481319e-03
  -1.0832496e-02
  -1.2493167e-02
  -1.4250398e-02
  -1.5585823e-02
  -1.6066646e-02
  -1.5487900e-02
  -1.3899259e-02
  -1.1598341e-02
  -9.0604830e-03
  -6.5625750e-03
  -4.4431712e-03
  -2.9552672e-03
  -2.1126558e-03
  -1.6608686e-03
  -1.2393925e-03
  -6.0255364e-04
   4.9283468e-04
   2.3069963e-03
   4.8011127e-03
   7.5560387e-03
   1.0270872e-02
   1.3003664e-02
   1.5565821e-02
   1.7300192e-02
   1.7555715e-02
   1.6219521e-02
   1.3576146e-02
   9.7633095e-03
   5.3015647e-03
   8.1547655e-04
  -3.2859199e-03
  -6.6306047e-03
  -8.9093451e-03
  -1.0082664e-02
  -1.0655883e-02
  -1.1241597e-02
  -1.2446678e-02
  -1.4259080e-02
  -1.6479990e-02
  -1.8997966e-02
  -2.1589907e-02
  -2.3751469e-02
  -2.5056121e-02
  -2.5550463e-02
  -2.5444077e-02
  -2.4584420e-02
  -2.2578260e-02
  -1.9243378e-02
  -1.4672863e-02
  -9.0691543e-03
  -2.9538165e-03
   2.8549153e-03
   7.4435534e-03
   1.0251903e-02
   1.1259841e-02
   1.0956840e-02
   1.0210195e-02
   9.9297348e-03
   1.0853366e-02
   1.3407226e-02
   1.7196774e-02
   2.1157330e-02
   2.3987430e-02
   2.5024030e-02
   2.4126786e-02
   2.1287235e-02
   1.6869814e-02
   1.1669008e-02
   6.5762689e-03
   2.5538593e-03
   3.8093855e-04
   1.7089069e-04
   1.6962462e-03
   4.3576451e-03
   6.9195493e-03
   8.3689875e-03
   8.5449963e-03
   7.4873166e-03
   5.2382829e-03
   2.2930167e-03
  -4.6194329e-04
  -2.0443953e-03
  -1.8574731e-03
  -1.0072828e-04
   2.7037004e-03
   5.7903671e-03
   8.1973307e-03
   8.8481514e-03
   7.2768753e-03
   4.0040668e-03
  -4.9648784e-05
  -4.0284981e-03
  -6.9759073e-03
  -7.6829431e-03
  -5.9546054e-03
  -2.6085798e-03
   1.3630987e-03
   5.0389197e-03
   7.3938336e-03
   7.6636222e-03
   5.7373061e-03
   2.0393398e-03
  -2.5965894e-03
  -7.0669396e-03
  -1.0321438e-02
  -1.1685273e-02
  -1.1097845e-02
  -9.0643845e-03
  -6.5803462e-03
  -4.6337861e-03
  -3.9273439e-03
  -4.7020576e-03
  -7.0405959e-03
  -1.0870588e-02
  -1.5221826e-02
  -1.8622539e-02
  -2.0023686e-02
  -1.9197329e-02
  -1.6437458e-02
  -1.1969481e-02
  -6.4733891e-03
  -1.0960774e-03
   3.0209999e-03
   5.2655607e-03
   5.5114895e-03
   3.9009782e-03
   1.2066086e-03
  -1.5943666e-03
  -3.6766453e-03
  -4.5314559e-03
  -3.9599849e-03
  -2.1077871e-03
   5.6602095e-04
   3.2746769e-03
   5.0721323e-03
   5.2128514e-03
   3.5840524e-03
   2.9746760e-04
  -4.4035514e-03
  -9.7330094e-03
  -1.4612966e-02
  -1.8270741e-02
  -2.0178649e-02
  -2.0074021e-02
  -1.8093249e-02
  -1.4818154e-02
  -1.0993217e-02
  -7.4055162e-03
  -4.6830225e-03
  -3.1258909e-03
  -2.6584316e-03
  -2.9922604e-03
  -3.7267938e-03
  -3.9668868e-03
  -3.0475853e-03
  -1.1323145e-03
   1.6216883e-03
   5.2479872e-03
   8.7996953e-03
   1.1008384e-02
   1.1205439e-02
   9.4503731e-03
   6.3313511e-03
   2.5805437e-03
  -1.0958290e-03
  -3.6897127e-03
  -4.3825930e-03
  -3.2351779e-03
  -1.1003768e-03
   1.2410190e-03
   3.2110433e-03
   4.2112220e-03
   3.9090341e-03
   2.1998964e-03
  -4.9562291e-04
  -3.4983504e-03
  -6.3811590e-03
  -8.6254889e-03
  -9.6903452e-03
  -9.3911686e-03
  -7.8298168e-03
  -5.1804851e-03
  -1.9068194e-03
   1.3079936e-03
   3.8928784e-03
   5.4831017e-03
   6.0119525e-03
   5.7244585e-03
   5.2508557e-03
   5.2136427e-03
   6.0871588e-03
   7.9031437e-03
   1.0511174e-02
   1.3536581e-02
   1.6088187e-02
   1.7582092e-02
   1.8222934e-02
   1.7896083e-02
   1.6554394e-02
   1.4754411e-02
   1.3130381e-02
   1.1873207e-02
   1.0921033e-02
   1.0238583e-02
   9.5708592e-03
   8.5633610e-03
   6.9643676e-03
   4.8611085e-03
   2.6001173e-03
   7.4195837e-04
  -2.6218670e-04
  -2.3043367e-04
   6.1083370e-04
   1.8960269e-03
   3.3514438e-03
   4.4865827e-03
   4.8072782e-03
   4.0200796e-03
   2.0720798e-03
  -5.1509323e-04
  -3.0067126e-03
  -4.9388095e-03
  -6.1343619e-03
  -6.5025682e-03
  -6.0484181e-03
  -5.2647584e-03
  -4.4396104e-03
  -3.6109016e-03
  -3.1416069e-03
  -3.3273202e-03
  -4.0109357e-03
  -5.0254896e-03
  -6.2943030e-03
  -7.3713695e-03
  -7.8007915e-03
  -7.5715899e-03
  -6.8788085e-03
  -5.8335258e-03
  -4.5474577e-03
  -3.4043948e-03
  -2.8298685e-03
  -3.0134386e-03
  -3.8306406e-03
  -4.9412384e-03
  -5.9942142e-03
  -6.8988547e-03
  -7.5235295e-03
  -7.6945158e-03
  -7.5675125e-03
  -7.4058679e-03
  -7.4647646e-03
  -7.7760964e-03
  -8.1761635e-03
  -8.4016944e-03
  -8.2580738e-03
  -7.8400487e-03
  -7.3572690e-03
  -7.0278253e-03
  -7.2286721e-03
  -8.1268503e-03
  -9.1100380e-03
  -9.8848616e-03
  -1.0521846e-02
  -1.0826781e-02
  -1.0520395e-02
  -9.7256679e-03
  -8.7623944e-03
  -7.7119683e-03
  -6.5219441e-03
  -5.0995639e-03
  -3.4008999e-03
  -1.7458342e-03
  -3.9291353e-04
   5.9973245e-04
   1.2744294e-03
   1.6637810e-03
   1.8255575e-03
   1.9657491e-03
   2.4577056e-03
   3.3772269e-03
   4.4699215e-03
   5.5637042e-03
   6.5992934e-03
   7.6660730e-03
   8.4606351e-03
   8.6415676e-03
   8.2742735e-03
   7.6516428e-03
   7.0681705e-03
   6.6260987e-03
   6.2083483e-03
   5.8019398e-03
   5.5626381e-03
   5.3070269e-03
   4.7468099e-03
   3.9192880e-03
   3.0662688e-03
   2.3780593e-03
   1.9224915e-03
   2.0438898e-03
   2.8384738e-03
   4.0089465e-03
   5.2690336e-03
   6.5723234e-03
   7.6925925e-03
   8.4759775e-03
   8.8933762e-03
   8.7885183e-03
   8.2001662e-03
   7.4106267e-03
   6.5722025e-03
   5.7658368e-03
   5.2020700e-03
   5.0591198e-03
   5.4602639e-03
   6.3511776e-03
   7.3114836e-03
   7.8600619e-03
   7.5195071e-03
   6.2966989e-03
   4.8603501e-03
   3.7988678e-03
   3.4896571e-03
   4.3223884e-03
   6.2801476e-03
   8.8691427e-03
   1.1219836e-02
   1.2293034e-02
   1.1575811e-02
   9.1966742e-03
   5.6827505e-03
   1.6710345e-03
  -1.8962577e-03
  -4.1561059e-03
  -4.8105973e-03
  -4.5505350e-03
  -4.3186187e-03
  -4.5398085e-03
  -5.2926296e-03
  -6.4143715e-03
  -7.5307061e-03
  -8.4693284e-03
  -8.8076523e-03
  -8.0809000e-03
  -6.7165374e-03
  -5.4663415e-03
  -4.4364782e-03
  -3.7490820e-03
  -3.7452354e-03
  -4.2697671e-03
  -4.9880239e-03
  -5.8396254e-03
  -6.6012167e-03
  -6.9417716e-03
  -6.6873143e-03
  -5.7365478e-03
  -4.1896591e-03
  -2.4068647e-03
  -1.0254991e-03
  -3.7176499e-04
  -2.8464528e-04
  -6.6735436e-04
  -1.5228090e-03
  -2.5290983e-03
  -3.2954155e-03
  -3.5074284e-03
  -3.2046360e-03
  -2.8005575e-03
  -2.2569028e-03
  -1.6054227e-03
  -1.0341111e-03
  -3.5375746e-04
   5.5047525e-04
   1.5886187e-03
   2.4759055e-03
   2.8815556e-03
   2.7690374e-03
   2.0550119e-03
   6.1494295e-04
  -1.3141262e-03
  -3.2555868e-03
  -4.7288408e-03
  -5.2491962e-03
  -4.5769006e-03
  -2.9961839e-03
  -7.9940990e-04
   1.4722539e-03
   3.0876778e-03
   3.8611056e-03
   3.9404003e-03
   3.6611490e-03
   3.5752162e-03
   4.0303445e-03
   5.0364689e-03
   6.3326480e-03
   7.6351465e-03
   8.6035084e-03
   9.2002460e-03
   9.7578034e-03
   1.0585424e-02
   1.1832763e-02
   1.3578564e-02
   1.5569997e-02
   1.7176222e-02
   1.7984995e-02
   1.7961256e-02
   1.7325799e-02
   1.6362834e-02
   1.5320408e-02
   1.4515153e-02
   1.4175994e-02
   1.3999271e-02
   1.3547791e-02
   1.2606696e-02
   1.1184668e-02
   9.3306233e-03
   7.0878540e-03
   4.9027395e-03
   3.3753256e-03
   2.7070964e-03
   2.7679824e-03
   3.1499595e-03
   3.5212431e-03
   3.7863939e-03
   3.8935378e-03
   3.6675453e-03
   2.9484533e-03
   2.3480669e-03
   2.1445385e-03
   1.6961583e-03
   9.7731348e-04
   6.4555849e-04
   8.3436220e-04
   1.2321059e-03
   1.4944872e-03
   1.4929485e-03
   1.3057626e-03
   8.0666567e-04
  -3.1096473e-04
  -2.1109303e-03
  -4.2924839e-03
  -6.5162181e-03
  -8.6552395e-03
  -1.0694030e-02
  -1.2496134e-02
  -1.3463056e-02
  -1.3439977e-02
  -1.2895740e-02
  -1.2356228e-02
  -1.1980911e-02
  -1.1737807e-02
  -1.1735169e-02
  -1.1946731e-02
  -1.2188297e-02
  -1.2077955e-02
  -1.1369853e-02
  -1.0146320e-02
  -8.5958922e-03
  -6.8993383e-03
  -5.2965312e-03
  -4.0434009e-03
  -3.4629179e-03
  -3.5460921e-03
  -3.8799209e-03
  -4.1198161e-03
  -4.3211905e-03
  -4.5826595e-03
  -4.9220054e-03
  -5.5033347e-03
  -6.3323293e-03
  -7.2230780e-03
  -7.9239483e-03
  -8.0937256e-03
  -7.6148475e-03
  -6.7311545e-03
  -5.5038842e-03
  -4.1236957e-03
  -3.2684124e-03
  -3.1953712e-03
  -3.8179579e-03
  -5.0038498e-03
  -6.5380448e-03
  -8.0886372e-03
  -9.3075328e-03
  -9.9708494e-03
  -9.9518692e-03
  -9.4034997e-03
  -8.3608657e-03
  -6.9517178e-03
  -5.4515047e-03
  -4.0371584e-03
  -2.7948975e-03
  -1.5127640e-03
  -4.1616670e-05
   1.3295455e-03
   2.3242291e-03
   3.0989428e-03
   3.8785471e-03
   4.6561293e-03
   5.2728142e-03
   5.7051487e-03
   5.9368671e-03
   5.8625181e-03
   5.5647372e-03
   5.1794081e-03
   4.6038267e-03
   3.9501157e-03
   3.3135384e-03
   2.6455180e-03
   1.9900925e-03
   1.3284025e-03
   3.5365306e-04
  -9.5031153e-04
  -2.2589470e-03
  -3.4334640e-03
  -4.4372365e-03
  -5.0311496e-03
  -5.1876068e-03
  -5.0590758e-03
  -4.6848798e-03
  -4.2465776e-03
  -3.8721618e-03
  -3.5725346e-03
  -3.2616314e-03
  -2.8251317e-03
  -2.1781467e-03
  -1.2808257e-03
   1.6176879e-05
   1.5560765e-03
   3.1582791e-03
   4.6505902e-03
   5.8479230e-03
   6.5330662e-03
   6.6709279e-03
   6.3032930e-03
   5.7992582e-03
   5.5157097e-03
   5.4220728e-03
   6.0159639e-03
   7.5089784e-03
   9.5935651e-03
   1.1824520e-02
   1.3829251e-02
   1.5300516e-02
   1.5740346e-02
   1.4989932e-02
   1.3165990e-02
   1.0450343e-02
   7.3907343e-03
   4.6648776e-03
   2.6974579e-03
   1.5692099e-03
   1.1514925e-03
   1.3561749e-03
   1.7328547e-03
   1.5988726e-03
   1.0079895e-03
  -1.7881796e-04
  -2.1851035e-03
  -4.6916278e-03
  -6.8712252e-03
  -8.5335994e-03
  -9.1500535e-03
  -8.8142135e-03
  -7.4220785e-03
  -5.3475809e-03
  -3.4648741e-03
  -2.4181407e-03
  -2.2973029e-03
  -2.6675974e-03
  -3.1468383e-03
  -3.5226829e-03
  -3.6631712e-03
  -3.4799088e-03
  -2.8648065e-03
  -1.7136328e-03
  -1.3644285e-04
   1.5115111e-03
   2.9290005e-03
   4.1663598e-03
   5.2881676e-03
   6.2390221e-03
   7.1017237e-03
   7.8445657e-03
   8.4355004e-03
   8.8333255e-03
   8.9314684e-03
   8.8283469e-03
   8.6550197e-03
   8.2567220e-03
   7.6359378e-03
   7.1824801e-03
   7.1323755e-03
   7.4818435e-03
   8.2807577e-03
   9.5104458e-03
   1.0991569e-02
   1.2187858e-02
   1.2400849e-02
   1.1561193e-02
   9.9033363e-03
   7.6515989e-03
   5.1448108e-03
   2.8907325e-03
   1.3159286e-03
   5.5117313e-04
   5.4300407e-04
   1.0042517e-03
   1.4147969e-03
   1.4024328e-03
   9.1394150e-04
   8.5984309e-05
  -9.6516595e-04
  -1.9738159e-03
  -2.8976454e-03
  -4.0024512e-03
  -4.9150047e-03
  -5.2442506e-03
  -5.1918161e-03
  -4.7792861e-03
  -3.8928674e-03
  -2.8498707e-03
  -1.8548025e-03
  -9.7590343e-04
  -4.8577235e-04
  -5.5621435e-04
  -1.1020253e-03
  -2.1026876e-03
  -3.3917780e-03
  -4.5633167e-03
  -5.2771554e-03
  -5.2095104e-03
  -4.2137937e-03
  -2.5183718e-03
  -6.1280535e-04
   1.0007985e-03
   1.8016976e-03
   1.4758917e-03
   1.7092037e-04
  -1.6428006e-03
  -3.5150886e-03
  -5.0022892e-03
  -5.6782775e-03
  -5.2884204e-03
  -3.9821412e-03
  -2.3603320e-03
  -9.7474066e-04
  -2.7904574e-04
  -5.8869494e-04
  -1.9540005e-03
  -4.1147936e-03
  -6.4988535e-03
  -8.4134650e-03
  -9.5924551e-03
  -9.9192172e-03
  -9.3013563e-03
  -7.9936924e-03
  -6.3812029e-03
  -4.7157954e-03
  -3.2010202e-03
  -2.1375926e-03
  -1.8178203e-03
  -1.9837072e-03
  -2.4664209e-03
  -3.3164508e-03
  -4.3609642e-03
  -5.2205446e-03
  -5.6303161e-03
  -5.4590220e-03
  -4.5283127e-03
  -2.7933809e-03
  -5.9314489e-04
   1.4848157e-03
   2.8671694e-03
   3.0767754e-03
   2.0522643e-03
   2.2396481e-04
  -1.6807499e-03
  -3.0249234e-03
  -3.3212316e-03
  -2.2778282e-03
  -1.9472635e-04
   2.2362631e-03
   4.3223664e-03
   5.4421300e-03
   5.2706272e-03
   3.9551931e-03
   1.9675515e-03
  -9.8196345e-05
  -1.5466359e-03
  -1.9627927e-03
  -1.3572080e-03
   1.5173469e-05
   1.6316785e-03
   3.0221869e-03
   3.7604020e-03
   3.8451258e-03
   3.4245949e-03
   2.5126459e-03
   1.2508443e-03
  -8.2197069e-05
  -1.1188074e-03
  -1.5072798e-03
  -1.2448766e-03
  -5.2173354e-04
   4.3554581e-04
   1.3012016e-03
   1.6592420e-03
   1.3342933e-03
   3.7758762e-04
  -1.0367015e-03
  -2.7169437e-03
  -4.3494024e-03
  -5.6324372e-03
  -6.4448914e-03
  -6.7909414e-03
  -6.7483762e-03
  -6.5359896e-03
  -6.3878630e-03
  -6.4920616e-03
  -6.9368260e-03
  -7.5937682e-03
  -8.1770098e-03
  -8.5112452e-03
  -8.5803959e-03
  -8.2889674e-03
  -7.4668967e-03
  -6.1306472e-03
  -4.6612837e-03
  -3.3917011e-03
  -2.2875876e-03
  -1.3551748e-03
  -7.7081547e-04
  -4.9974315e-04
  -2.9013161e-04
  -4.0324216e-05
   2.2418022e-04
   5.0877714e-04
   7.1482235e-04
   7.2955258e-04
   6.6628720e-04
   6.4255706e-04
   4.6625256e-04
   1.1350730e-04
  -1.3039382e-04
  -1.0968302e-04
   1.0822978e-04
   3.8401802e-04
   8.2679101e-04
   1.6395145e-03
   2.7173173e-03
   3.8207384e-03
   4.7756593e-03
   5.5795411e-03
   6.3395938e-03
   6.9108890e-03
   7.0754680e-03
   6.9503110e-03
   6.7548384e-03
   6.3574200e-03
   5.7132815e-03
   5.1736272e-03
   4.7489090e-03
   4.2440829e-03
   3.6704468e-03
   3.1425960e-03
   2.7782912e-03
   2.4601015e-03
   1.9725850e-03
   1.3549330e-03
   7.9089466e-04
   3.8226617e-04
   1.8143144e-04
   2.1623756e-04
   4.6318409e-04
   7.8217719e-04
   1.0389633e-03
   1.1585812e-03
   1.1329079e-03
   1.0005150e-03
   7.4156932e-04
   3.6125281e-04
  -9.2535927e-06
  -2.0287892e-04
  -1.7081047e-04
  -3.0168346e-05
   1.3709787e-04
   2.8561791e-04
   2.6963919e-04
  -1.2137852e-05
  -5.2774301e-04
  -1.0638232e-03
  -1.4023229e-03
  -1.6060162e-03
  -1.7579125e-03
  -1.8156003e-03
  -1.7572201e-03
  -1.5570217e-03
  -1.2352931e-03
  -8.8407000e-04
  -4.9390843e-04
  -9.1501634e-05
   2.6990845e-04
   5.8305694e-04
   8.6686586e-04
   1.1546027e-03
   1.4757488e-03
   1.7632647e-03
   1.9855096e-03
   2.2523199e-03
   2.5865883e-03
   2.8912161e-03
   3.0819409e-03
   3.1249127e-03
   2.9919197e-03
   2.6925563e-03
   2.2850598e-03
   1.8336902e-03
   1.3815514e-03
   9.9932695e-04
   7.3602474e-04
   6.0556607e-04
   5.8332840e-04
   6.0616284e-04
   6.1176457e-04
   5.9055009e-04
   5.3449103e-04
   4.2404890e-04
   2.2568808e-04
  -4.7094320e-05
  -3.0764677e-04
  -4.8270387e-04
  -5.5164461e-04
  -5.2986853e-04
  -3.9767780e-04
  -1.7543626e-04
   4.9400624e-05
   1.9706397e-04
   2.1469673e-04
   1.1714837e-04
  -6.6847976e-05
  -3.1319905e-04
  -5.7809594e-04
  -8.0378732e-04
  -9.3101155e-04
  -9.6371304e-04
  -9.5180730e-04
  -9.3216223e-04
  -9.0999929e-04
  -8.8292591e-04
  -8.5427103e-04
  -8.3596787e-04
  -8.3426988e-04
  -8.3783511e-04
  -8.4635915e-04
  -8.4627123e-04
  -8.1730972e-04
  -7.5685566e-04
  -6.8002941e-04
  -5.9893895e-04
  -5.1041908e-04
  -3.9930106e-04
  -2.7796650e-04
  -1.6213696e-04
  -6.6612675e-05
  -5.2223360e-06
   2.0171615e-05
   3.5513234e-05
   7.1279464e-05
   1.3938934e-04
   2.3478251e-04
   3.3535539e-04
   4.2366864e-04
   4.8230822e-04
   4.9641311e-04
   4.6742412e-04
   4.1081445e-04
   3.4740290e-04
   2.9287368e-04
   2.5356925e-04
   2.3065897e-04
   2.1403622e-04
   1.9232608e-04
   1.4618571e-04
   6.5810716e-05
  -3.6938450e-05
  -1.4440309e-04
  -2.4425061e-04
  -3.2616205e-04
  -3.7704361e-04
  -3.9646008e-04
  -3.9452250e-04
  -3.8515111e-04
  -3.8014945e-04
  -3.8172216e-04
  -3.8300362e-04
  -3.8072424e-04
  -3.7727440e-04
  -3.7066157e-04
  -3.5312113e-04
  -3.2808974e-04
  -3.0505307e-04
  -2.8738844e-04
  -2.7526949e-04
  -2.6672018e-04
  -2.5903909e-04
  -2.4806533e-04
  -2.3273943e-04
  -2.1660134e-04
  -2.0445602e-04
  -1.9820366e-04
  -1.9864767e-04
  -2.0456812e-04
  -2.1403622e-04
  -2.2480556e-04
  -2.3466162e-04
  -2.4272846e-04
  -2.4771144e-04
  -2.4897532e-04
  -2.4697949e-04
  -2.4123819e-04
  -2.3157116e-04
  -2.2083369e-04
  -2.1064243e-04
  -2.0087869e-04
  -1.9150730e-04
  -1.8208976e-04
  -1.7246120e-04
  -1.6277439e-04
  -1.5258423e-04
  -1.4161816e-04
  -1.3025315e-04
  -1.1929477e-04
  -1.0881479e-04
  -9.8869718e-05
  -8.9918818e-05
  -8.2122225e-05
  -7.5224634e-05
  -6.9022287e-05
  -6.3319226e-05
  -5.7794977e-05
  -5.2348759e-05
  -4.7133775e-05
  -4.2159368e-05
  -3.7288380e-05
  -3.2418490e-05
  -2.7446281e-05
  -2.2323835e-05
  -1.7050494e-05
  -1.1673294e-05
  -6.2780704e-06
  -9.4875311e-07
   4.2701627e-06
   9.3852778e-06
   1.4451409e-05
   1.9478350e-05
   2.4468693e-05
   2.9456947e-05
   3.4471029e-05
   3.9502146e-05
   4.4520184e-05
   4.9498437e-05
   5.4420201e-05
   5.9275694e-05
   6.4058540e-05
   6.8765555e-05
   7.3394648e-05
   7.7944721e-05
   8.2414676e-05
