   2.4180323e-07
   3.0922558e-07
   5.3341731e-07
   6.9054654e-07
   5.0757759e-07
  -3.9071046e-07
  -1.3160905e-06
  -1.1383726e-06
  -1.6943588e-06
  -4.6318121e-06
  -6.4961849e-06
  -6.5245912e-06
  -3.6664833e-06
  -1.9822585e-06
  -6.1736537e-06
  -7.4928361e-06
  -3.0892776e-06
   2.3834835e-06
   1.3215815e-05
   1.9700873e-05
   5.6047725e-06
  -1.2432082e-05
  -1.8603295e-05
  -1.4704587e-05
  -1.3875871e-05
  -1.0226926e-05
   7.6504928e-06
   2.1069898e-05
   1.1882776e-05
  -1.4705208e-05
  -4.0842227e-05
  -2.9966133e-05
  -9.6548083e-06
   7.2908690e-07
  -2.1897890e-05
  -9.0039344e-05
  -1.4863940e-04
  -8.7658570e-05
   1.1302757e-05
   3.6178813e-05
   3.2115582e-05
   3.7229133e-05
   4.5245465e-05
   9.8962155e-05
   9.8583783e-05
  -3.8058986e-05
  -1.6063375e-04
  -1.7379352e-04
  -8.6535036e-05
  -2.3020493e-05
  -7.7187941e-05
  -1.0322403e-04
  -4.3382767e-05
   9.9859637e-06
  -1.9202134e-05
  -1.0860686e-04
  -8.8477462e-05
  -2.5873431e-05
   5.9158460e-05
   1.3169074e-04
  -2.7417216e-05
  -2.4332127e-04
  -1.3656542e-04
   6.0220775e-05
  -5.5597070e-05
  -1.2561549e-04
   3.6964097e-05
   9.9421185e-05
  -4.5530665e-05
  -1.3253352e-04
  -6.0208987e-05
  -2.8906402e-05
  -1.6335857e-04
  -2.4257776e-04
  -2.8867831e-04
  -3.8812628e-04
  -3.8299204e-04
  -1.5222043e-04
  -9.9980625e-05
  -1.4203366e-04
   1.8064226e-04
   3.9086660e-04
   5.6671899e-05
  -1.2101692e-04
  -2.2471291e-05
  -2.1502973e-04
  -1.8302169e-04
   1.1768199e-04
   2.7169967e-04
   1.2899281e-04
  -2.0760914e-04
  -4.5186522e-04
  -3.7152094e-04
  -3.0917595e-04
  -3.1398961e-04
  -2.0088345e-04
  -1.1074121e-04
  -6.7934637e-05
   1.1088702e-04
   4.6365689e-04
   3.6692960e-04
  -1.0773719e-04
  -3.9302991e-04
  -2.7863734e-05
   3.0130759e-04
  -3.7275977e-05
  -4.7224290e-04
  -1.1630666e-04
   2.5623492e-04
   2.2204497e-05
   1.4817096e-04
   3.9186243e-04
   2.6936057e-04
   1.4728578e-04
   1.0020171e-04
   8.5490404e-05
   8.8385842e-05
  -1.7483588e-04
  -8.0726063e-05
   3.7472247e-04
   4.0710277e-05
  -7.3333285e-04
  -6.8048283e-04
  -2.6465755e-04
  -7.1853096e-04
  -1.3671433e-03
  -1.3387370e-03
  -5.5517446e-04
   1.8088321e-04
   3.4608451e-04
   3.8432395e-04
   3.7478141e-04
  -5.8357664e-05
  -8.7902407e-05
   2.0042018e-04
  -1.7849550e-04
  -4.4604952e-04
  -4.3340163e-04
  -3.4022642e-04
  -5.4643644e-04
  -8.2911499e-04
  -4.9147998e-04
   1.2450385e-04
   2.2138522e-04
  -3.1945268e-04
  -3.9388923e-04
   2.4739763e-04
   7.5105604e-04
   1.2906003e-03
   1.6161613e-03
   6.7696694e-04
  -6.6396849e-04
  -5.0192838e-04
   3.8860816e-04
   1.8833482e-04
  -5.5193364e-04
  -1.1372558e-03
  -9.4126049e-04
   1.1554040e-04
   8.8777140e-04
   7.2380996e-04
   4.5428291e-04
   4.0402327e-04
  -2.5335603e-04
  -1.0828836e-03
  -1.1536874e-03
  -9.3030746e-04
  -8.6316431e-04
  -4.2199463e-04
   2.0849845e-05
  -7.4582150e-05
   1.6555703e-04
   4.2008261e-04
   3.3326082e-04
  -1.9847403e-04
  -5.2889008e-04
  -6.5957983e-04
  -5.9259386e-04
  -1.2754923e-04
   3.7375663e-04
   7.7572310e-04
   8.2720090e-04
   4.2967789e-04
   5.1816559e-04
   5.6221141e-04
  -3.3998444e-04
  -1.0870096e-03
  -4.4395343e-04
   1.2262182e-04
  -2.5808180e-04
  -3.2635107e-04
  -2.7286301e-04
   7.2690498e-05
   1.2893904e-03
   1.8037444e-03
   1.8928722e-04
  -1.1306170e-03
  -4.9848695e-04
  -1.2742721e-04
  -1.0867304e-03
  -1.5908262e-03
  -7.7665895e-04
  -8.5520599e-05
   5.6660110e-04
   1.3867909e-03
   8.3573830e-04
  -1.1835518e-04
  -2.8803718e-04
  -2.9376601e-04
  -3.8790498e-04
  -6.6846779e-04
  -3.8036650e-04
  -3.4210535e-05
   3.4361098e-04
   5.2881149e-04
   2.7649368e-04
   2.7581532e-04
   1.2488336e-04
  -5.9378203e-04
  -1.0288072e-03
  -5.6420719e-04
  -1.7872817e-04
   9.7012490e-05
   7.3126882e-04
   1.1813389e-03
   9.9650648e-04
   7.2516048e-04
   6.6445141e-04
   6.9845833e-04
   2.4619396e-04
  -8.4309478e-04
  -1.8851269e-03
  -2.0805793e-03
  -2.0809723e-03
  -1.5904436e-03
  -2.3770515e-04
   6.3503789e-04
   3.7073400e-04
   5.2395543e-04
   9.8036545e-04
   8.6613627e-04
   6.7749949e-04
   1.0634738e-03
   1.2017931e-03
   5.7198455e-04
  -2.8644882e-04
  -5.1525877e-04
  -5.9990588e-04
  -2.7697247e-04
   3.8438082e-04
   9.5111945e-04
   1.6718882e-03
   1.9744718e-03
   1.5317593e-03
   3.4108988e-04
  -4.3233755e-04
  -7.2403953e-04
  -1.4720202e-03
  -2.8471156e-03
  -3.5399320e-03
  -2.8913124e-03
  -2.3234652e-03
  -2.6020478e-03
  -1.8215823e-03
  -9.5569838e-04
  -7.8389548e-04
   3.2510913e-04
   2.2800647e-03
   3.0284011e-03
   2.4981636e-03
   2.6884145e-03
   3.0476350e-03
   3.1307134e-03
   3.7058613e-03
   3.1577444e-03
  -2.0081106e-04
  -3.4319218e-03
  -4.3707470e-03
  -4.7635029e-03
  -4.5875533e-03
  -3.2325398e-03
  -1.1671099e-03
   6.7949528e-04
   1.6107427e-03
   1.2239949e-03
  -2.3866995e-04
  -1.7170156e-03
  -2.8989233e-03
  -2.9692100e-03
  -2.6933678e-03
  -3.8676439e-03
  -5.5488078e-03
  -5.5211770e-03
  -4.0341109e-03
  -2.5154121e-03
  -1.5177578e-03
  -1.9922684e-03
  -2.8893166e-03
  -1.9615664e-03
   1.0855929e-04
   1.6627986e-03
   3.3876422e-03
   5.8988663e-03
   6.8903471e-03
   4.4184286e-03
  -5.9186483e-04
  -4.8526824e-03
  -6.3307106e-03
  -4.7842156e-03
  -1.3716105e-03
   9.6214073e-04
   3.4559125e-04
  -2.4750414e-03
  -4.1753256e-03
  -4.2977923e-03
  -5.1064779e-03
  -5.6827011e-03
  -4.7852290e-03
  -3.2978009e-03
  -2.3661316e-03
  -2.0646958e-03
  -1.9726622e-03
  -1.8992111e-03
  -5.1404682e-04
   2.8648708e-03
   6.3849483e-03
   5.6787406e-03
   1.8306409e-03
  -3.1160811e-04
   5.8096144e-04
   2.6082523e-03
   3.9235258e-03
   3.3079350e-03
   6.6015065e-04
  -2.0213055e-03
  -2.9512893e-03
  -2.8246449e-03
  -2.2638192e-03
  -4.2360574e-04
   1.9186829e-03
   3.1250053e-03
   7.5735155e-04
  -4.3133139e-03
  -8.3531536e-03
  -8.6672983e-03
  -6.9235930e-03
  -5.7501855e-03
  -4.9635570e-03
  -3.9079629e-03
  -1.6241548e-03
   2.8356786e-03
   8.3854791e-03
   1.1840068e-02
   1.0523988e-02
   7.4721544e-03
   6.1758770e-03
   5.3115783e-03
   4.3018355e-03
   3.6102808e-03
   3.5484011e-03
   3.5703754e-03
   1.8598538e-03
  -1.7279046e-03
  -4.0790316e-03
  -4.7370613e-03
  -5.6753591e-03
  -6.0728718e-03
  -2.9519925e-03
   3.0342333e-03
   8.8929874e-03
   1.2072013e-02
   1.1765614e-02
   8.9851451e-03
   3.7873058e-03
  -2.6710419e-03
  -6.8901403e-03
  -7.7059094e-03
  -6.5091833e-03
  -4.2627781e-03
  -2.8427000e-03
  -2.5865882e-03
  -8.2437888e-04
   5.8709977e-03
   1.6917323e-02
   2.7358584e-02
   3.0953167e-02
   2.4989391e-02
   1.1772852e-02
  -2.5564032e-03
  -1.2468585e-02
  -1.6945760e-02
  -1.6163268e-02
  -1.1167189e-02
  -6.1159725e-03
  -2.9994570e-03
  -6.1937874e-04
   2.6672985e-03
   5.7901943e-03
   8.1512588e-03
   8.9879061e-03
   6.4668996e-03
   1.0865133e-03
  -3.8698672e-03
  -6.2459983e-03
  -6.5567926e-03
  -5.9632691e-03
  -4.0485157e-03
  -1.4770148e-03
   1.1767992e-03
   4.7279820e-03
   1.0228715e-02
   1.7748210e-02
   2.4718564e-02
   2.7787109e-02
   2.3425234e-02
   1.1598299e-02
  -1.7729493e-03
  -1.0904324e-02
  -1.7670447e-02
  -2.3474353e-02
  -2.4449909e-02
  -1.8464728e-02
  -9.2431390e-03
  -1.4074312e-03
   2.1015092e-03
   2.2895782e-03
   2.7228289e-03
   5.2801318e-03
   1.1100077e-02
   1.7181842e-02
   1.8759442e-02
   1.6295527e-02
   1.4500666e-02
   1.4593009e-02
   1.6523957e-02
   1.9043091e-02
   1.8532357e-02
   1.1452183e-02
  -1.6703267e-03
  -1.6960754e-02
  -2.9532748e-02
  -3.5073996e-02
  -3.2366968e-02
  -2.3161956e-02
  -9.1850958e-03
   9.0577482e-03
   2.8664013e-02
   4.4577135e-02
   5.3060460e-02
   5.5506588e-02
   5.4107367e-02
   4.8628474e-02
   3.8042855e-02
   2.2280295e-02
   4.1112847e-03
  -1.3228534e-02
  -3.0047205e-02
  -4.5679780e-02
  -5.7923762e-02
  -6.4764339e-02
  -6.4319785e-02
  -5.6058376e-02
  -4.2313833e-02
  -2.8058763e-02
  -1.8413437e-02
  -1.3348902e-02
  -7.7885224e-03
   4.5703151e-03
   2.4862716e-02
   4.8464882e-02
   7.0993771e-02
   9.0605713e-02
   1.0577036e-01
   1.1287453e-01
   1.0959648e-01
   9.7612570e-02
   8.0709311e-02
   6.3300074e-02
   5.0115592e-02
   4.2029150e-02
   3.6763278e-02
   3.5982544e-02
   4.3877473e-02
   5.6237066e-02
   6.0888898e-02
   4.8951729e-02
   2.3802985e-02
  -2.5118755e-03
  -1.9820310e-02
  -2.5568686e-02
  -2.3480558e-02
  -1.9219713e-02
  -1.7779543e-02
  -2.2767659e-02
  -3.0467974e-02
  -3.2902314e-02
  -2.4460146e-02
  -3.7946995e-03
   2.2724952e-02
   4.2427376e-02
   4.8766318e-02
   4.5189107e-02
   3.8669821e-02
   3.0655040e-02
   1.6162234e-02
  -9.4725404e-03
  -4.5750408e-02
  -8.5242740e-02
  -1.1588682e-01
  -1.2661855e-01
  -1.1437292e-01
  -8.7386399e-02
  -6.1875518e-02
  -5.0820218e-02
  -5.4393395e-02
  -6.3799744e-02
  -6.9654114e-02
  -6.7046771e-02
  -5.9792457e-02
  -5.5743704e-02
  -5.3892485e-02
  -4.4619946e-02
  -2.3478179e-02
   4.8137697e-03
   2.9154790e-02
   4.2428927e-02
   4.6378408e-02
   4.5840581e-02
   4.4057094e-02
   4.3745627e-02
   4.5906762e-02
   4.7591494e-02
   4.1885308e-02
   2.3907635e-02
  -3.1922105e-03
  -2.8571669e-02
  -4.3284943e-02
  -4.9778997e-02
  -5.6911186e-02
  -6.7834124e-02
  -7.6424166e-02
  -7.3974211e-02
  -5.6031076e-02
  -2.6902449e-02
   2.5404680e-03
   2.3892020e-02
   3.3568782e-02
   2.9405659e-02
   9.9176003e-03
  -2.0301470e-02
  -5.2674022e-02
  -7.9268003e-02
  -9.2428598e-02
  -8.8851697e-02
  -7.2811279e-02
  -5.3787008e-02
  -3.9277035e-02
  -3.1617567e-02
  -2.7172759e-02
  -2.0947359e-02
  -1.3707109e-02
  -1.1738934e-02
  -1.8659136e-02
  -3.1911144e-02
  -4.6364241e-02
  -5.8928583e-02
  -7.1533150e-02
  -8.6007860e-02
  -9.7840276e-02
  -9.9907619e-02
  -8.8872586e-02
  -7.0301554e-02
  -5.5016432e-02
  -4.7987031e-02
  -4.7528001e-02
  -5.0791780e-02
  -5.5122219e-02
  -5.6461979e-02
  -5.0763033e-02
  -3.6194531e-02
  -1.6152720e-02
   1.7408203e-03
   9.0386900e-03
   2.9519511e-03
  -1.6617128e-02
  -4.8311113e-02
  -8.5189278e-02
  -1.1956403e-01
  -1.4653297e-01
  -1.6063479e-01
  -1.5702066e-01
  -1.3537312e-01
  -9.8668268e-02
  -5.2156979e-02
  -2.0778597e-03
   4.8294671e-02
   9.5659183e-02
   1.3564198e-01
   1.6761900e-01
   1.9059223e-01
   2.0235598e-01
   2.0492775e-01
   2.0122159e-01
   1.9075562e-01
   1.7630221e-01
   1.6590035e-01
   1.6451881e-01
   1.7078847e-01
   1.7721737e-01
   1.6949483e-01
   1.3563164e-01
   7.9086108e-02
   1.5812816e-02
  -3.9198962e-02
  -7.7708603e-02
  -9.7032862e-02
  -9.8360007e-02
  -8.7071003e-02
  -7.0569693e-02
  -5.7519538e-02
  -5.1797945e-02
  -4.8530133e-02
  -4.0833747e-02
  -2.7281855e-02
  -7.5936491e-03
   1.7113902e-02
   4.3029937e-02
   6.5741446e-02
   8.2996707e-02
   9.6505168e-02
   1.0910529e-01
   1.2255874e-01
   1.3475474e-01
   1.4039257e-01
   1.3392643e-01
   1.1454251e-01
   9.0598991e-02
   7.1461074e-02
   5.9600945e-02
   5.4022986e-02
   5.1187525e-02
   4.4507335e-02
   2.9007536e-02
   5.0460356e-03
  -2.4611847e-02
  -5.3902308e-02
  -7.3607524e-02
  -7.9436973e-02
  -7.2904347e-02
  -5.7889741e-02
  -3.9912067e-02
  -2.2314006e-02
  -4.0992376e-03
   1.7081742e-02
   4.3106666e-02
   7.0845586e-02
   9.2110100e-02
   1.0076674e-01
   9.2384442e-02
   6.3930246e-02
   2.1420350e-02
  -2.0628241e-02
  -4.9662249e-02
  -6.1679352e-02
  -5.9344595e-02
  -4.8585560e-02
  -3.4092443e-02
  -1.5374985e-02
   7.3251903e-03
   2.8723679e-02
   4.5478237e-02
   5.9416154e-02
   7.4880276e-02
   9.5921737e-02
   1.2119995e-01
   1.4238215e-01
   1.5217080e-01
   1.5164445e-01
   1.4215155e-01
   1.2160531e-01
   9.5318142e-02
   7.3104856e-02
   5.9811484e-02
   5.6060651e-02
   5.8889184e-02
   6.3262744e-02
   6.6100273e-02
   6.8485597e-02
   7.4630855e-02
   8.2456605e-02
   8.5378309e-02
   8.2230864e-02
   7.7508404e-02
   7.7343674e-02
   8.5510155e-02
   9.8999692e-02
   1.0917044e-01
   1.1291693e-01
   1.1494167e-01
   1.1611742e-01
   1.0935554e-01
   8.1242485e-02
   1.8825520e-02
  -7.8401647e-02
  -1.9547932e-01
  -3.1279628e-01
  -4.1287400e-01
  -4.8208842e-01
  -5.1609742e-01
  -5.1988527e-01
  -4.9906500e-01
  -4.5593227e-01
  -3.9623661e-01
  -3.3079970e-01
  -2.7025919e-01
  -2.1954662e-01
  -1.7352983e-01
  -1.1759203e-01
  -4.6220297e-02
   2.4856511e-02
   7.4572843e-02
   9.9520767e-02
   1.1059644e-01
   1.1461283e-01
   1.1057783e-01
   9.8778294e-02
   8.2080301e-02
   6.6733547e-02
   5.9956877e-02
   6.5735345e-02
   8.7937876e-02
   1.2594019e-01
   1.6921873e-01
   2.0047085e-01
   2.0667846e-01
   1.8769162e-01
   1.5404973e-01
   1.2004074e-01
   9.8220612e-02
   9.3082657e-02
   1.0085701e-01
   1.1403891e-01
   1.2448420e-01
   1.2694739e-01
   1.1898597e-01
   9.9326359e-02
   7.4076275e-02
   5.4317080e-02
   4.2479804e-02
   3.1613637e-02
   1.4703967e-02
  -1.1572137e-02
  -4.7521486e-02
  -9.1184800e-02
  -1.3789319e-01
  -1.8157294e-01
  -2.1591801e-01
  -2.3741974e-01
  -2.4695091e-01
  -2.4785676e-01
  -2.4626634e-01
  -2.4754964e-01
  -2.4841000e-01
  -2.4058508e-01
  -2.1878760e-01
  -1.7952235e-01
  -1.2481304e-01
  -6.6669020e-02
  -1.8827588e-02
   1.4479570e-02
   3.5135111e-02
   4.4588407e-02
   4.3026628e-02
   3.1670409e-02
   1.6725500e-02
   6.6088691e-03
   3.0730218e-03
   3.6340854e-03
   8.9368843e-03
   2.0731339e-02
   3.8806423e-02
   6.2101363e-02
   8.4184871e-02
   9.4324386e-02
   8.0143046e-02
   3.6052034e-02
  -2.8214703e-02
  -9.0345433e-02
  -1.3478369e-01
  -1.6414344e-01
  -1.9001625e-01
  -2.1709377e-01
  -2.4013629e-01
  -2.5155052e-01
  -2.4938411e-01
  -2.4010009e-01
  -2.3220382e-01
  -2.2954725e-01
  -2.3072921e-01
  -2.2852868e-01
  -2.1355099e-01
  -1.7727322e-01
  -1.1667479e-01
  -4.5282485e-02
   1.3920647e-02
   5.3341421e-02
   8.4701397e-02
   1.1809873e-01
   1.5561223e-01
   1.9805419e-01
   2.4192112e-01
   2.7951528e-01
   3.0252368e-01
   3.0526814e-01
   2.8910435e-01
   2.6378478e-01
   2.4282491e-01
   2.3410136e-01
   2.3710331e-01
   2.4548561e-01
   2.5414090e-01
   2.6067322e-01
   2.6325843e-01
   2.6383752e-01
   2.6553135e-01
   2.6704421e-01
   2.6564923e-01
   2.6014583e-01
   2.4821456e-01
   2.2326105e-01
   1.8065467e-01
   1.2353698e-01
   6.1522482e-02
   3.3967318e-04
  -5.9749646e-02
  -1.1477621e-01
  -1.5877860e-01
  -1.9214336e-01
  -2.2022704e-01
  -2.4503061e-01
  -2.6328738e-01
  -2.6828305e-01
  -2.5667751e-01
  -2.3313243e-01
  -2.0835678e-01
  -1.9126749e-01
  -1.8407439e-01
  -1.8748481e-01
  -2.0336732e-01
  -2.2932286e-01
  -2.5247189e-01
  -2.5895870e-01
  -2.4273494e-01
  -2.1180856e-01
  -1.7840450e-01
  -1.4929708e-01
  -1.2701771e-01
  -1.0698024e-01
  -8.4741623e-02
  -5.8737897e-02
  -3.1635973e-02
  -9.7188078e-03
   8.3409928e-03
   2.8746843e-02
   5.1858956e-02
   7.9316605e-02
   1.1729938e-01
   1.6431199e-01
   2.0942499e-01
   2.4129032e-01
   2.5559276e-01
   2.5833308e-01
   2.5852232e-01
   2.5532286e-01
   2.4182391e-01
   2.1730369e-01
   1.8615187e-01
   1.5000439e-01
   1.0906082e-01
   6.7680045e-02
   3.0979536e-02
   9.9066184e-04
  -2.2018465e-02
  -3.6888092e-02
  -3.8795876e-02
  -2.3881472e-02
   3.6101153e-03
   3.3954496e-02
   5.7532981e-02
   6.8124081e-02
   6.6935711e-02
   5.9601462e-02
   4.7499667e-02
   2.8137767e-02
   5.7917764e-03
  -1.2440975e-02
  -2.2253305e-02
  -2.2913465e-02
  -1.5014503e-02
   7.8288207e-04
   2.4019730e-02
   5.1239746e-02
   7.3896655e-02
   8.4506058e-02
   8.1760976e-02
   7.0024730e-02
   5.0479383e-02
   2.0175622e-02
  -2.0341902e-02
  -6.4556074e-02
  -1.0408998e-01
  -1.3662643e-01
  -1.6359020e-01
  -1.8614670e-01
  -2.0617072e-01
  -2.1912574e-01
  -2.1494080e-01
  -1.9218783e-01
  -1.6105152e-01
  -1.2577991e-01
  -8.2041626e-02
  -3.2028822e-02
   1.4504078e-02
   4.9387079e-02
   6.6773256e-02
   6.6350108e-02
   5.2392854e-02
   2.6728929e-02
  -1.2857504e-02
  -6.7129912e-02
  -1.2975597e-01
  -1.8759752e-01
  -2.2977579e-01
  -2.5449249e-01
  -2.6340113e-01
  -2.5648103e-01
  -2.3725739e-01
  -2.1273717e-01
  -1.8754789e-01
  -1.6082713e-01
  -1.2598569e-01
  -7.8410850e-02
  -2.4517952e-02
   2.1499457e-02
   5.2911034e-02
   7.5941041e-02
   1.0392969e-01
   1.4454856e-01
   1.9092107e-01
   2.2968272e-01
   2.5819141e-01
   2.8298671e-01
   3.0805396e-01
   3.2976044e-01
   3.3736924e-01
   3.2379170e-01
   2.9631503e-01
   2.6690565e-01
   2.3811878e-01
   2.0723066e-01
   1.7572829e-01
   1.4399842e-01
   1.1045684e-01
   7.5458433e-02
   3.8613153e-02
  -3.6003225e-04
  -3.8427741e-02
  -7.3204748e-02
  -9.9385716e-02
  -1.1034102e-01
  -1.0653662e-01
  -9.6147271e-02
  -8.9327066e-02
  -9.3084311e-02
  -1.0580552e-01
  -1.1765717e-01
  -1.2020516e-01
  -1.1140199e-01
  -8.9903879e-02
  -5.7235475e-02
  -2.2344408e-02
   1.5422656e-03
   4.7254795e-03
  -1.0813428e-02
  -3.2515256e-02
  -5.3784112e-02
  -7.8713940e-02
  -1.0875990e-01
  -1.3579606e-01
  -1.4780179e-01
  -1.3288614e-01
  -8.9539571e-02
  -3.1789121e-02
   2.4369044e-02
   7.0602576e-02
   1.0567626e-01
   1.2908692e-01
   1.4112263e-01
   1.4261792e-01
   1.3560062e-01
   1.2121132e-01
   9.8636831e-02
   6.9164991e-02
   3.8372314e-02
   1.2876635e-02
  -4.0581327e-04
   9.7850616e-04
   1.4188992e-02
   3.6463290e-02
   6.5939266e-02
   1.0016666e-01
   1.3517147e-01
   1.6852899e-01
   1.9886698e-01
   2.2438717e-01
   2.4534497e-01
   2.6126678e-01
   2.6946914e-01
   2.6405984e-01
   2.3413032e-01
   1.7136652e-01
   7.6825391e-02
  -3.6348403e-02
  -1.4294055e-01
  -2.1949491e-01
  -2.5963603e-01
  -2.7461579e-01
  -2.7816373e-01
  -2.7448756e-01
  -2.5926996e-01
  -2.2818226e-01
  -1.8139508e-01
  -1.2605084e-01
  -7.6306383e-02
  -4.1128978e-02
  -1.5681591e-02
   9.7766132e-03
   4.1651295e-02
   7.7566209e-02
   1.0427404e-01
   1.1320647e-01
   1.0813428e-01
   9.8287828e-02
   8.9565423e-02
   8.2755248e-02
   7.6244752e-02
   6.8368125e-02
   5.5219733e-02
   3.2204927e-02
   2.1040220e-04
  -3.1743518e-02
  -5.4128876e-02
  -6.7340141e-02
  -7.8048300e-02
  -9.2643894e-02
  -1.1031724e-01
  -1.2573338e-01
  -1.3509185e-01
  -1.3681774e-01
  -1.3027611e-01
  -1.1540907e-01
  -9.2153945e-02
  -6.3398312e-02
  -3.4560780e-02
  -8.3993876e-03
   1.5417072e-02
   3.5147313e-02
   4.5256116e-02
   3.9092761e-02
   1.4512454e-02
  -2.0646544e-02
  -5.5788893e-02
  -8.5686156e-02
  -1.0909185e-01
  -1.2946643e-01
  -1.4964453e-01
  -1.6961892e-01
  -1.8828002e-01
  -2.0348107e-01
  -2.1128738e-01
  -2.0775908e-01
  -1.8914762e-01
  -1.5341584e-01
  -1.0668243e-01
  -5.9738375e-02
  -1.8818281e-02
   1.5152450e-02
   4.2773691e-02
   6.3902842e-02
   7.8996452e-02
   8.6789938e-02
   8.4318372e-02
   7.1498301e-02
   5.6043485e-02
   4.8994850e-02
   5.7232062e-02
   7.9307092e-02
   1.0566385e-01
   1.2532905e-01
   1.3415910e-01
   1.3838748e-01
   1.4655468e-01
   1.6169886e-01
   1.8047578e-01
   1.9638001e-01
   2.0432798e-01
   2.0327115e-01
   1.9828996e-01
   1.9399644e-01
   1.8750445e-01
   1.7664449e-01
   1.6222728e-01
   1.4529723e-01
   1.2785325e-01
   1.1353841e-01
   1.0539396e-01
   1.0289623e-01
   1.0191343e-01
   9.8904453e-02
   9.2684120e-02
   8.3567316e-02
   6.7563090e-02
   3.8838376e-02
   7.8356767e-04
  -3.8130028e-02
  -7.1739036e-02
  -9.7451253e-02
  -1.1925897e-01
  -1.4263240e-01
  -1.6806158e-01
  -1.9235948e-01
  -2.1415490e-01
  -2.3182845e-01
  -2.3707953e-01
  -2.1391912e-01
  -1.5797822e-01
  -9.2194274e-02
  -4.8284744e-02
  -3.9625832e-02
  -5.3370065e-02
  -6.4687609e-02
  -5.7308688e-02
  -3.3930712e-02
  -6.2595759e-03
   1.7489999e-02
   3.3902378e-02
   4.3457842e-02
   4.7526863e-02
   4.7636786e-02
   4.8716165e-02
   5.8985664e-02
   7.6134622e-02
   8.7516900e-02
   8.7439964e-02
   7.8625629e-02
   6.5317161e-02
   5.1065089e-02
   3.7058095e-02
   2.2169648e-02
   7.6283427e-03
  -5.3784733e-04
   2.3661109e-04
   5.6380183e-03
   8.3101874e-03
   7.1327057e-03
   9.1478274e-03
   2.1706068e-02
   4.6012239e-02
   7.9096138e-02
   1.1278973e-01
   1.3954772e-01
   1.5501350e-01
   1.5632575e-01
   1.4579773e-01
   1.3196064e-01
   1.2418432e-01
   1.2386065e-01
   1.2658443e-01
   1.2427118e-01
   1.1241436e-01
   9.8230126e-02
   9.2569751e-02
   9.7603884e-02
   1.0809706e-01
   1.1554661e-01
   1.1428709e-01
   1.0604233e-01
   9.6009324e-02
   8.6452930e-02
   7.4301292e-02
   5.5804715e-02
   3.0202525e-02
   3.4962625e-03
  -1.5851181e-02
  -2.6203097e-02
  -3.1373729e-02
  -3.8056608e-02
  -5.2555619e-02
  -7.3853844e-02
  -9.6442296e-02
  -1.1503784e-01
  -1.2637761e-01
  -1.3168557e-01
  -1.3607526e-01
  -1.4080931e-01
  -1.4070590e-01
  -1.3316018e-01
  -1.2093419e-01
  -1.0730598e-01
  -9.6735769e-02
  -9.2216817e-02
  -9.0623602e-02
  -8.5629385e-02
  -7.2927407e-02
  -5.3238529e-02
  -3.3552857e-02
  -2.0928229e-02
  -1.7948306e-02
  -2.4817837e-02
  -3.6513443e-02
  -4.6407569e-02
  -5.1154434e-02
  -5.2849506e-02
  -5.3643373e-02
  -5.6069854e-02
  -6.1983477e-02
  -6.9889058e-02
  -7.5925737e-02
  -7.6955582e-02
  -7.2744270e-02
  -6.4973327e-02
  -5.7394724e-02
  -5.2399266e-02
  -5.0369873e-02
  -5.0891259e-02
  -5.3427663e-02
  -5.7391208e-02
  -6.2048417e-02
  -6.5251289e-02
  -6.6071836e-02
  -6.4553902e-02
  -6.0560265e-02
  -5.4183476e-02
  -4.8306150e-02
  -4.5463967e-02
  -4.2468739e-02
  -3.4812373e-02
  -2.0580776e-02
   1.0485416e-03
   2.7118469e-02
   5.2541969e-02
   7.3975452e-02
   8.8490078e-02
   9.5927735e-02
   9.9708661e-02
   1.0439813e-01
   1.1122310e-01
   1.1625495e-01
   1.1074948e-01
   9.0388244e-02
   6.1812543e-02
   3.6613853e-02
   2.2759180e-02
   2.0083174e-02
   2.1208466e-02
   1.7890190e-02
   6.1698793e-03
  -1.1803461e-02
  -3.0064991e-02
  -4.8040390e-02
  -7.0378180e-02
  -9.5140590e-02
  -1.1398720e-01
  -1.1965916e-01
  -1.1050958e-01
  -9.1304961e-02
  -7.0798019e-02
  -5.3299954e-02
  -3.7864578e-02
  -2.1818162e-02
  -3.3122161e-03
   1.3831199e-02
   2.5487510e-02
   3.1124515e-02
   2.9621265e-02
   2.0977451e-02
   7.0700815e-03
  -9.3190408e-03
  -2.1452510e-02
  -2.1683731e-02
  -8.9180330e-03
   8.7735920e-03
   2.0115645e-02
   2.2441716e-02
   2.1065452e-02
   2.1947630e-02
   2.3935555e-02
   2.0034986e-02
   2.5069636e-03
  -2.5244707e-02
  -4.6964114e-02
  -5.0124278e-02
  -3.6017599e-02
  -1.7674687e-02
  -7.6718259e-03
  -7.8723350e-03
  -1.1361804e-02
  -1.1206898e-02
  -3.9140536e-03
   6.1079583e-03
   1.0501548e-02
   6.5021826e-03
  -3.4346621e-03
  -1.5674352e-02
  -2.6400297e-02
  -3.4075070e-02
  -4.0964973e-02
  -4.9959755e-02
  -5.9813346e-02
  -6.6965906e-02
  -6.8382085e-02
  -6.4528154e-02
  -5.6898570e-02
  -4.5069670e-02
  -3.0916043e-02
  -1.9163562e-02
  -1.2030236e-02
  -7.8529149e-03
  -3.6224209e-03
  -1.2268386e-03
  -3.6811570e-03
  -7.9708213e-03
  -8.4924552e-03
  -1.8313234e-03
   9.7906871e-03
   2.2821845e-02
   3.4638129e-02
   4.3371599e-02
   4.6469408e-02
   4.2850834e-02
   3.6380873e-02
   2.9994156e-02
   2.2074512e-02
   1.1469349e-02
  -1.7877678e-03
  -1.6391490e-02
  -2.8543749e-02
  -3.5614616e-02
  -3.7675134e-02
  -4.0404602e-02
  -4.8098712e-02
  -5.7276425e-02
  -6.2828738e-02
  -6.4082049e-02
  -6.4542114e-02
  -6.6287546e-02
  -6.7147801e-02
  -6.4586166e-02
  -6.0610315e-02
  -5.8122617e-02
  -5.7608366e-02
  -5.8773160e-02
  -5.7438776e-02
  -4.8621236e-02
  -3.3185136e-02
  -1.6638844e-02
  -3.0312655e-03
   6.3632429e-03
   1.3665435e-02
   1.9981731e-02
   2.5406024e-02
   3.1288624e-02
   3.8331468e-02
   4.1798549e-02
   3.6801849e-02
   2.6166387e-02
   1.5956554e-02
   1.1513504e-02
   1.4652780e-02
   1.9898073e-02
   2.2798061e-02
   2.4779782e-02
   2.8525756e-02
   3.4549508e-02
   4.1438687e-02
   4.6678707e-02
   4.8486287e-02
   4.5854541e-02
   3.8263529e-02
   2.7620207e-02
   1.7785127e-02
   1.0825320e-02
   7.2808901e-03
   7.4517519e-03
   9.1768024e-03
   1.0506925e-02
   1.0977848e-02
   1.0285683e-02
   1.0435574e-02
   1.3432973e-02
   1.8944853e-02
   2.4741211e-02
   2.8821194e-02
   3.0092395e-02
   2.8864108e-02
   2.6885283e-02
   2.4812769e-02
   2.4620947e-02
   2.9689101e-02
   3.7898600e-02
   4.4806185e-02
   4.8727850e-02
   5.1117414e-02
   5.3760639e-02
   5.7184081e-02
   6.0791797e-02
   6.3894880e-02
   6.5898420e-02
   6.4314098e-02
   5.6089192e-02
   4.1795757e-02
   2.3248819e-02
   4.0290542e-03
  -1.1796016e-02
  -2.4645765e-02
  -3.5804681e-02
  -4.3771893e-02
  -4.7121295e-02
  -4.6619040e-02
  -4.4546526e-02
  -4.0018268e-02
  -3.2001626e-02
  -2.2782343e-02
  -1.6081058e-02
  -1.4766839e-02
  -1.9792700e-02
  -3.0893087e-02
  -4.5893422e-02
  -6.0965110e-02
  -7.4661464e-02
  -8.5304682e-02
  -8.9008465e-02
  -8.4833966e-02
  -7.6804295e-02
  -6.9625056e-02
  -6.5211787e-02
  -6.2360918e-02
  -6.0324701e-02
  -6.0701935e-02
  -6.5500090e-02
  -7.3560474e-02
  -8.3538051e-02
  -9.3007375e-02
  -9.7288695e-02
  -9.5622990e-02
  -9.1844650e-02
  -8.6610628e-02
  -7.9111029e-02
  -7.1883601e-02
  -6.6236049e-02
  -6.0467405e-02
  -5.3188583e-02
  -4.5157671e-02
  -3.7536670e-02
  -3.0698472e-02
  -2.4328404e-02
  -1.9584642e-02
  -1.6522923e-02
  -1.1556108e-02
  -3.7443809e-03
   5.5724160e-03
   1.5893268e-02
   2.6166904e-02
   3.5872310e-02
   4.5467069e-02
   5.4453993e-02
   5.9655234e-02
   5.9121750e-02
   5.4618205e-02
   4.8897957e-02
   4.3825976e-02
   3.7538325e-02
   2.7590322e-02
   1.6035868e-02
   7.4074828e-03
   4.1382019e-03
   5.8784017e-03
   1.1680302e-02
   2.0591841e-02
   3.0128071e-02
   3.7925279e-02
   4.4083980e-02
   4.8306357e-02
   4.9335995e-02
   4.7747330e-02
   4.4841965e-02
   4.0756191e-02
   3.7220757e-02
   3.6212007e-02
   3.7906252e-02
   4.1344172e-02
   4.5404093e-02
   4.8347720e-02
   4.8980270e-02
   4.4403306e-02
   3.2840372e-02
   1.8146229e-02
   5.3407188e-03
  -4.4737832e-03
  -1.2165184e-02
  -1.7559593e-02
  -1.9979042e-02
  -1.8393583e-02
  -1.2629385e-02
  -3.2220232e-03
   9.0964437e-03
   2.1219841e-02
   2.8938459e-02
   3.1008904e-02
   2.8137560e-02
   2.1907094e-02
   1.5194950e-02
   9.4490564e-03
   4.7024608e-03
   1.3979694e-04
  -3.7646387e-03
  -4.7827162e-03
  -2.7499426e-03
  -1.2980043e-03
  -2.1621376e-03
  -2.2410279e-03
   4.0765291e-04
   4.9023701e-03
   9.0021248e-03
   9.8399819e-03
   7.0018525e-03
   1.5771556e-03
  -4.8114017e-03
  -1.0086177e-02
  -1.3646615e-02
  -1.5648914e-02
  -1.3867702e-02
  -6.3214659e-03
   4.9769690e-03
   1.5936907e-02
   2.7450204e-02
   4.2561910e-02
   6.0842054e-02
   7.9419083e-02
   9.4542268e-02
   1.0619020e-01
   1.1631596e-01
   1.2460105e-01
   1.3192651e-01
   1.3814550e-01
   1.4202642e-01
   1.4237491e-01
   1.3697388e-01
   1.2254323e-01
   9.8453074e-02
   6.8405456e-02
   3.8210790e-02
   1.1324680e-02
  -1.1286522e-02
  -2.9912050e-02
  -4.4664516e-02
  -5.6894537e-02
  -6.8647742e-02
  -7.8004041e-02
  -8.0810134e-02
  -7.5033631e-02
  -6.0592529e-02
  -4.2013535e-02
  -2.4688576e-02
  -1.2578301e-02
  -6.8775348e-03
  -2.9568527e-03
   3.3810551e-03
   8.9510099e-03
   7.2700322e-03
  -3.5319075e-03
  -1.9075252e-02
  -3.3441693e-02
  -4.3805294e-02
  -5.0675756e-02
  -5.3367997e-02
  -5.2804110e-02
  -4.8636954e-02
  -3.9504844e-02
  -2.6317984e-02
  -1.0972471e-02
   2.9194395e-03
   1.3713417e-02
   2.3688719e-02
   3.2874601e-02
   3.8543352e-02
   3.8257841e-02
   3.0117936e-02
   1.5369711e-02
  -2.3426785e-03
  -1.7627326e-02
  -2.7592804e-02
  -3.5373467e-02
  -4.5099762e-02
  -5.5635849e-02
  -6.1343999e-02
  -5.7730181e-02
  -4.5094385e-02
  -2.8677249e-02
  -1.5301978e-02
  -9.4296362e-03
  -1.0602578e-02
  -1.4262516e-02
  -1.4718134e-02
  -1.0199275e-02
  -1.4507594e-03
   1.1211034e-02
   2.6503706e-02
   4.0540791e-02
   5.1102833e-02
   6.0484260e-02
   7.1052300e-02
   8.2148447e-02
   9.2524768e-02
   9.8560723e-02
   9.7466764e-02
   8.9846487e-02
   7.8411367e-02
   6.7410252e-02
   5.9588019e-02
   5.5666147e-02
   5.6349264e-02
   6.1162310e-02
   6.5542591e-02
   6.3551150e-02
   5.2924477e-02
   3.6657594e-02
   1.9865396e-02
   5.7832245e-03
  -4.4523053e-03
  -1.1344534e-02
  -1.6875649e-02
  -2.1743605e-02
  -2.4119105e-02
  -2.2623818e-02
  -1.7943962e-02
  -1.1130582e-02
  -3.6145309e-03
   2.5494128e-03
   7.5199705e-03
   1.0529572e-02
   8.9326756e-03
   2.8675698e-03
  -4.6571886e-03
  -1.1700673e-02
  -1.8469174e-02
  -2.5518739e-02
  -3.4101853e-02
  -4.3576244e-02
  -5.2112514e-02
  -5.9425874e-02
  -6.5679711e-02
  -6.9157236e-02
  -6.9953585e-02
  -6.7374059e-02
  -5.9545518e-02
  -4.8393220e-02
  -3.6793473e-02
  -2.5919551e-02
  -1.6053551e-02
  -6.4835380e-03
   3.3325358e-03
   1.2041198e-02
   1.7948719e-02
   1.8980633e-02
   1.6156443e-02
   1.1396239e-02
   5.3287338e-03
  -2.0862254e-03
  -1.1982875e-02
  -2.4029864e-02
  -3.6593998e-02
  -4.8052592e-02
  -5.7433709e-02
  -6.4517296e-02
  -6.6895898e-02
  -6.0495325e-02
  -4.5631282e-02
  -2.6942261e-02
  -9.5453504e-03
   4.2674419e-03
   1.4283611e-02
   2.1822816e-02
   2.6871013e-02
   2.6337942e-02
   1.9737169e-02
   1.1053957e-02
   3.7908113e-03
   2.8285124e-03
   1.0444570e-02
   2.3973920e-02
   3.9192034e-02
   5.2369691e-02
   5.8560965e-02
   5.6547188e-02
   4.9464946e-02
   4.0568504e-02
   3.2597776e-02
   2.6720346e-02
   2.1700794e-02
   1.6086125e-02
   9.5550501e-03
   1.4679045e-03
  -7.3543308e-03
  -1.5610446e-02
  -2.1734505e-02
  -2.3853035e-02
  -2.2731673e-02
  -2.2043489e-02
  -2.5160119e-02
  -3.2714214e-02
  -4.5277211e-02
  -6.1896510e-02
  -7.7859889e-02
  -8.8337654e-02
  -9.0681718e-02
  -8.6717242e-02
  -8.1218908e-02
  -7.6395211e-02
  -7.2470548e-02
  -6.8600174e-02
  -6.3264812e-02
  -5.7086256e-02
  -5.1759374e-02
  -4.7906889e-02
  -4.4725733e-02
  -4.0205437e-02
  -3.1621600e-02
  -1.8520672e-02
  -3.5209979e-03
   1.0562042e-02
   2.2549984e-02
   3.3493604e-02
   4.6227018e-02
   6.0512801e-02
   7.4305842e-02
   8.4698811e-02
   8.8115532e-02
   8.4368628e-02
   7.6049620e-02
   6.6374616e-02
   5.7362461e-02
   4.8979649e-02
   3.8095903e-02
   2.2700444e-02
   4.8264373e-03
  -1.2473755e-02
  -2.6900277e-02
  -3.6609613e-02
  -4.2346200e-02
  -4.5260252e-02
  -4.4448805e-02
  -3.9226055e-02
  -2.9140106e-02
  -1.4652780e-02
   1.9893523e-03
   1.8012005e-02
   3.0571590e-02
   3.8603226e-02
   4.0156525e-02
   3.4890446e-02
   2.6224916e-02
   1.6606373e-02
   4.1521104e-03
  -1.1630045e-02
  -2.6525214e-02
  -3.5133560e-02
  -3.5383808e-02
  -2.8118016e-02
  -1.5856248e-02
  -5.5849077e-04
   1.6834699e-02
   3.4860975e-02
   5.3121988e-02
   6.9236136e-02
   8.1449509e-02
   9.0706846e-02
   9.6662866e-02
   9.7661896e-02
   9.1114586e-02
   7.7532601e-02
   6.1795894e-02
   4.8098402e-02
   3.6920252e-02
   2.5942094e-02
   1.3750747e-02
   1.2810867e-03
  -8.7188578e-03
  -1.5232591e-02
  -2.0535483e-02
  -2.5458762e-02
  -2.9415276e-02
  -3.1699570e-02
  -3.0804569e-02
  -2.5569306e-02
  -1.4614932e-02
   2.3482109e-03
   2.2027358e-02
   4.0853395e-02
   5.5931080e-02
   6.6712555e-02
   7.4727439e-02
   8.0617588e-02
   8.2818431e-02
   7.9311848e-02
   7.0301865e-02
   5.8297687e-02
   4.4714979e-02
   2.9243928e-02
   1.2307888e-02
  -4.6874459e-03
  -2.2638916e-02
  -4.1392980e-02
  -5.6783270e-02
  -6.5733483e-02
  -6.8511139e-02
  -6.6392609e-02
  -5.9944675e-02
  -5.0853412e-02
  -4.1851287e-02
  -3.2984938e-02
  -2.3212833e-02
  -1.4028916e-02
  -4.7334834e-03
   5.1763820e-03
   1.5860798e-02
   2.6928818e-02
   3.4542270e-02
   3.5814505e-02
   3.1067330e-02
   2.1196160e-02
   7.7775405e-03
  -6.4159709e-03
  -1.9164286e-02
  -2.8069000e-02
  -3.3598047e-02
  -3.9669264e-02
  -4.7800069e-02
  -5.4082549e-02
  -5.4829262e-02
  -4.9608890e-02
  -4.1087718e-02
  -3.3007998e-02
  -2.6352109e-02
  -2.0733200e-02
  -1.6168645e-02
  -1.3268967e-02
  -1.2387099e-02
  -1.3166386e-02
  -1.4702829e-02
  -1.7426816e-02
  -2.0297644e-02
  -2.1525206e-02
  -2.1489323e-02
  -2.1028121e-02
  -2.0219260e-02
  -2.0869906e-02
  -2.2516687e-02
  -2.3515510e-02
  -2.4691678e-02
  -2.7020748e-02
  -2.9228416e-02
  -2.9797991e-02
  -2.8457713e-02
  -2.5153707e-02
  -2.0503116e-02
  -1.5249343e-02
  -8.8827810e-03
  -2.7138634e-03
   2.1701414e-03
   7.1807389e-03
   1.2852954e-02
   1.7870956e-02
   2.1605348e-02
   2.3783648e-02
   2.5956468e-02
   2.9830357e-02
   3.3481092e-02
   3.4979378e-02
   3.4481362e-02
   3.2335739e-02
   2.8428035e-02
   2.3273224e-02
   1.4399429e-02
  -6.7917781e-04
  -1.8483962e-02
  -3.4636475e-02
  -4.7775974e-02
  -5.6851416e-02
  -6.3583517e-02
  -6.9537055e-02
  -7.3312293e-02
  -7.4012369e-02
  -7.2279242e-02
  -6.9031905e-02
  -6.4324025e-02
  -5.8206481e-02
  -5.0475454e-02
  -4.1282230e-02
  -3.1897907e-02
  -2.2750804e-02
  -1.3163283e-02
  -2.3744043e-03
   1.0675895e-02
   2.4621671e-02
   3.5224869e-02
   4.1174582e-02
   4.2572148e-02
   3.9340838e-02
   3.2520013e-02
   2.4946684e-02
   1.8902042e-02
   1.4982756e-02
   1.2484613e-02
   8.8352234e-03
   3.5583387e-03
  -7.1914417e-04
   3.1099283e-04
   8.1348686e-03
   1.9765193e-02
   3.1321922e-02
   4.0997236e-02
   4.8795996e-02
   5.2015620e-02
   4.9540641e-02
   4.3751729e-02
   3.5987300e-02
   2.7434486e-02
   2.0190099e-02
   1.4191371e-02
   9.9182622e-03
   9.4902853e-03
   1.1678130e-02
   1.4624342e-02
   1.8501334e-02
   2.2912328e-02
   2.6618282e-02
   3.1179632e-02
   3.6362570e-02
   3.8961019e-02
   3.9228227e-02
   3.9993863e-02
   4.2810091e-02
   4.8081443e-02
   5.3935296e-02
   5.9972698e-02
   6.7528862e-02
   7.6246717e-02
   8.5877875e-02
   9.4618170e-02
   9.9534728e-02
   9.8906004e-02
   9.3588841e-02
   8.4057368e-02
   6.8169581e-02
   4.4651486e-02
   1.4597456e-02
  -1.8061951e-02
  -4.7406703e-02
  -7.0301761e-02
  -8.4571619e-02
  -8.8533303e-02
  -8.4249708e-02
  -7.5911363e-02
  -6.6281859e-02
  -5.5192640e-02
  -4.2392734e-02
  -2.7027366e-02
  -1.0524815e-02
   2.6953222e-03
   1.0981571e-02
   1.4999302e-02
   1.5675490e-02
   1.4881623e-02
   1.3055532e-02
   9.7757652e-03
   4.5560654e-03
  -3.4582082e-03
  -1.3566783e-02
  -2.3440849e-02
  -3.1845479e-02
  -3.8500748e-02
  -4.3051653e-02
  -4.7636786e-02
  -5.3573262e-02
  -5.7303931e-02
  -5.7152128e-02
  -5.4047804e-02
  -4.8467777e-02
  -4.2807092e-02
  -3.6795024e-02
  -2.8102194e-02
  -1.7662071e-02
  -7.8250153e-03
   4.6254835e-04
   7.0698643e-03
   1.2697221e-02
   1.6869651e-02
   1.8490063e-02
   1.7443465e-02
   1.4277200e-02
   8.9174642e-03
   3.0213383e-03
  -1.7171397e-03
  -6.8978856e-03
  -1.3496879e-02
  -2.0804656e-02
  -2.6908757e-02
  -2.9913188e-02
  -3.0011736e-02
  -2.8025672e-02
  -2.5301168e-02
  -2.3140861e-02
  -2.1509178e-02
  -1.8895424e-02
  -1.4361374e-02
  -8.7656398e-03
  -3.8267251e-03
   4.5957639e-04
   4.2904296e-03
   6.6322808e-03
   5.6865996e-03
   3.3276550e-03
   1.9048469e-03
   6.6483712e-04
   8.1892201e-05
  -9.1387895e-06
   3.1273010e-04
   5.7138788e-04
  -1.0906599e-03
  -4.8165307e-03
  -1.0472801e-02
  -1.8258324e-02
  -2.8382018e-02
  -3.9890351e-02
  -4.9773620e-02
  -5.4507972e-02
  -5.2575474e-02
  -4.5840374e-02
  -3.7063680e-02
  -2.7420836e-02
  -1.7416062e-02
  -6.8994264e-03
   2.2572734e-03
   8.5019585e-03
   1.2449661e-02
   1.3420977e-02
   1.1659103e-02
   8.0444585e-03
   3.1021313e-03
  -7.0663277e-04
  -1.5570840e-03
  -1.0210898e-04
   2.0984483e-03
   2.4302655e-03
   1.6343302e-03
   2.3811982e-03
   2.5480065e-03
   4.7995717e-04
  -2.4385175e-03
  -4.8117843e-03
  -5.8785879e-03
  -6.8503901e-03
  -9.7987323e-03
  -1.3031955e-02
  -1.3669054e-02
  -1.1421987e-02
  -6.0880315e-03
   1.6166060e-03
   9.3904548e-03
   1.6735117e-02
   2.3769274e-02
   2.9748561e-02
   3.3931436e-02
   3.4278681e-02
   3.0833110e-02
   2.6657681e-02
   2.1922915e-02
   1.5638573e-02
   7.9261488e-03
  -1.5608378e-03
  -1.0289220e-02
  -1.5817987e-02
  -1.8088631e-02
  -1.8585716e-02
  -1.8660894e-02
  -1.8827692e-02
  -1.8403510e-02
  -1.7370562e-02
  -1.6022632e-02
  -1.4280199e-02
  -1.3747852e-02
  -1.4548544e-02
  -1.4176066e-02
  -1.2262492e-02
  -9.6128865e-03
  -6.5873395e-03
  -3.3855327e-03
  -6.9036455e-04
   1.4988340e-04
   4.2265645e-05
   1.7768995e-03
   5.7844654e-03
   7.7695470e-03
   5.1945302e-03
  -3.2877806e-04
  -6.3392728e-03
  -1.0247225e-02
  -1.0437849e-02
  -7.7141200e-03
  -3.2057984e-03
   1.9863224e-03
   8.7831676e-03
   1.8288002e-02
   2.7709035e-02
   3.5473257e-02
   4.2003711e-02
   4.6507772e-02
   4.7844327e-02
   4.7045186e-02
   4.4015007e-02
   3.9115201e-02
   3.4555713e-02
   2.9404935e-02
   2.2973959e-02
   1.4582565e-02
   3.6004570e-03
  -7.5484492e-03
  -1.6563666e-02
  -2.4244747e-02
  -2.9766658e-02
  -3.1774334e-02
  -3.0153923e-02
  -2.4940065e-02
  -1.6480111e-02
  -5.9439317e-03
   5.9640137e-03
   1.9121372e-02
   3.1676923e-02
   4.2416828e-02
   5.0899739e-02
   5.6522577e-02
   5.9256594e-02
   6.0269067e-02
   5.7495754e-02
   5.1006043e-02
   4.4690161e-02
   4.0652472e-02
   3.7578447e-02
   3.3648717e-02
   2.7380093e-02
   1.9981937e-02
   1.3995101e-02
   9.1200208e-03
   5.0304726e-03
   3.8148538e-03
   4.7102785e-03
   6.2905260e-03
   9.4942872e-03
   1.1752067e-02
   1.1054680e-02
   8.0873420e-03
   3.5457849e-03
  -1.6131728e-03
  -6.9749663e-03
  -1.1862611e-02
  -1.5626371e-02
  -1.7714395e-02
  -1.8728523e-02
  -1.8466796e-02
  -1.5233832e-02
  -1.1263152e-02
  -9.2785461e-03
  -7.4185681e-03
  -6.0805137e-03
  -6.1232007e-03
  -5.7089876e-03
  -5.2498538e-03
  -5.4300224e-03
  -5.2743099e-03
  -4.5304614e-03
  -3.3480885e-03
  -1.7442948e-03
  -2.9467497e-04
   7.0940102e-04
   7.7818526e-04
  -4.5398819e-04
  -8.7041945e-04
   4.6898967e-04
   1.0199802e-03
   2.5059709e-04
  -2.7783282e-04
  -7.9411844e-04
  -1.6551153e-03
  -4.1176960e-03
  -8.5414192e-03
  -1.4287644e-02
  -2.0150183e-02
  -2.4516918e-02
  -2.6846298e-02
  -2.8426277e-02
  -3.0680892e-02
  -3.2364073e-02
  -3.2608220e-02
  -3.2268213e-02
  -3.0942206e-02
  -2.8314595e-02
  -2.5521531e-02
  -2.1950629e-02
  -1.7978397e-02
  -1.5759664e-02
  -1.6071648e-02
  -1.8916313e-02
  -2.4117037e-02
  -3.0793297e-02
  -3.6585415e-02
  -3.8418021e-02
  -3.5245965e-02
  -3.0390211e-02
  -2.5270042e-02
  -1.9799215e-02
  -1.4605522e-02
  -9.7487342e-03
  -5.2867086e-03
  -3.4942564e-03
  -4.1929257e-03
  -5.3310915e-03
  -7.8202689e-03
  -1.3031231e-02
  -2.1405976e-02
  -3.0727943e-02
  -3.8637661e-02
  -4.3736114e-02
  -4.6040366e-02
  -4.5486406e-02
  -4.3086502e-02
  -3.9194515e-02
  -3.2946780e-02
  -2.5471895e-02
  -1.8773505e-02
  -1.3233291e-02
  -9.1034031e-03
  -6.1249173e-03
  -2.5432290e-03
   4.4546009e-04
   1.3330392e-03
   1.2741480e-03
   1.0258507e-03
   7.7070262e-04
   7.3414151e-04
   8.7188682e-04
   1.4478846e-03
   3.9331635e-03
   8.0342728e-03
   1.1483929e-02
   1.4513178e-02
   1.7106767e-02
   1.8619117e-02
   1.9455485e-02
   1.8858714e-02
   1.6884232e-02
   1.3925921e-02
   1.0192388e-02
   7.0928727e-03
   3.9034336e-03
   5.3879558e-04
  -1.8005594e-03
  -4.1509729e-03
  -6.2206322e-03
  -6.6940364e-03
  -5.3261796e-03
  -3.0838280e-03
   4.3391867e-05
   4.5661580e-03
   1.0341058e-02
   1.6084057e-02
   1.9989693e-02
   2.1357891e-02
   2.1114157e-02
   1.9294374e-02
   1.7735181e-02
   1.6816189e-02
   1.5240243e-02
   1.4502010e-02
   1.5709615e-02
   1.9543692e-02
   2.5700428e-02
   3.1888600e-02
   3.6386457e-02
   3.8594126e-02
   3.8572410e-02
   3.6996464e-02
   3.4441136e-02
   3.0896396e-02
   2.6710833e-02
   2.4169982e-02
   2.2977372e-02
   2.1738538e-02
   2.1525930e-02
   2.2402317e-02
   2.4817319e-02
   2.7645232e-02
   2.9020048e-02
   2.9260059e-02
   2.7245351e-02
   2.2757836e-02
   1.6187465e-02
   8.6039710e-03
   3.3457411e-03
  -3.2144950e-04
  -3.0580069e-03
  -3.6648288e-03
  -2.2778207e-03
   5.7670308e-04
   3.6373014e-03
   4.3221036e-03
   2.9339787e-03
   2.2421551e-03
   2.6231638e-03
   3.3185964e-03
   4.3483383e-03
   5.2891490e-03
   6.3375666e-03
   8.2532920e-03
   1.0004081e-02
   1.1155090e-02
   1.1244849e-02
   9.3820063e-03
   7.1718148e-03
   3.8379656e-03
  -7.5018947e-04
  -5.8892183e-03
  -1.1341019e-02
  -1.5901231e-02
  -1.7720600e-02
  -1.7162711e-02
  -1.5988818e-02
  -1.4924537e-02
  -1.4875418e-02
  -1.5006126e-02
  -1.2303442e-02
  -6.9059308e-03
  -2.1123050e-03
   1.7050513e-03
   3.3870942e-03
   2.4104731e-03
   8.8264440e-04
   3.7956612e-04
   7.4900028e-05
  -7.8918999e-04
  -2.9793130e-03
  -5.4609002e-03
  -6.1207810e-03
  -5.1731247e-03
  -4.2530888e-03
  -2.3482419e-03
   1.5692139e-03
   5.1614395e-03
   6.9778824e-03
   5.7660484e-03
   1.8751997e-03
  -2.9074958e-03
  -7.0010976e-03
  -1.0585930e-02
  -1.4096752e-02
  -1.5866692e-02
  -1.4829505e-02
  -1.1575652e-02
  -6.3967369e-03
  -9.0600646e-04
   3.6704025e-03
   7.6074231e-03
   1.0472594e-02
   1.1885464e-02
   1.1085910e-02
   7.3521799e-03
   1.8868434e-03
  -4.0263139e-03
  -1.0512510e-02
  -1.7160539e-02
  -2.1393981e-02
  -2.2160134e-02
  -2.0878386e-02
  -1.7397552e-02
  -1.3542586e-02
  -1.1200486e-02
  -9.6044173e-03
  -8.2633950e-03
  -7.1072775e-03
  -6.0793038e-03
  -5.2951157e-03
  -4.6732789e-03
  -3.7952579e-03
  -3.4296778e-03
  -3.8299411e-03
  -3.9825204e-03
  -3.7511232e-03
  -5.0509268e-03
  -7.0462975e-03
  -8.7454131e-03
  -1.0674964e-02
  -1.2783671e-02
  -1.5686141e-02
  -1.7789987e-02
  -1.7068609e-02
  -1.3345799e-02
  -9.3252557e-03
  -6.8169167e-03
  -6.4954921e-03
  -8.6118093e-03
  -1.2512740e-02
  -1.5770626e-02
  -1.7059303e-02
  -1.6057171e-02
  -1.4118468e-02
  -1.1952576e-02
  -9.9055739e-03
  -1.0502582e-02
  -1.3210024e-02
  -1.5704341e-02
  -1.5659979e-02
  -1.3752091e-02
  -1.1901699e-02
  -1.0849001e-02
  -9.9124196e-03
  -7.2818931e-03
  -3.9882906e-03
  -1.4200161e-03
   2.5261459e-03
   6.9848005e-03
   8.3066508e-03
   6.8201844e-03
   4.3661556e-03
   1.1703465e-03
  -2.1974619e-03
  -3.5424861e-03
  -3.1988079e-03
  -2.0959458e-03
  -5.5509794e-04
   7.3823028e-04
   1.8605467e-03
   3.6309314e-03
   5.1793705e-03
   6.4435396e-03
   8.3032900e-03
   1.0299281e-02
   1.2338911e-02
   1.4757015e-02
   1.6966855e-02
   1.7792572e-02
   1.7279563e-02
   1.5802165e-02
   1.2330948e-02
   6.4569620e-03
  -9.1214996e-04
  -8.5103035e-03
  -1.4487119e-02
  -1.7704468e-02
  -1.9426737e-02
  -2.1185095e-02
  -2.1638645e-02
  -1.8217995e-02
  -1.1678441e-02
  -4.7447963e-03
   8.2194774e-04
   5.2306612e-03
   8.7381952e-03
   1.1469245e-02
   1.4114538e-02
   1.5701756e-02
   1.5323074e-02
   1.3630690e-02
   1.1976257e-02
   1.3050568e-02
   1.6050449e-02
   1.7732389e-02
   1.8226888e-02
   1.9335531e-02
   2.2082888e-02
   2.5268698e-02
   2.7887208e-02
   2.9590450e-02
   3.0360016e-02
   2.9153135e-02
   2.6381373e-02
   2.3619952e-02
   2.2062206e-02
   2.1402874e-02
   2.2055899e-02
   2.3420167e-02
   2.4340606e-02
   2.4733559e-02
   2.4113935e-02
   2.2508207e-02
   1.8638764e-02
   1.1788260e-02
   4.2575250e-03
  -9.8481408e-04
  -4.1879621e-03
  -6.2914877e-03
  -6.8529132e-03
  -6.4090736e-03
  -5.1105522e-03
  -3.7564590e-03
  -3.4495115e-03
  -2.8131252e-03
  -1.1809149e-03
   2.4816492e-05
  -2.5311095e-04
  -2.0481090e-03
  -3.9894384e-03
  -5.5327484e-03
  -7.1860541e-03
  -7.3997375e-03
  -6.6825374e-03
  -7.7027244e-03
  -9.6692545e-03
  -1.0741973e-02
  -1.0140011e-02
  -9.3006651e-03
  -9.9763054e-03
  -1.1809976e-02
  -1.2925754e-02
  -1.2675402e-02
  -1.1746794e-02
  -9.7560762e-03
  -6.7993580e-03
  -4.4856235e-03
  -2.2501486e-03
   7.1466761e-05
   2.1947837e-03
   3.9981868e-03
   4.5302339e-03
   4.5320849e-03
   3.7577827e-03
   2.1873796e-03
   1.2037165e-03
   8.2081852e-04
   4.7174757e-04
  -3.2168838e-04
  -1.9881631e-03
  -3.2222403e-03
  -2.9134625e-03
  -2.4666653e-03
  -2.6364828e-03
  -2.2958655e-03
  -1.3652509e-03
  -6.3137619e-04
   7.6071026e-04
   3.0812428e-03
   5.6120214e-03
   7.4290434e-03
   7.8921068e-03
   7.5343133e-03
   6.9018668e-03
   5.9794215e-03
   5.0803569e-03
   4.0957320e-03
   5.1653587e-03
   6.9949448e-03
   6.5027513e-03
   5.6896709e-03
   7.1558278e-03
   9.4033188e-03
   9.7417231e-03
   7.6952376e-03
   5.0810497e-03
   3.1320681e-03
   1.8907833e-03
  -2.3517371e-04
  -2.9081473e-03
  -5.1293829e-03
  -6.8973479e-03
  -7.4989579e-03
  -7.7042755e-03
  -8.9036178e-03
  -1.0815290e-02
  -1.2367245e-02
  -1.4066143e-02
  -1.7710776e-02
  -2.1761494e-02
  -2.4210208e-02
  -2.5107794e-02
  -2.5011417e-02
  -2.4346604e-02
  -2.2871481e-02
  -2.0969075e-02
  -1.9895901e-02
  -1.8337535e-02
  -1.5802682e-02
  -1.4073589e-02
  -1.2960706e-02
  -1.1015075e-02
  -1.0681479e-02
  -1.2564858e-02
  -1.4232631e-02
  -1.4967762e-02
  -1.5127631e-02
  -1.3832336e-02
  -1.1878122e-02
  -1.0167735e-02
  -7.3831301e-03
  -3.7051271e-03
  -3.0848724e-04
   3.0284528e-03
   7.1641212e-03
   1.1404098e-02
   1.4428797e-02
   1.6243513e-02
   1.5998331e-02
   1.2178627e-02
   6.1213290e-03
  -3.7995700e-04
  -5.9014412e-03
  -1.0482728e-02
  -1.4205124e-02
  -1.5705168e-02
  -1.4137702e-02
  -1.1682784e-02
  -1.0605164e-02
  -9.3259899e-03
  -6.2047383e-03
  -3.3598357e-03
  -2.5553485e-03
  -3.1150367e-03
  -3.5596933e-03
  -3.3841780e-03
  -3.0340885e-03
  -2.8704342e-03
  -2.6068666e-03
  -1.1189422e-03
   2.5621838e-03
   7.8365867e-03
   1.2101175e-02
   1.3289338e-02
   1.2080596e-02
   1.0216037e-02
   8.9654561e-03
   9.2761987e-03
   1.0450671e-02
   1.1988252e-02
   1.3969353e-02
   1.5869691e-02
   1.7725770e-02
   1.8921173e-02
   1.9271107e-02
   1.9523734e-02
   1.9122199e-02
   1.6706886e-02
   1.3080350e-02
   1.0753865e-02
   1.0888917e-02
   1.2771158e-02
   1.4720512e-02
   1.5526478e-02
   1.6386734e-02
   1.7292075e-02
   1.7501167e-02
   1.7939929e-02
   1.7257950e-02
   1.4045565e-02
   1.0771238e-02
   9.3977761e-03
   7.9351454e-03
   5.1560312e-03
   3.0828456e-03
   2.7797243e-03
   3.2832100e-03
   4.3437263e-03
   5.7141477e-03
   7.5288637e-03
   8.9142379e-03
   9.8913242e-03
   1.2341392e-02
   1.5004782e-02
   1.5404766e-02
   1.4214431e-02
   1.2965049e-02
   1.1013214e-02
   8.0273030e-03
   4.9208182e-03
   2.5579233e-03
   1.1499751e-03
   1.2622664e-03
   2.4630667e-03
   4.1398151e-03
   5.1243055e-03
   5.2242912e-03
   6.2441680e-03
   7.0104251e-03
   5.5806162e-03
   4.0421457e-03
   4.4194731e-03
   4.2471635e-03
   1.3047983e-03
  -2.6952912e-03
  -5.3575124e-03
  -6.5194725e-03
  -6.9143482e-03
  -7.3866046e-03
  -7.8593883e-03
  -8.9050242e-03
  -9.6185843e-03
  -8.7134185e-03
  -8.2126318e-03
  -9.7038756e-03
  -1.0508683e-02
  -9.5057035e-03
  -9.1166394e-03
  -1.0701540e-02
  -1.2015966e-02
  -1.2302201e-02
  -1.1564898e-02
  -1.0374563e-02
  -9.5857624e-03
  -8.9430268e-03
  -9.5932802e-03
  -1.0479936e-02
  -9.4158519e-03
  -7.9615456e-03
  -7.9134710e-03
  -7.6686927e-03
  -6.2059689e-03
  -3.7336988e-03
  -1.9850402e-03
  -2.8859972e-03
  -5.2224815e-03
  -6.5324296e-03
  -7.1802219e-03
  -8.8779828e-03
  -1.0584275e-02
  -1.0842072e-02
  -9.9401951e-03
  -8.6180035e-03
  -8.1045492e-03
  -7.9535107e-03
  -6.7590907e-03
  -3.9751887e-03
   8.1370298e-04
   4.8954831e-03
   6.3536673e-03
   7.1809664e-03
   8.3864201e-03
   7.6593962e-03
   4.1612517e-03
   7.3523557e-04
  -8.9195117e-04
  -1.4549578e-03
  -2.9509274e-03
  -5.8754029e-03
  -7.5637744e-03
  -6.5454590e-03
  -5.1275835e-03
  -3.0294972e-03
  -1.0730288e-04
   2.0038295e-03
   3.4667601e-03
   4.3898465e-03
   4.8036254e-03
   4.3135310e-03
   2.9813295e-03
   1.9891972e-03
   1.9003176e-03
   2.1414662e-03
   2.4070193e-03
   3.1195453e-03
   3.2317022e-03
   2.4102250e-03
   2.4350223e-03
   3.0985948e-03
   3.5984508e-03
   3.3085554e-03
   2.0392056e-03
   8.7118571e-04
  -7.9988967e-04
  -4.2606169e-03
  -7.9221469e-03
  -9.6196080e-03
  -9.6309002e-03
  -9.3040673e-03
  -9.0155058e-03
  -8.1491079e-03
  -6.3330476e-03
  -3.9381478e-03
  -1.5887994e-03
   8.5825137e-04
   1.7348950e-03
   1.1456422e-03
   7.6784131e-04
   5.4650366e-05
  -1.3819514e-03
  -1.8862850e-03
  -1.4761152e-03
  -7.9966217e-04
  -6.4098491e-04
  -1.6897882e-03
  -2.6200615e-03
  -2.8675801e-03
  -3.4757566e-03
  -5.5513827e-03
  -6.9032525e-03
  -5.9274691e-03
  -3.0278220e-03
   4.1237351e-04
   3.1214067e-03
   5.2826963e-03
   7.6977505e-03
   9.8812005e-03
   1.1459008e-02
   1.0957787e-02
   7.2407572e-03
   2.8606931e-03
  -1.4878107e-03
  -6.1033256e-03
  -1.0679618e-02
  -1.3670916e-02
  -1.3080453e-02
  -1.0382215e-02
  -7.6309175e-03
  -6.1723921e-03
  -5.6649045e-03
  -4.0297264e-03
  -1.0525746e-03
   1.4890412e-03
   2.1168240e-03
   1.3936055e-03
   9.4478878e-04
   2.0917164e-03
   4.1102299e-03
   6.0633065e-03
   8.6300092e-03
   1.2388650e-02
   1.5494732e-02
   1.7519160e-02
   1.8258634e-02
   1.7287008e-02
   1.6239893e-02
   1.5681798e-02
   1.4458061e-02
   1.2716869e-02
   1.1142371e-02
   9.4166688e-03
   7.9405123e-03
   7.1372763e-03
   6.2803196e-03
   4.7342486e-03
   3.3796901e-03
   1.8912383e-03
   8.2402212e-04
   1.1989907e-04
  -8.8758423e-04
  -8.3281805e-04
   1.2244499e-03
   4.1849632e-03
   6.8068964e-03
   9.4291295e-03
   1.1122930e-02
   1.1790846e-02
   1.2344495e-02
   1.1587958e-02
   9.2510601e-03
   7.3960561e-03
   7.3443312e-03
   8.5619251e-03
   9.2999620e-03
   9.0670860e-03
   8.6542585e-03
   9.0537256e-03
   9.3352656e-03
   7.7554524e-03
   4.4483137e-03
   1.0622536e-03
  -2.1433379e-03
  -4.6432491e-03
  -6.4976016e-03
  -8.0800828e-03
  -8.0354103e-03
  -6.5649929e-03
  -5.2153360e-03
  -4.7364305e-03
  -4.4091322e-03
  -4.4150058e-03
  -4.3179983e-03
  -3.8445010e-03
  -4.3393211e-03
  -5.8115792e-03
  -6.7614174e-03
  -7.2171801e-03
  -7.6412274e-03
  -9.0259501e-03
  -1.1475553e-02
  -1.3319637e-02
  -1.3468338e-02
  -1.3320154e-02
  -1.5041079e-02
  -1.7272738e-02
  -1.8538355e-02
  -1.8521396e-02
  -1.6914427e-02
  -1.3428630e-02
  -9.9174245e-03
  -7.2071908e-03
  -4.7917644e-03
  -1.5007264e-03
   1.4035017e-03
   2.5600019e-03
   3.9523768e-03
   7.0439811e-03
   1.0076891e-02
   1.0807431e-02
   9.5416380e-03
   7.3428835e-03
   4.7928502e-03
   1.1298001e-03
  -3.8085356e-03
  -8.1363060e-03
  -9.6861721e-03
  -8.5797424e-03
  -6.1281850e-03
  -3.1367215e-03
  -5.5569771e-04
   1.4322183e-03
   2.9928492e-03
   3.1382829e-03
   1.7168812e-03
   6.7871971e-05
  -9.7022314e-04
  -1.0348814e-03
  -1.0276893e-03
  -2.2226833e-03
  -3.2283311e-03
  -3.6271984e-03
  -3.9858812e-03
  -4.7204125e-03
  -6.5692844e-03
  -9.1387688e-03
  -1.0385834e-02
  -8.8940629e-03
  -5.8209997e-03
  -3.2504295e-03
  -1.3553651e-03
  -5.1137371e-05
   2.0597321e-03
   6.2314591e-03
   1.0285445e-02
   1.1796016e-02
   1.0679101e-02
   8.4081980e-03
   6.6660334e-03
   4.8739948e-03
   2.9750629e-03
   1.3868943e-03
  -7.8696154e-05
  -1.9922995e-03
  -3.3891830e-03
  -4.3685030e-03
  -6.5912690e-03
  -9.3093721e-03
  -1.0657695e-02
  -1.0455842e-02
  -9.7912868e-03
  -8.9293976e-03
  -6.7460612e-03
  -2.6161423e-03
   1.4705208e-03
   3.3766499e-03
   4.4836277e-03
   6.4963503e-03
   7.9863223e-03
   7.3223982e-03
   4.7091824e-03
   3.1396686e-04
  -4.0386505e-03
  -6.2866999e-03
  -6.8440408e-03
  -6.1961658e-03
  -5.3813170e-03
  -5.4005303e-03
  -5.2263077e-03
  -4.6681809e-03
  -3.7558800e-03
  -2.0176242e-03
  -7.4668289e-04
  -7.3143324e-04
  -2.2944178e-03
  -4.1265478e-03
  -4.2991676e-03
  -2.8999573e-03
  -1.7398482e-03
  -1.4928674e-03
  -1.2226816e-03
  -7.0461320e-04
   3.9891489e-04
   1.8336501e-03
   2.5335500e-03
   2.7859391e-03
   3.2008348e-03
   4.2882787e-03
   6.2638777e-03
   8.1642469e-03
   9.6556666e-03
   1.0828526e-02
   1.1563760e-02
   1.2094350e-02
   1.1642661e-02
   1.0179265e-02
   8.9450329e-03
   8.6965319e-03
   8.8766282e-03
   9.0689267e-03
   8.6998617e-03
   8.0396604e-03
   7.7228477e-03
   6.8631300e-03
   5.2447144e-03
   3.6529264e-03
   1.4325595e-03
  -1.0738561e-03
  -2.8116878e-03
  -4.2127594e-03
  -5.2078389e-03
  -5.2358833e-03
  -4.0613384e-03
  -2.1083548e-03
  -6.6235945e-04
  -6.1726196e-04
  -1.1476484e-03
  -1.1341122e-03
  -1.1668824e-03
  -2.4083946e-03
  -4.1876829e-03
  -4.5712147e-03
  -2.8042734e-03
  -2.6338976e-04
   1.6757556e-03
   3.2064395e-03
   3.7742143e-03
   3.8109967e-03
   3.2752475e-03
   1.1584339e-03
  -2.3561630e-03
  -5.9629899e-03
  -8.4826521e-03
  -9.4045390e-03
  -1.0053944e-02
  -1.0831835e-02
  -1.1035033e-02
  -1.0515715e-02
  -9.5991848e-03
  -9.3943222e-03
  -9.4403494e-03
  -7.8308786e-03
  -5.1883981e-03
  -3.7459941e-03
  -3.2594984e-03
  -2.3219658e-03
  -1.8930273e-03
  -1.8776194e-03
  -1.7192286e-03
  -1.2840752e-03
  -8.3297523e-04
  -1.5550883e-03
  -2.8043769e-03
  -2.6080144e-03
  -2.7371406e-03
  -3.7305966e-03
  -3.7434606e-03
  -3.4244143e-03
  -3.1520673e-03
  -1.8808251e-03
  -3.3926369e-04
   8.7688662e-04
   2.7159109e-03
   3.9385718e-03
   3.9838854e-03
   4.5466862e-03
   5.3315362e-03
   5.0495928e-03
   3.6980332e-03
   1.4958352e-03
  -6.6705523e-04
  -1.1528188e-03
  -3.3864944e-04
   3.5853076e-04
   9.7493030e-04
   1.8011798e-03
   3.0463424e-03
   5.3806449e-03
   7.6841522e-03
   8.8085130e-03
   9.6534536e-03
   1.0261785e-02
   9.6736700e-03
   8.7043910e-03
   6.1990819e-03
   2.6464927e-03
   4.2057794e-04
  -4.4380452e-04
  -3.4151179e-04
  -4.5053642e-06
   4.6833095e-04
   6.9070786e-04
   9.0179980e-04
   1.2722039e-03
   1.4473056e-03
   1.3806071e-03
   1.1172773e-03
   4.3273464e-04
  -1.6916495e-04
  -6.9835285e-05
  -1.1704396e-04
  -1.3217263e-03
  -3.1458111e-03
  -5.2328844e-03
  -7.1802425e-03
  -8.0439105e-03
  -8.4982875e-03
  -8.5009140e-03
  -6.6587534e-03
  -4.1621203e-03
  -2.1639059e-03
  -1.9451038e-04
   1.6361709e-03
   3.3639307e-03
   4.9485938e-03
   5.2663991e-03
   4.5337085e-03
   3.7505234e-03
   2.7852980e-03
   1.8140335e-03
   1.2203549e-03
   1.0587894e-03
   2.0001378e-03
   4.6608906e-03
   6.3902842e-03
   6.8642882e-03
   7.0091842e-03
   5.8937786e-03
   3.8203241e-03
   1.5272300e-03
  -5.0348054e-04
  -3.3263313e-03
  -5.7756137e-03
  -5.7511265e-03
  -4.5909037e-03
  -3.3854500e-03
  -2.1484049e-03
  -8.9837181e-04
   1.2926374e-03
   3.6558115e-03
   3.8953987e-03
   2.6606080e-03
   2.9830874e-03
   3.4662844e-03
   1.9907380e-03
  -1.0340955e-04
  -1.8976703e-03
  -2.7687940e-03
  -2.2857625e-03
  -2.4885776e-03
  -3.0391555e-03
  -2.9492108e-03
  -2.9805126e-03
  -3.2983800e-03
  -3.9347560e-03
  -4.7176929e-03
  -5.0099874e-03
  -4.6218952e-03
  -4.3606026e-03
  -4.3692786e-03
  -3.7718566e-03
  -2.5479134e-03
  -6.4933825e-04
   2.5286898e-03
   5.1568895e-03
   6.8122530e-03
   8.5899281e-03
   9.9724896e-03
   1.0328753e-02
   1.0269996e-02
   1.0016345e-02
   8.0836090e-03
   5.5044766e-03
   2.8765560e-03
   6.1719268e-04
  -7.2634554e-04
  -1.1435534e-03
  -8.7906750e-04
  -1.7112144e-04
   2.2498797e-04
   6.8108777e-04
   2.2929287e-03
   3.9432045e-03
   4.9912911e-03
   5.9418532e-03
   7.0516024e-03
   7.4864352e-03
   7.6967474e-03
   7.2671574e-03
   4.9476527e-03
   2.4724148e-03
   4.7659123e-04
  -8.3373321e-04
  -1.4199333e-03
  -2.7509043e-03
  -5.6068406e-03
  -9.0648007e-03
  -1.1466039e-02
  -1.1941305e-02
  -1.0849725e-02
  -9.9452828e-03
  -9.7042065e-03
  -9.9568852e-03
  -1.0363808e-02
  -1.0413341e-02
  -9.6769480e-03
  -9.4588905e-03
  -9.5387633e-03
  -8.1770593e-03
  -7.1505333e-03
  -7.8164841e-03
  -8.9017771e-03
  -8.4241022e-03
  -6.6096033e-03
  -4.8904368e-03
  -3.6848073e-03
  -2.5902799e-03
  -1.9575335e-03
  -7.9234499e-04
   1.5188332e-03
   3.5635918e-03
   4.9098776e-03
   5.3860221e-03
   4.8207601e-03
   3.2398198e-03
   2.0633411e-03
   1.4893618e-03
   5.0109801e-04
  -3.3782424e-04
  -1.6459016e-03
  -3.1829658e-03
  -4.1088132e-03
  -4.6214196e-03
  -4.0649060e-03
  -2.4914213e-03
  -2.1574015e-03
  -2.8298671e-03
  -3.2859606e-03
  -2.3470424e-03
  -5.9194653e-05
   2.1080549e-03
   2.2149587e-03
   1.4204193e-03
   1.0141573e-03
  -1.7943652e-04
  -1.8424192e-03
  -3.2254873e-03
  -4.4230717e-03
  -5.2638346e-03
  -6.8681453e-03
  -9.1404957e-03
  -9.4287469e-03
  -7.6794161e-03
  -5.3314121e-03
  -3.0480797e-03
  -1.4203573e-03
   3.7149612e-04
   3.3603010e-03
   6.8074342e-03
   9.4266477e-03
   1.0661831e-02
   1.0928315e-02
   1.1775231e-02
   1.2134472e-02
   1.0539913e-02
   8.3695335e-03
   6.1494975e-03
   4.3396107e-03
   2.5971152e-03
   3.7121692e-04
  -1.2117306e-03
  -2.7109059e-03
  -4.0583292e-03
  -4.7978965e-03
  -6.0699453e-03
  -7.2121544e-03
  -6.5506502e-03
  -4.7258622e-03
  -1.8827174e-03
   2.2438510e-03
   6.2042109e-03
   1.0238798e-02
   1.4152386e-02
   1.7083397e-02
   1.8605984e-02
   1.8597504e-02
   1.6343509e-02
   1.3374237e-02
   1.0830387e-02
   8.4006595e-03
   6.0457891e-03
   3.1345396e-03
   1.1336055e-03
   1.6640498e-03
   3.5441407e-03
   5.6041934e-03
   7.1045475e-03
   8.7442033e-03
   1.1460869e-02
   1.4139667e-02
   1.5355130e-02
   1.6267814e-02
   1.7545323e-02
   1.7051340e-02
   1.3946293e-02
   8.8422759e-03
   2.5143987e-03
  -2.8249345e-03
  -5.7463491e-03
  -7.9875838e-03
  -1.0404241e-02
  -1.1917935e-02
  -1.2421120e-02
  -1.1713806e-02
  -1.0320015e-02
  -9.2436664e-03
  -8.1040115e-03
  -6.9961237e-03
  -6.8724988e-03
  -7.2548414e-03
  -7.6979263e-03
  -8.6010755e-03
  -8.9151789e-03
  -7.9038229e-03
  -7.0770615e-03
  -6.3603475e-03
  -5.4055560e-03
  -4.3952031e-03
  -2.7113712e-03
  -2.0743851e-04
   1.0137054e-03
   8.7260654e-04
   1.3395746e-03
   1.1190869e-03
   4.5046093e-05
  -8.9193773e-04
  -2.7722271e-03
  -4.8021673e-03
  -4.6813138e-03
  -4.2293979e-03
  -4.3802399e-03
  -3.4685077e-03
  -1.8191109e-03
  -3.4688593e-04
   9.6240753e-04
   1.4635097e-03
   9.7202142e-04
   5.5303390e-04
   1.7103975e-04
  -1.4863526e-03
  -4.5071118e-03
  -7.5743117e-03
  -8.8259890e-03
  -7.8564205e-03
  -7.5095987e-03
  -8.2425686e-03
  -8.2166544e-03
  -6.9440989e-03
  -4.8184335e-03
  -2.2985541e-03
  -6.8114878e-04
  -6.2977957e-04
  -3.0113593e-04
   7.2977353e-04
   1.4666843e-03
   1.6829425e-03
   7.7173774e-04
  -8.6016650e-05
   9.2431493e-04
   1.9145052e-03
   1.6342785e-03
   1.5461538e-03
   2.0336629e-03
   2.1002373e-03
   1.5899266e-03
   9.0311929e-04
   3.4347448e-04
   4.3785750e-04
   8.1588697e-04
   9.2922787e-05
  -9.9600289e-04
  -1.6209181e-03
  -1.9136263e-03
  -1.2507363e-03
  -7.0079433e-05
   1.6407312e-03
   4.2014983e-03
   6.8881859e-03
   9.0383591e-03
   1.0059984e-02
   9.0717187e-03
   6.7269927e-03
   4.1190920e-03
   2.1074138e-03
   1.3126160e-05
  -1.4491979e-03
  -9.3201370e-04
   3.6687996e-04
   1.6272984e-03
   2.8632783e-03
   3.5715646e-03
   3.5407075e-03
   3.2497677e-03
   3.1126583e-03
   3.0441502e-03
   2.5484925e-03
   1.4683492e-03
   8.3800502e-04
   1.9095623e-03
   4.3739733e-03
   7.2546450e-03
   9.7861061e-03
   1.1480930e-02
   1.2613667e-02
   1.2187210e-02
   9.4990130e-03
   6.0266896e-03
   3.6562769e-03
   1.8852820e-03
  -1.4274511e-04
  -2.1830158e-03
  -4.5636556e-03
  -6.0692215e-03
  -5.4641576e-03
  -4.4274665e-03
  -3.9078698e-03
  -3.9957360e-03
  -4.9404658e-03
  -5.5314248e-03
  -6.2173852e-03
  -7.4929706e-03
  -8.2546880e-03
  -8.4201623e-03
  -8.1319421e-03
  -7.6792714e-03
  -8.0632892e-03
  -9.0297142e-03
  -9.9577539e-03
  -1.0591617e-02
  -1.0696163e-02
  -1.0859342e-02
  -1.2645000e-02
  -1.4958559e-02
  -1.5396080e-02
  -1.4600248e-02
  -1.3248285e-02
  -1.0653455e-02
  -8.2677278e-03
  -6.6305539e-03
  -4.0077728e-03
  -2.0884901e-03
  -1.2460002e-03
   4.9942900e-04
   2.0655747e-03
   1.7034278e-03
   1.9232329e-03
   3.5576665e-03
   4.9937626e-03
   6.3629947e-03
   6.1567671e-03
   4.7248384e-03
   4.2769037e-03
   4.5046403e-03
   4.6884490e-03
   4.8212875e-03
   4.2933043e-03
   3.0493723e-03
   2.4666343e-03
   2.9582384e-03
   3.3088036e-03
   2.9195533e-03
   2.3902464e-03
   2.6349006e-03
   3.6767207e-03
   5.6659179e-03
   7.8043853e-03
   8.6046121e-03
   8.7530964e-03
   1.0008900e-02
   9.8000455e-03
   7.4345344e-03
   5.8717216e-03
   5.5974718e-03
   6.0387677e-03
   7.0739489e-03
   7.8111379e-03
   7.4018470e-03
   7.1682368e-03
   6.9185053e-03
   6.0898411e-03
   5.2889836e-03
   3.8942302e-03
   1.7512025e-03
   3.4412906e-05
  -1.2742411e-03
  -1.8106624e-03
  -1.5303012e-03
  -1.0181147e-03
   4.0328286e-04
   1.3742991e-03
   1.5905987e-03
   2.0312845e-03
   3.2448247e-03
   4.7910612e-03
   5.9734342e-03
   5.6186499e-03
   4.2560876e-03
   3.2152913e-03
   1.6171540e-03
  -1.9336875e-04
  -1.1786813e-03
  -1.5372710e-03
  -1.4511834e-03
  -7.4718235e-04
  -4.2658080e-04
   3.6195462e-04
   1.7172121e-03
   1.7831764e-03
   1.8087390e-03
   9.6934624e-04
  -1.0309043e-03
  -2.9852694e-03
  -4.1095267e-03
  -4.1140767e-03
  -3.5878101e-03
  -4.5484131e-03
  -6.4383175e-03
  -6.5742583e-03
  -5.9206234e-03
  -5.8179078e-03
  -5.3296541e-03
  -4.8342860e-03
  -4.8714613e-03
  -4.0581534e-03
  -3.2288171e-03
  -2.4205038e-03
  -1.7232408e-03
  -2.5065603e-03
  -3.9595430e-03
  -6.1590007e-03
  -9.2934989e-03
  -1.1526430e-02
  -1.1757651e-02
  -1.0996358e-02
  -1.0525746e-02
  -1.0439503e-02
  -1.0665761e-02
  -1.1433156e-02
  -1.1212999e-02
  -9.9424804e-03
  -9.0015457e-03
  -8.6916097e-03
  -8.6059357e-03
  -8.1840704e-03
  -8.0208193e-03
  -8.2946141e-03
  -8.4048372e-03
  -8.1694587e-03
  -7.8506916e-03
  -7.5290498e-03
  -6.4314305e-03
  -4.6037160e-03
  -3.7029658e-03
  -2.6317053e-03
  -1.7885020e-03
  -2.3226173e-03
  -2.4734799e-03
  -1.5420691e-03
  -8.5674781e-05
   1.3252939e-03
   2.0746023e-03
   1.6925906e-03
   1.7298280e-03
   2.0269930e-03
   1.4566537e-03
   5.9764227e-04
   1.4878417e-03
   2.8583044e-03
   3.9947536e-03
   4.8714510e-03
   5.2572475e-03
   5.8380414e-03
   7.1843065e-03
   8.7150110e-03
   8.8965757e-03
   8.9895606e-03
   1.0291825e-02
   1.0893673e-02
   1.1228407e-02
   1.2037889e-02
   1.1075052e-02
   8.8944972e-03
   7.2929165e-03
   6.0471334e-03
   4.6437144e-03
   3.7811633e-03
   3.0167779e-03
   2.2373880e-03
   1.3198546e-03
  -3.0426611e-04
  -1.7600750e-03
  -1.3545998e-03
   1.5966068e-04
   1.7521435e-03
   2.8612412e-03
   3.6393696e-03
   4.5808214e-03
   5.9087935e-03
   6.8179508e-03
   7.0300830e-03
   7.5266197e-03
   7.9758056e-03
   7.8261942e-03
   7.0417475e-03
   5.1699190e-03
   3.4369784e-03
   2.6707524e-03
   2.1469365e-03
   2.4798706e-03
   1.7412339e-03
  -1.3339905e-03
  -4.3105115e-03
  -5.4977757e-03
  -5.7111075e-03
  -6.7272512e-03
  -7.7661448e-03
  -7.0752002e-03
  -5.3573159e-03
  -3.9121199e-03
  -3.7615467e-03
  -4.2293048e-03
  -3.7268015e-03
  -1.7287215e-03
   1.0814979e-03
   2.1675665e-03
   1.1384864e-03
  -3.6932351e-04
  -7.7060955e-04
   3.0171399e-04
   1.3870701e-03
   1.8346015e-03
   1.8270837e-03
   1.6483834e-03
   7.4620721e-04
  -8.2886577e-04
  -1.7010701e-03
  -1.6279396e-03
  -1.8119757e-03
  -7.5096504e-04
   1.9632830e-03
   3.5453816e-03
   3.6966786e-03
   4.2030494e-03
   5.3605009e-03
   6.1088993e-03
   5.7222756e-03
   5.6288873e-03
   6.7529896e-03
   7.3281374e-03
   6.2405694e-03
   4.9293908e-03
   5.2744547e-03
   5.6043899e-03
   5.3702626e-03
   5.0013011e-03
   3.9779291e-03
   2.3464943e-03
   1.8839170e-03
   2.6513012e-03
   3.4307429e-03
   4.0341523e-03
   3.9198135e-03
   4.1470744e-03
   5.2251288e-03
   6.0605869e-03
   6.8654877e-03
   8.0050495e-03
   8.1055833e-03
   8.2012362e-03
   7.9181554e-03
   5.6470149e-03
   2.5708908e-03
   6.4973844e-04
   4.3738803e-05
  -5.9919546e-04
  -1.3533279e-03
  -2.0327735e-03
  -2.4514746e-03
  -2.7465612e-03
  -3.3370548e-03
  -2.8474258e-03
  -1.2497126e-03
  -4.4367113e-04
  -4.6228983e-04
  -1.5712613e-03
  -3.4301121e-03
  -4.3519680e-03
  -4.4054819e-03
  -4.1055145e-03
  -4.7554887e-03
  -6.4973534e-03
  -7.9143603e-03
  -8.6747644e-03
  -9.9704628e-03
  -1.1673063e-02
  -1.2733001e-02
  -1.3467408e-02
  -1.3658197e-02
  -1.3699353e-02
  -1.3663677e-02
  -1.2273557e-02
  -1.0359568e-02
  -9.5428686e-03
  -9.6351400e-03
  -9.7015800e-03
  -9.1628836e-03
  -8.0821923e-03
  -7.2512118e-03
  -5.3291164e-03
  -3.3791421e-03
  -3.9039403e-03
  -5.4350791e-03
  -6.1873347e-03
  -5.9528249e-03
  -6.0273410e-03
  -6.6085589e-03
  -6.6003690e-03
  -5.3420942e-03
  -4.0856187e-03
  -3.5889166e-03
  -2.1670495e-03
  -1.1843377e-04
   6.0377129e-04
  -5.5231832e-05
  -9.7213310e-04
  -5.5260372e-04
   9.8018449e-04
   1.3567300e-03
   1.8570204e-03
   2.5622458e-03
   2.7819165e-03
   3.5900644e-03
   5.2307232e-03
   6.9347921e-03
   7.6068854e-03
   7.9630864e-03
   8.4138854e-03
   8.7076897e-03
   7.6842660e-03
   4.9434440e-03
   2.8280988e-03
   1.8135785e-03
   5.0365117e-04
   3.2225919e-04
   8.5619664e-04
   6.4935893e-04
   9.8614702e-04
   1.7071608e-03
   2.4339262e-03
   3.1049647e-03
   3.1869366e-03
   2.8264856e-03
   2.3888194e-03
   1.4189820e-03
   1.6201943e-04
  -6.5526770e-05
   5.7863578e-04
   1.1849892e-03
   1.9233363e-03
   2.6484989e-03
   3.2238225e-03
   3.7164089e-03
   4.0583188e-03
   5.2227090e-03
   5.8869433e-03
   5.0345572e-03
   4.0396536e-03
   3.6016668e-03
   4.7329353e-03
   5.9743235e-03
   4.8599623e-03
   2.8706617e-03
   2.1986718e-03
   2.9113530e-03
   3.6344267e-03
   3.4765736e-03
   2.7080932e-03
   2.6728309e-03
   3.9581367e-03
   5.6465392e-03
   6.9173884e-03
   7.2344183e-03
   6.9143172e-03
   6.9766105e-03
   6.1750911e-03
   3.7585996e-03
   1.6372463e-03
   8.9978643e-04
   9.3563506e-04
   2.9717332e-04
  -1.1874089e-03
  -1.9146190e-03
  -1.1233267e-03
  -3.2018792e-05
   3.7508129e-04
   9.7803462e-04
   1.2763196e-03
   8.1477429e-04
   1.4401394e-03
   2.1129255e-03
   9.5943970e-04
  -4.3897845e-04
  -6.4434569e-04
  -2.3214798e-04
  -2.7432211e-04
  -3.3665676e-04
   1.2398681e-04
   1.0268590e-03
   2.2274090e-03
   2.6361105e-03
   2.4182701e-03
   2.1013127e-03
   1.2467447e-03
   1.8828415e-04
  -6.8911537e-04
  -1.3449311e-03
  -1.4393121e-03
  -1.6596653e-03
  -2.6414050e-03
  -3.4036395e-03
  -3.7839347e-03
  -4.1530307e-03
  -3.9605771e-03
  -2.6834303e-03
  -1.7698574e-03
  -2.4936136e-03
  -3.3888107e-03
  -3.1133925e-03
  -2.7253934e-03
  -3.4144561e-03
  -4.9439921e-03
  -6.2455226e-03
  -6.4795568e-03
  -5.6221037e-03
  -4.9941142e-03
  -4.7977311e-03
  -4.4713841e-03
  -4.0649370e-03
  -3.4478984e-03
  -2.8135906e-03
  -2.3065683e-03
  -1.6770069e-03
  -8.6590567e-04
  -6.2890783e-04
  -1.6071027e-03
  -2.5991110e-03
  -2.9434510e-03
  -2.6552204e-03
  -1.6805538e-03
  -1.0129329e-03
  -1.6169265e-03
  -2.2399215e-03
  -1.8736795e-03
  -1.6568836e-03
  -2.2330552e-03
  -2.7162211e-03
  -2.9871617e-03
  -3.5235520e-03
  -3.8981287e-03
  -3.8105934e-03
  -3.0489897e-03
  -2.5778915e-03
  -2.5333121e-03
  -1.8837102e-03
  -6.6916683e-04
   4.4596576e-04
   1.3475060e-03
   1.7827007e-03
   1.4663948e-03
   9.0830212e-04
   9.8554311e-04
   1.6188706e-03
   2.0050807e-03
   1.9882045e-03
   1.6393455e-03
   1.3006413e-03
   9.6825735e-04
   5.8965603e-04
   6.0845673e-04
   6.0631928e-04
   2.0359585e-05
  -5.7994700e-04
  -7.6946275e-04
  -7.4839016e-04
  -1.0741146e-03
  -1.7023110e-03
  -2.1745880e-03
  -1.9145259e-03
  -1.1436361e-03
  -6.2740220e-04
  -3.2796320e-04
   1.3760261e-05
   6.6434490e-04
   1.7333025e-03
   2.3192048e-03
   1.7759688e-03
   1.1915039e-03
   1.0841555e-03
   1.2317919e-03
   1.4451443e-03
   1.4669118e-03
   1.4535928e-03
   1.5994298e-03
   1.9362003e-03
   2.2026634e-03
   2.2486181e-03
   2.0262898e-03
   1.6069373e-03
   1.3940709e-03
   1.4661673e-03
   1.7000256e-03
   1.7524331e-03
   1.5481806e-03
   1.7204902e-03
   2.3057100e-03
   2.5423190e-03
   2.5449559e-03
   2.6967493e-03
   2.6398229e-03
   2.2436338e-03
   1.8513019e-03
   1.5632679e-03
   1.3343111e-03
   1.1786399e-03
   9.7458078e-04
   7.5765453e-04
   4.8011849e-04
   2.1288090e-04
   2.1076723e-04
   1.8502575e-04
  -1.3565232e-05
  -9.7730042e-05
  -5.1909316e-05
  -4.8525272e-05
  -1.5288845e-04
  -2.7869112e-04
  -2.5636108e-04
  -2.9261921e-05
   2.1653846e-04
   4.0364272e-04
   5.6022493e-04
   5.3358690e-04
   4.4494202e-04
   4.4579307e-04
   4.6385854e-04
   3.7086326e-04
   1.8094215e-04
  -4.1386259e-05
  -1.6500173e-04
  -2.6243943e-04
  -4.5558586e-04
  -6.0858909e-04
  -5.8265010e-04
  -5.5251583e-04
  -5.5700789e-04
  -5.0628498e-04
  -3.8130235e-04
  -1.9646067e-04
  -8.4126652e-05
  -5.4220703e-05
  -1.9294788e-05
  -5.3573159e-07
  -3.7858477e-05
  -7.1049611e-05
  -9.4683731e-05
  -1.3013341e-04
  -1.8234437e-04
  -2.2660735e-04
  -1.9690739e-04
  -2.4522088e-04
  -4.4680647e-04
  -6.2332067e-04
  -6.7340038e-04
  -7.0258123e-04
  -7.9504085e-04
  -8.7578325e-04
  -9.0303139e-04
  -8.6668433e-04
  -7.7490204e-04
  -6.7110057e-04
  -5.7018110e-04
  -4.7202471e-04
  -3.9986831e-04
  -3.6256473e-04
  -3.5650395e-04
  -3.7873678e-04
  -4.0796106e-04
  -4.3825872e-04
  -4.3940139e-04
  -4.1197642e-04
  -3.8337672e-04
  -3.6270536e-04
  -3.4050976e-04
  -3.0767549e-04
  -2.8178923e-04
  -2.7704485e-04
  -2.7744091e-04
  -2.5267457e-04
  -2.2493317e-04
  -2.1933049e-04
  -2.1656535e-04
  -2.0550684e-04
  -1.9415466e-04
  -1.7636839e-04
  -1.5394632e-04
  -1.3909893e-04
  -1.1928069e-04
  -8.9532125e-05
  -5.9467548e-05
  -4.8905816e-05
  -5.9896796e-05
  -6.5126062e-05
  -4.8710477e-05
  -2.9999741e-05
  -2.7428488e-05
  -2.6976282e-05
  -2.0640856e-05
  -1.4525277e-05
  -1.2814797e-05
  -1.1029966e-05
  -3.6182432e-06
   5.5267818e-06
   9.2310505e-06
   7.7213586e-06
   3.4001960e-06
  -3.1969363e-06
  -8.4451562e-06
  -9.2015895e-06
  -7.2431459e-06
  -4.3193633e-06
  -7.7459595e-07
   3.2539971e-06
   7.8489854e-06
   1.1991975e-05
   1.4624135e-05
   1.6607201e-05
   1.9180832e-05
   2.1723440e-05
   2.3538363e-05
   2.4748553e-05
   2.5897628e-05
   2.7824232e-05
   3.0219794e-05
   3.1989734e-05
   3.3347384e-05
   3.4889412e-05
   3.6389870e-05
   3.7764582e-05
   3.9123267e-05
   4.0419906e-05
   4.1587492e-05
   4.2680106e-05
   4.3697956e-05
   4.4612604e-05
   4.5418157e-05
   4.6159699e-05
   4.6883249e-05
   4.7581773e-05
   4.8231489e-05
   4.8826915e-05
   4.9372705e-05
   4.9873099e-05
   5.0327269e-05
   5.0732320e-05
   5.1086701e-05
   5.1390205e-05
