   1.7542556e-04
   1.7471866e-04
   1.7400901e-04
   1.7329729e-04
   1.7257043e-04
   1.7180365e-04
   1.7094945e-04
   1.6997272e-04
   1.6888381e-04
   1.6761662e-04
   1.6608443e-04
   1.6430169e-04
   1.6235720e-04
   1.6029707e-04
   1.5823281e-04
   1.5637642e-04
   1.5480706e-04
   1.5349031e-04
   1.5228163e-04
   1.5087540e-04
   1.4880219e-04
   1.4603379e-04
   1.4319104e-04
   1.4112265e-04
   1.4026157e-04
   1.4007504e-04
   1.3934817e-04
   1.3674978e-04
   1.3160806e-04
   1.2411712e-04
   1.1492810e-04
   1.0526553e-04
   9.6901799e-05
   9.1236959e-05
   8.8477501e-05
   8.7247480e-05
   8.5258936e-05
   8.1078793e-05
   7.4932132e-05
   6.8563008e-05
   6.2761950e-05
   5.6631327e-05
   5.0541659e-05
   4.5812172e-05
   4.1591832e-05
   3.5760006e-05
   2.7131278e-05
   1.5695048e-05
   2.1061640e-06
  -1.2651521e-05
  -2.7598576e-05
  -4.1716554e-05
  -5.2972997e-05
  -5.8257749e-05
  -5.7726162e-05
  -5.4977992e-05
  -5.1190947e-05
  -4.3816262e-05
  -2.9365277e-05
  -8.0001579e-06
   1.4734778e-05
   3.3008877e-05
   4.3715493e-05
   4.5997397e-05
   4.0664257e-05
   2.9599579e-05
   1.5157266e-05
  -8.2544218e-07
  -1.9877668e-05
  -4.5845417e-05
  -8.0035306e-05
  -1.2052618e-04
  -1.6383983e-04
  -2.0630410e-04
  -2.4558698e-04
  -2.8357100e-04
  -3.2165621e-04
  -3.5165095e-04
  -3.6465874e-04
  -3.6289803e-04
  -3.5402082e-04
  -3.4446700e-04
  -3.3861218e-04
  -3.3884896e-04
  -3.4581678e-04
  -3.5877295e-04
  -3.7602628e-04
  -3.9552145e-04
  -4.1523207e-04
  -4.3388543e-04
  -4.5356713e-04
  -4.8122091e-04
  -5.1898743e-04
  -5.5802182e-04
  -5.8856033e-04
  -6.0631268e-04
  -6.1104967e-04
  -6.0535180e-04
  -5.9182845e-04
  -5.6322136e-04
  -5.0305222e-04
  -4.1741265e-04
  -3.3709926e-04
  -2.8675102e-04
  -2.7175675e-04
  -2.8079502e-04
  -3.0405115e-04
  -3.4234148e-04
  -3.9603631e-04
  -4.6006483e-04
  -5.2732018e-04
  -5.9091644e-04
  -6.4570431e-04
  -6.8883901e-04
  -7.2179557e-04
  -7.5507564e-04
  -7.9954773e-04
  -8.5021467e-04
  -8.9341337e-04
  -9.1908755e-04
  -9.1616909e-04
  -8.7489767e-04
  -8.0501984e-04
  -7.3115667e-04
  -6.7375525e-04
  -6.4351822e-04
  -6.4295518e-04
  -6.6842012e-04
  -7.1233123e-04
  -7.6549675e-04
  -8.1904772e-04
  -8.6599775e-04
  -9.0203797e-04
  -9.2568162e-04
  -9.3791988e-04
  -9.4137522e-04
  -9.3955118e-04
  -9.3587558e-04
  -9.3322556e-04
  -9.3342517e-04
  -9.3732104e-04
  -9.4404589e-04
  -9.4580109e-04
  -9.2412603e-04
  -8.6418060e-04
  -7.6612311e-04
  -6.4195919e-04
  -5.1351325e-04
  -4.1392220e-04
  -3.7344854e-04
  -4.0262212e-04
  -4.9319554e-04
  -6.2564541e-04
  -7.7542226e-04
  -9.1285141e-04
  -1.0027936e-03
  -1.0286881e-03
  -1.0090849e-03
  -9.7311347e-04
  -9.4185704e-04
  -9.2791865e-04
  -9.3626104e-04
  -9.6568654e-04
  -1.0105923e-03
  -1.0631245e-03
  -1.1157876e-03
  -1.1684506e-03
  -1.2354169e-03
  -1.3243266e-03
  -1.4148471e-03
  -1.4806225e-03
  -1.5084856e-03
  -1.4983880e-03
  -1.4658513e-03
  -1.4446167e-03
  -1.4668425e-03
  -1.5421029e-03
  -1.6468233e-03
  -1.7366760e-03
  -1.7780438e-03
  -1.7499399e-03
  -1.6350324e-03
  -1.4447544e-03
  -1.2291326e-03
  -1.0393432e-03
  -9.0654644e-04
  -8.4303553e-04
  -8.4564425e-04
  -9.0211368e-04
  -1.0094634e-03
  -1.1802071e-03
  -1.4302378e-03
  -1.7632450e-03
  -2.1576913e-03
  -2.5737301e-03
  -2.9705993e-03
  -3.3308156e-03
  -3.6544342e-03
  -3.9217968e-03
  -4.1010136e-03
  -4.1788277e-03
  -4.1637880e-03
  -4.0713954e-03
  -3.8881450e-03
  -3.5832348e-03
  -3.1604024e-03
  -2.6616418e-03
  -2.1423006e-03
  -1.6393964e-03
  -1.1642932e-03
  -7.2880263e-04
  -3.6080349e-04
  -1.0240626e-04
   1.5904571e-05
  -9.7488244e-07
  -1.0437691e-04
  -2.2742714e-04
  -3.3906028e-04
  -4.4136742e-04
  -5.3592206e-04
  -6.0297573e-04
  -6.1189768e-04
  -5.7027935e-04
  -5.3068329e-04
  -5.5452586e-04
  -6.6263620e-04
  -8.1946760e-04
  -9.7714700e-04
  -1.0915795e-03
  -1.1149065e-03
  -1.0166701e-03
  -7.9976799e-04
  -4.7397225e-04
  -5.2405343e-05
   4.3195470e-04
   9.4462407e-04
   1.4697058e-03
   1.9871267e-03
   2.4649969e-03
   2.8730787e-03
   3.1909774e-03
   3.4110044e-03
   3.5380607e-03
   3.5865319e-03
   3.5767991e-03
   3.5308815e-03
   3.4637363e-03
   3.3472870e-03
   3.1306052e-03
   2.8221915e-03
   2.4676262e-03
   2.0816806e-03
   1.6531764e-03
   1.1849977e-03
   7.4458571e-04
   4.1789722e-04
   2.2927596e-04
   1.7667555e-04
   2.7069812e-04
   5.1978725e-04
   8.8706710e-04
   1.2674649e-03
   1.5876901e-03
   1.8596093e-03
   2.0830022e-03
   2.2017160e-03
   2.1362503e-03
   1.8609171e-03
   1.4391033e-03
   9.6396575e-04
   5.1664509e-04
   1.5107983e-04
  -1.3856969e-04
  -4.2023337e-04
  -7.4844716e-04
  -1.1299531e-03
  -1.5431629e-03
  -1.9531583e-03
  -2.3238714e-03
  -2.6250372e-03
  -2.8290402e-03
  -2.9034334e-03
  -2.8441763e-03
  -2.7021492e-03
  -2.5414412e-03
  -2.4068686e-03
  -2.3212696e-03
  -2.2752901e-03
  -2.2266537e-03
  -2.1368560e-03
  -1.9940374e-03
  -1.8041654e-03
  -1.5712393e-03
  -1.2841221e-03
  -9.4174003e-04
  -5.7403824e-04
  -2.4013414e-04
   2.2176024e-05
   2.4764848e-04
   4.8993499e-04
   7.7518135e-04
   1.1230356e-03
   1.5447598e-03
   2.0200419e-03
   2.4873947e-03
   2.8577361e-03
   3.0454055e-03
   2.9898790e-03
   2.6688967e-03
   2.1130678e-03
   1.4040956e-03
   6.4472553e-04
  -7.7028743e-05
  -7.1487800e-04
  -1.2343569e-03
  -1.5822180e-03
  -1.6855824e-03
  -1.4893986e-03
  -1.0087338e-03
  -3.0968433e-04
   5.3240821e-04
   1.4280214e-03
   2.2790208e-03
   3.0055933e-03
   3.5739632e-03
   3.9997898e-03
   4.2914637e-03
   4.4368704e-03
   4.4447035e-03
   4.3631449e-03
   4.2665467e-03
   4.1898889e-03
   4.1101751e-03
   3.9802623e-03
   3.7669188e-03
   3.4712390e-03
   3.1197711e-03
   2.7508131e-03
   2.4031241e-03
   2.1081877e-03
   1.8855932e-03
   1.7415493e-03
   1.6703775e-03
   1.6574165e-03
   1.6835243e-03
   1.7286434e-03
   1.7783398e-03
   1.8458980e-03
   1.9926057e-03
   2.2892216e-03
   2.7699139e-03
   3.4093938e-03
   4.1229020e-03
   4.7897493e-03
   5.3038456e-03
   5.6158936e-03
   5.7467012e-03
   5.7611351e-03
   5.7241450e-03
   5.7024493e-03
   5.7606740e-03
   5.9297175e-03
   6.2100272e-03
   6.5941144e-03
   7.0355520e-03
   7.4330544e-03
   7.6584779e-03
   7.6336985e-03
   7.3949217e-03
   7.0155220e-03
   6.5282012e-03
   5.9111674e-03
   5.1382506e-03
   4.2408174e-03
   3.2961452e-03
   2.3938525e-03
   1.6110309e-03
   9.9956545e-04
   5.8036455e-04
   3.4571285e-04
   2.6536092e-04
   2.9605086e-04
   3.9053736e-04
   5.0890910e-04
   6.4132938e-04
   8.0428335e-04
   1.0046315e-03
   1.2309566e-03
   1.4629604e-03
   1.6792636e-03
   1.8618669e-03
   1.9973688e-03
   2.0642938e-03
   2.0290107e-03
   1.8777051e-03
   1.6308406e-03
   1.3273277e-03
   1.0118725e-03
   7.2110037e-04
   4.5955204e-04
   2.0509060e-04
  -5.2367623e-05
  -2.9011895e-04
  -4.5801778e-04
  -5.2103310e-04
  -4.7771807e-04
  -3.4913447e-04
  -1.6798143e-04
   3.0132198e-05
   2.1499616e-04
   3.7529735e-04
   5.2856947e-04
   6.8233924e-04
   8.1060209e-04
   9.1009815e-04
   1.0209927e-03
   1.1971534e-03
   1.4874713e-03
   1.9237328e-03
   2.5194151e-03
   3.2665751e-03
   4.1337981e-03
   5.0598238e-03
   5.9620270e-03
   6.7563298e-03
   7.3576150e-03
   7.6658429e-03
   7.6060282e-03
   7.1677775e-03
   6.3978893e-03
   5.3874622e-03
   4.2604964e-03
   3.1186354e-03
   1.9950148e-03
   8.5221767e-04
  -3.5582834e-04
  -1.5966382e-03
  -2.8071174e-03
  -3.9649611e-03
  -5.0262134e-03
  -5.9182639e-03
  -6.6098562e-03
  -7.0962615e-03
  -7.3672514e-03
  -7.4507441e-03
  -7.4127491e-03
  -7.2926380e-03
  -7.0909614e-03
  -6.7935539e-03
  -6.4047793e-03
  -5.9487838e-03
  -5.4427271e-03
  -4.9164958e-03
  -4.4332637e-03
  -4.0312941e-03
  -3.6934686e-03
  -3.3740763e-03
  -3.0331810e-03
  -2.6632318e-03
  -2.3013704e-03
  -2.0107910e-03
  -1.8363373e-03
  -1.8026305e-03
  -1.9281724e-03
  -2.2054329e-03
  -2.5975871e-03
  -3.0714444e-03
  -3.5964505e-03
  -4.1314784e-03
  -4.6479838e-03
  -5.1341275e-03
  -5.5543788e-03
  -5.8712313e-03
  -6.0948238e-03
  -6.2762845e-03
  -6.4735145e-03
  -6.7137024e-03
  -6.9893660e-03
  -7.2792847e-03
  -7.5557811e-03
  -7.7794838e-03
  -7.8737143e-03
  -7.7478901e-03
  -7.3528656e-03
  -6.7071427e-03
  -5.8794704e-03
  -4.9233515e-03
  -3.8656577e-03
  -2.7357459e-03
  -1.5524277e-03
  -3.1534229e-04
   9.6624408e-04
   2.2638778e-03
   3.5437530e-03
   4.7749161e-03
   5.9261658e-03
   6.9327864e-03
   7.7018418e-03
   8.1588147e-03
   8.2980610e-03
   8.1921292e-03
   7.9167340e-03
   7.5148952e-03
   7.0125623e-03
   6.4419484e-03
   5.8520204e-03
   5.2952967e-03
   4.8150518e-03
   4.4336285e-03
   4.1225923e-03
   3.8007495e-03
   3.4080447e-03
   2.9302846e-03
   2.3662855e-03
   1.7326976e-03
   1.0738760e-03
   4.4724082e-04
  -9.4803124e-05
  -5.1408455e-04
  -7.7745968e-04
  -8.5318131e-04
  -7.4140569e-04
  -4.8345656e-04
  -1.4069452e-04
   2.2207067e-04
   5.5003391e-04
   8.0517816e-04
   9.6985773e-04
   1.0423993e-03
   1.0191824e-03
   8.9001309e-04
   6.8561906e-04
   4.7534957e-04
   3.1598793e-04
   2.3533727e-04
   2.3269207e-04
   2.6865726e-04
   2.8388487e-04
   2.4004053e-04
   1.2810109e-04
  -4.4609753e-05
  -2.8027879e-04
  -5.8573135e-04
  -9.4582863e-04
  -1.3259580e-03
  -1.6915088e-03
  -2.0350885e-03
  -2.3689424e-03
  -2.6943988e-03
  -2.9999147e-03
  -3.2806718e-03
  -3.5750783e-03
  -3.9291273e-03
  -4.3258657e-03
  -4.7104141e-03
  -5.0346728e-03
  -5.2699254e-03
  -5.4183607e-03
  -5.5161360e-03
  -5.5848919e-03
  -5.6086938e-03
  -5.5713114e-03
  -5.4620412e-03
  -5.2616656e-03
  -4.9647812e-03
  -4.5955135e-03
  -4.1942116e-03
  -3.8044527e-03
  -3.4652368e-03
  -3.2227225e-03
  -3.1231989e-03
  -3.1809899e-03
  -3.3844630e-03
  -3.7145517e-03
  -4.0967667e-03
  -4.4183960e-03
  -4.6407496e-03
  -4.7695748e-03
  -4.7689003e-03
  -4.6081716e-03
  -4.3052231e-03
  -3.9105290e-03
  -3.4985995e-03
  -3.1568851e-03
  -2.9508377e-03
  -2.9025661e-03
  -2.9966039e-03
  -3.1916175e-03
  -3.4327690e-03
  -3.6458578e-03
  -3.7542194e-03
  -3.7188193e-03
  -3.5456941e-03
  -3.2711593e-03
  -2.9498672e-03
  -2.6293460e-03
  -2.3172430e-03
  -2.0006452e-03
  -1.6773983e-03
  -1.3366888e-03
  -9.5920949e-04
  -5.4623303e-04
  -1.2186151e-04
   2.7820627e-04
   5.9876324e-04
   7.8165840e-04
   8.0200502e-04
   6.5827640e-04
   3.5527631e-04
  -7.5555747e-05
  -5.7308699e-04
  -1.0695534e-03
  -1.5057667e-03
  -1.8375969e-03
  -2.0202828e-03
  -2.0096277e-03
  -1.7790625e-03
  -1.3263365e-03
  -6.7673084e-04
   1.0482776e-04
   9.2392641e-04
   1.6871861e-03
   2.3212214e-03
   2.7834737e-03
   3.0631640e-03
   3.1775139e-03
   3.1625844e-03
   3.0642102e-03
   2.9321224e-03
   2.8290815e-03
   2.8037997e-03
   2.8483475e-03
   2.9204486e-03
   2.9705236e-03
   2.8971078e-03
   2.5738609e-03
   1.9377675e-03
   1.0198363e-03
  -6.9514398e-05
  -1.1678518e-03
  -2.1199303e-03
  -2.8465923e-03
  -3.3343536e-03
  -3.5976069e-03
  -3.6515571e-03
  -3.5260289e-03
  -3.2954706e-03
  -3.0324307e-03
  -2.7653022e-03
  -2.5058759e-03
  -2.2571874e-03
  -2.0010444e-03
  -1.7355059e-03
  -1.4983949e-03
  -1.3265774e-03
  -1.2332625e-03
  -1.2159926e-03
  -1.2779892e-03
  -1.4340717e-03
  -1.6805990e-03
  -1.9864728e-03
  -2.3074826e-03
  -2.5831187e-03
  -2.7448936e-03
  -2.7550945e-03
  -2.6208935e-03
  -2.3778492e-03
  -2.0760295e-03
  -1.7706376e-03
  -1.5288322e-03
  -1.4013079e-03
  -1.3744016e-03
  -1.3631408e-03
  -1.2470701e-03
  -9.2934346e-04
  -3.5657929e-04
   4.9532037e-04
   1.5916617e-03
   2.8224599e-03
   4.0251199e-03
   5.0467734e-03
   5.8106870e-03
   6.2910076e-03
   6.4772796e-03
   6.3972010e-03
   6.1202295e-03
   5.7357087e-03
   5.3477533e-03
   5.0608357e-03
   4.9386321e-03
   4.9992245e-03
   5.2394881e-03
   5.6122180e-03
   6.0195771e-03
   6.3660753e-03
   6.5821859e-03
   6.6118179e-03
   6.4171759e-03
   5.9922097e-03
   5.3811366e-03
   4.6693629e-03
   3.9524819e-03
   3.3138693e-03
   2.8110064e-03
   2.4690579e-03
   2.2729223e-03
   2.1647672e-03
   2.0784868e-03
   1.9722246e-03
   1.8308996e-03
   1.6695652e-03
   1.5351303e-03
   1.4747581e-03
   1.5066546e-03
   1.6228079e-03
   1.7982528e-03
   2.0007484e-03
   2.1982263e-03
   2.3693691e-03
   2.5219619e-03
   2.6742931e-03
   2.8105727e-03
   2.8970872e-03
   2.9185351e-03
   2.8986083e-03
   2.8886897e-03
   2.9261547e-03
   3.0197382e-03
   3.1571811e-03
   3.3000755e-03
   3.3885309e-03
   3.3793832e-03
   3.2661621e-03
   3.0655731e-03
   2.7863096e-03
   2.4006531e-03
   1.8721091e-03
   1.1919429e-03
   3.9767313e-04
  -4.4268210e-04
  -1.2721523e-03
  -2.0374288e-03
  -2.6684837e-03
  -3.1238253e-03
  -3.4192642e-03
  -3.5711824e-03
  -3.5787746e-03
  -3.4585395e-03
  -3.2485275e-03
  -2.9924877e-03
  -2.7130590e-03
  -2.4023326e-03
  -2.0361623e-03
  -1.5883027e-03
  -1.0448360e-03
  -4.4524608e-04
   9.9834713e-05
   4.8273865e-04
   6.5080542e-04
   5.8419434e-04
   2.9132488e-04
  -1.7288774e-04
  -6.9329929e-04
  -1.1125456e-03
  -1.3118957e-03
  -1.2567065e-03
  -9.7512335e-04
  -5.1487267e-04
   1.0127811e-04
   8.6191604e-04
   1.7411639e-03
   2.7005523e-03
   3.6932484e-03
   4.6559820e-03
   5.5181183e-03
   6.2249155e-03
   6.7624076e-03
   7.1621333e-03
   7.4626520e-03
   7.6813988e-03
   7.8070164e-03
   7.8186490e-03
   7.7195315e-03
   7.5520642e-03
   7.3842528e-03
   7.2486546e-03
   7.1385929e-03
   7.0658379e-03
   7.0683158e-03
   7.1891153e-03
   7.4777950e-03
   7.9789578e-03
   8.6785620e-03
   9.4977268e-03
   1.0334857e-02
   1.1106252e-02
   1.1769720e-02
   1.2286163e-02
   1.2596800e-02
   1.2631078e-02
   1.2343500e-02
   1.1756848e-02
   1.0914350e-02
   9.8294262e-03
   8.5487456e-03
   7.1773451e-03
   5.8192496e-03
   4.5455830e-03
   3.3966324e-03
   2.4136347e-03
   1.6508293e-03
   1.1206953e-03
   7.8311075e-04
   6.0671466e-04
   5.7581754e-04
   6.6199331e-04
   8.2271645e-04
   1.0108951e-03
   1.1651467e-03
   1.2219397e-03
   1.1522546e-03
   9.6757252e-04
   7.0173116e-04
   3.8260314e-04
   2.1086695e-05
  -3.4656911e-04
  -6.6020231e-04
  -8.9674482e-04
  -1.0631934e-03
  -1.1499143e-03
  -1.1424461e-03
  -1.0449186e-03
  -8.6142045e-04
  -5.9943021e-04
  -3.2488992e-04
  -1.3178840e-04
  -5.5315130e-05
  -8.9305545e-05
  -2.3304449e-04
  -4.7671863e-04
  -7.9123976e-04
  -1.1576510e-03
  -1.5759749e-03
  -2.0508785e-03
  -2.5752100e-03
  -3.1288638e-03
  -3.7354421e-03
  -4.4719608e-03
  -5.3609414e-03
  -6.3385702e-03
  -7.3086069e-03
  -8.1768486e-03
  -8.8720476e-03
  -9.3549012e-03
  -9.6205911e-03
  -9.6926578e-03
  -9.6079950e-03
  -9.3910378e-03
  -9.0503214e-03
  -8.5870848e-03
  -7.9880435e-03
  -7.2207778e-03
  -6.2345519e-03
  -4.9974555e-03
  -3.5796625e-03
  -2.1277014e-03
  -7.6806417e-04
   4.1106500e-04
   1.3496085e-03
   2.0188718e-03
   2.4200705e-03
   2.5634536e-03
   2.4698082e-03
   2.1849349e-03
   1.7510412e-03
   1.1831737e-03
   5.2620992e-04
  -1.2353274e-04
  -6.7608382e-04
  -1.0785841e-03
  -1.3160324e-03
  -1.4159277e-03
  -1.4471635e-03
  -1.4967635e-03
  -1.6408762e-03
  -1.9115771e-03
  -2.2989062e-03
  -2.7884916e-03
  -3.3948359e-03
  -4.1742710e-03
  -5.2007703e-03
  -6.5304796e-03
  -8.1656979e-03
  -1.0044387e-02
  -1.2050690e-02
  -1.4032489e-02
  -1.5828030e-02
  -1.7284989e-02
  -1.8278228e-02
  -1.8698514e-02
  -1.8467584e-02
  -1.7585989e-02
  -1.6136465e-02
  -1.4249791e-02
  -1.2033138e-02
  -9.5362724e-03
  -6.8399326e-03
  -4.0913290e-03
  -1.4285239e-03
   1.0743923e-03
   3.4304494e-03
   5.6782000e-03
   7.8193373e-03
   9.8392691e-03
   1.1721125e-02
   1.3376524e-02
   1.4659408e-02
   1.5453449e-02
   1.5696837e-02
   1.5372434e-02
   1.4490770e-02
   1.3093489e-02
   1.1289000e-02
   9.2164121e-03
   6.9611451e-03
   4.5612973e-03
   2.0484350e-03
  -5.2560283e-04
  -3.0904213e-03
  -5.5725297e-03
  -7.8607051e-03
  -9.7881961e-03
  -1.1232145e-02
  -1.2169012e-02
  -1.2597282e-02
  -1.2501124e-02
  -1.1867254e-02
  -1.0717147e-02
  -9.1295466e-03
  -7.2408766e-03
  -5.2126713e-03
  -3.1776929e-03
  -1.2324571e-03
   5.5304943e-04
   2.1552547e-03
   3.5919696e-03
   4.8695320e-03
   5.9801160e-03
   6.9306527e-03
   7.7151263e-03
   8.3019156e-03
   8.6932232e-03
   8.9364740e-03
   9.0806073e-03
   9.1610026e-03
   9.2045042e-03
   9.2486941e-03
   9.3317050e-03
   9.4451394e-03
   9.5441881e-03
   9.5925079e-03
   9.5732350e-03
   9.4826526e-03
   9.3066503e-03
   9.0192784e-03
   8.6003005e-03
   8.0570816e-03
   7.4332609e-03
   6.7916610e-03
   6.1948223e-03
   5.6930056e-03
   5.3290035e-03
   5.1428485e-03
   5.1464897e-03
   5.3096550e-03
   5.5771552e-03
   5.8961552e-03
   6.2416760e-03
   6.6158996e-03
   7.0371351e-03
   7.5473837e-03
   8.1972916e-03
   9.0050302e-03
   9.9373541e-03
   1.0915795e-02
   1.1843094e-02
   1.2625916e-02
   1.3176431e-02
   1.3423055e-02
   1.3331096e-02
   1.2906542e-02
   1.2185256e-02
   1.1185684e-02
   9.9225553e-03
   8.4715854e-03
   6.9382241e-03
   5.3936984e-03
   3.8869267e-03
   2.4657402e-03
   1.1850666e-03
   8.7557222e-05
  -8.2021786e-04
  -1.5348136e-03
  -2.0371466e-03
  -2.3466341e-03
  -2.5266355e-03
  -2.6339371e-03
  -2.6757110e-03
  -2.6018960e-03
  -2.3558437e-03
  -1.9176068e-03
  -1.3157846e-03
  -5.9495685e-04
   2.2666104e-04
   1.1218241e-03
   2.0229810e-03
   2.8273057e-03
   3.4230156e-03
   3.7201409e-03
   3.6392913e-03
   3.1095565e-03
   2.1297664e-03
   7.8748844e-04
  -7.8490725e-04
  -2.4583753e-03
  -4.1415692e-03
  -5.7667931e-03
  -7.2738470e-03
  -8.5983044e-03
  -9.6665018e-03
  -1.0415321e-02
  -1.0879796e-02
  -1.1208123e-02
  -1.1555791e-02
  -1.2050897e-02
  -1.2805842e-02
  -1.3856074e-02
  -1.5128151e-02
  -1.6507467e-02
  -1.7896007e-02
  -1.9235125e-02
  -2.0459570e-02
  -2.1464718e-02
  -2.2120270e-02
  -2.2288976e-02
  -2.1841089e-02
  -2.0696764e-02
  -1.8869423e-02
  -1.6475667e-02
  -1.3715382e-02
  -1.0825419e-02
  -7.9949267e-03
  -5.3023451e-03
  -2.7885397e-03
  -5.0407093e-04
   1.5101169e-03
   3.2254414e-03
   4.6258338e-03
   5.7652926e-03
   6.7719270e-03
   7.7577330e-03
   8.7682496e-03
   9.7851675e-03
   1.0749705e-02
   1.1584150e-02
   1.2180369e-02
   1.2437799e-02
   1.2330009e-02
   1.1893410e-02
   1.1192567e-02
   1.0324669e-02
   9.4092093e-03
   8.5565236e-03
   7.8486596e-03
   7.3294629e-03
   7.0059544e-03
   6.8540775e-03
   6.8269441e-03
   6.8407724e-03
   6.7738337e-03
   6.5172433e-03
   6.0009995e-03
   5.1663338e-03
   4.0009462e-03
   2.5874482e-03
   1.0581549e-03
  -4.5836676e-04
  -1.8399441e-03
  -2.9727262e-03
  -3.7639246e-03
  -4.1746014e-03
  -4.2359510e-03
  -4.0304061e-03
  -3.6747946e-03
  -3.3031316e-03
  -3.0110310e-03
  -2.8198719e-03
  -2.7136578e-03
  -2.6503810e-03
  -2.5408355e-03
  -2.2687649e-03
  -1.7280446e-03
  -8.1010650e-04
   5.7158371e-04
   2.4170006e-03
   4.6502277e-03
   7.1643359e-03
   9.8080196e-03
   1.2383009e-02
   1.4660647e-02
   1.6402568e-02
   1.7398836e-02
   1.7511444e-02
   1.6701503e-02
   1.5011068e-02
   1.2556190e-02
   9.5226438e-03
   6.1331148e-03
   2.6163300e-03
  -7.7434161e-04
  -3.8142543e-03
  -6.4057292e-03
  -8.5537015e-03
  -1.0299339e-02
  -1.1683405e-02
  -1.2738456e-02
  -1.3501454e-02
  -1.4027327e-02
  -1.4397297e-02
  -1.4701601e-02
  -1.5016024e-02
  -1.5372503e-02
  -1.5758786e-02
  -1.6133711e-02
  -1.6401053e-02
  -1.6412892e-02
  -1.6062058e-02
  -1.5321430e-02
  -1.4209180e-02
  -1.2771564e-02
  -1.1076586e-02
  -9.2031276e-03
  -7.2229116e-03
  -5.1774983e-03
  -3.0964510e-03
  -1.0384346e-03
   9.0293966e-04
   2.6243213e-03
   4.0611945e-03
   5.1899844e-03
   5.9876668e-03
   6.4299992e-03
   6.5153435e-03
   6.2877519e-03
   5.8307376e-03
   5.2245447e-03
   4.5393882e-03
   3.8460132e-03
   3.1929597e-03
   2.5929341e-03
   2.0534803e-03
   1.5983590e-03
   1.2687796e-03
   1.0972306e-03
   1.0843040e-03
   1.2217400e-03
   1.5000606e-03
   1.8840445e-03
   2.3028365e-03
   2.6653587e-03
   2.9167455e-03
   3.0549249e-03
   3.0572238e-03
   2.8803473e-03
   2.5272275e-03
   2.0650716e-03
   1.6019589e-03
   1.2298897e-03
   9.8871071e-04
   8.5726302e-04
   7.6944768e-04
   6.4758686e-04
   4.4163380e-04
   1.5110461e-04
  -1.7189037e-04
  -4.4085944e-04
  -5.6954423e-04
  -4.9254990e-04
  -1.7775827e-04
   3.7377618e-04
   1.1399750e-03
   2.0960871e-03
   3.1806595e-03
   4.2709519e-03
   5.2524835e-03
   6.0495188e-03
   6.5542953e-03
   6.6487322e-03
   6.2876486e-03
   5.5086746e-03
   4.4051528e-03
   3.0988119e-03
   1.7311833e-03
   4.6660521e-04
  -5.4850172e-04
  -1.2345634e-03
  -1.5826241e-03
  -1.6389765e-03
  -1.4879325e-03
  -1.2638512e-03
  -1.1571278e-03
  -1.3514532e-03
  -1.9564553e-03
  -2.9810755e-03
  -4.3534947e-03
  -5.9776105e-03
  -7.7689526e-03
  -9.6532173e-03
  -1.1446280e-02
  -1.2864899e-02
  -1.3691222e-02
  -1.3800596e-02
  -1.3124601e-02
  -1.1686984e-02
  -9.6243769e-03
  -7.1387306e-03
  -4.4387358e-03
  -1.6866699e-03
   1.0163948e-03
   3.6167008e-03
   6.0385127e-03
   8.1708602e-03
   9.9158098e-03
   1.1217346e-02
   1.2077948e-02
   1.2566170e-02
   1.2815134e-02
   1.3019495e-02
   1.3387469e-02
   1.4067181e-02
   1.5139026e-02
   1.6628060e-02
   1.8510810e-02
   2.0715761e-02
   2.3123835e-02
   2.5578920e-02
   2.7913687e-02
   2.9965488e-02
   3.1596521e-02
   3.2700993e-02
   3.3187013e-02
   3.2964480e-02
   3.2002077e-02
   3.0367602e-02
   2.8185228e-02
   2.5614299e-02
   2.2856286e-02
   2.0110732e-02
   1.7525486e-02
   1.5222656e-02
   1.3305834e-02
   1.1828915e-02
   1.0788939e-02
   1.0143298e-02
   9.8727213e-03
   1.0003295e-02
   1.0548854e-02
   1.1464658e-02
   1.2630321e-02
   1.3878582e-02
   1.5045140e-02
   1.6002312e-02
   1.6690628e-02
   1.7146568e-02
   1.7444747e-02
   1.7622126e-02
   1.7729503e-02
   1.7868130e-02
   1.8150202e-02
   1.8655012e-02
   1.9401629e-02
   2.0370020e-02
   2.1525909e-02
   2.2807485e-02
   2.4120929e-02
   2.5350674e-02
   2.6370965e-02
   2.7069124e-02
   2.7386162e-02
   2.7331234e-02
   2.6946328e-02
   2.6297384e-02
   2.5480353e-02
   2.4605297e-02
   2.3773329e-02
   2.3081090e-02
   2.2611659e-02
   2.2411772e-02
   2.2459403e-02
   2.2656812e-02
   2.2884714e-02
   2.3043302e-02
   2.3044472e-02
   2.2807278e-02
   2.2269979e-02
   2.1452191e-02
   2.0468863e-02
   1.9434806e-02
   1.8415203e-02
   1.7439447e-02
   1.6510289e-02
   1.5613276e-02
   1.4724316e-02
   1.3819180e-02
   1.2881006e-02
   1.1927344e-02
   1.1021383e-02
   1.0200015e-02
   9.4359160e-03
   8.7013453e-03
   7.9680135e-03
   7.1578657e-03
   6.1721286e-03
   4.9515931e-03
   3.5250997e-03
   1.9956274e-03
   4.7194241e-04
  -9.4786604e-04
  -2.1775493e-03
  -3.1542833e-03
  -3.8531923e-03
  -4.2841607e-03
  -4.4743355e-03
  -4.4514146e-03
  -4.2766924e-03
  -4.0391891e-03
  -3.7745591e-03
  -3.4658839e-03
  -3.1101278e-03
  -2.7115516e-03
  -2.2554528e-03
  -1.6780384e-03
  -8.9841743e-04
   1.1631644e-04
   1.3823241e-03
   2.9399073e-03
   4.7916216e-03
   6.8679677e-03
   9.0432318e-03
   1.1169715e-02
   1.3114551e-02
   1.4767680e-02
   1.6067908e-02
   1.7064934e-02
   1.7896695e-02
   1.8712762e-02
   1.9651419e-02
   2.0814604e-02
   2.2196535e-02
   2.3692934e-02
   2.5179559e-02
   2.6551785e-02
   2.7732660e-02
   2.8642545e-02
   2.9216050e-02
   2.9463637e-02
   2.9468111e-02
   2.9349514e-02
   2.9248745e-02
   2.9292177e-02
   2.9525929e-02
   2.9900442e-02
   3.0298426e-02
   3.0579259e-02
   3.0608237e-02
   3.0252722e-02
   2.9419998e-02
   2.8111716e-02
   2.6364357e-02
   2.4211580e-02
   2.1747891e-02
   1.9131189e-02
   1.6507329e-02
   1.3982174e-02
   1.1615881e-02
   9.4511278e-03
   7.5240498e-03
   5.8671771e-03
   4.4606173e-03
   3.1967592e-03
   1.8953810e-03
   3.4003975e-04
  -1.7233571e-03
  -4.5949904e-03
  -8.5928667e-03
  -1.3889457e-02
  -2.0411939e-02
  -2.7892625e-02
  -3.5987219e-02
  -4.4400092e-02
  -5.2919928e-02
  -6.1395781e-02
  -6.9670646e-02
  -7.7568382e-02
  -8.4947817e-02
  -9.1692624e-02
  -9.7724336e-02
  -1.0305190e-01
  -1.0777444e-01
  -1.1199794e-01
  -1.1577404e-01
  -1.1908071e-01
  -1.2190006e-01
  -1.2427337e-01
  -1.2630941e-01
  -1.2815685e-01
  -1.2996023e-01
  -1.3180217e-01
  -1.3367232e-01
  -1.3546125e-01
  -1.3699138e-01
  -1.3807341e-01
  -1.3855317e-01
  -1.3834943e-01
  -1.3747114e-01
  -1.3601122e-01
  -1.3410940e-01
  -1.3191023e-01
  -1.2953417e-01
  -1.2710372e-01
  -1.2475450e-01
  -1.2259525e-01
  -1.2064457e-01
  -1.1879713e-01
  -1.1693179e-01
  -1.1500795e-01
  -1.1302629e-01
  -1.1099300e-01
  -1.0889914e-01
  -1.0672613e-01
  -1.0445194e-01
  -1.0202425e-01
  -9.9372165e-02
  -9.6481238e-02
  -9.3398959e-02
  -9.0208615e-02
  -8.6999686e-02
  -8.3847200e-02
  -8.0781441e-02
  -7.7801721e-02
  -7.4905288e-02
  -7.2131375e-02
  -6.9560515e-02
  -6.7277303e-02
  -6.5334324e-02
  -6.3726556e-02
  -6.2425295e-02
  -6.1420147e-02
  -6.0729835e-02
  -6.0410663e-02
  -6.0566360e-02
  -6.1284549e-02
  -6.2544167e-02
  -6.4211612e-02
  -6.6091816e-02
  -6.8024401e-02
  -6.9917063e-02
  -7.1732152e-02
  -7.3455006e-02
  -7.5063601e-02
  -7.6476713e-02
  -7.7569071e-02
  -7.8238802e-02
  -7.8373023e-02
  -7.7807916e-02
  -7.6385167e-02
  -7.4026309e-02
  -7.0762315e-02
  -6.6680946e-02
  -6.1850551e-02
  -5.6322067e-02
  -5.0164944e-02
  -4.3495713e-02
  -3.6513850e-02
  -2.9509135e-02
  -2.2773206e-02
  -1.6503199e-02
  -1.0827966e-02
  -5.8269519e-03
  -1.5335196e-03
   2.0593723e-03
   4.9831386e-03
   7.2598741e-03
   8.8889114e-03
   9.8618459e-03
   1.0168353e-02
   9.8057481e-03
   8.7595768e-03
   7.0111168e-03
   4.5688137e-03
   1.5058631e-03
  -2.0230774e-03
  -5.8390869e-03
  -9.8027884e-03
  -1.3800802e-02
  -1.7740034e-02
  -2.1551928e-02
  -2.5174052e-02
  -2.8525187e-02
  -3.1490314e-02
  -3.3934111e-02
  -3.5738049e-02
  -3.6849886e-02
  -3.7326889e-02
  -3.7279257e-02
  -3.6812648e-02
  -3.6001399e-02
  -3.4901057e-02
  -3.3568340e-02
  -3.2009648e-02
  -3.0144037e-02
  -2.7875967e-02
  -2.5148860e-02
  -2.1965399e-02
  -1.8379204e-02
  -1.4481684e-02
  -1.0379184e-02
  -6.1811386e-03
  -1.9831000e-03
   2.1516548e-03
   6.2293689e-03
   1.0346351e-02
   1.4664983e-02
   1.9267614e-02
   2.4115491e-02
   2.9120993e-02
   3.4216940e-02
   3.9378277e-02
   4.4603902e-02
   4.9902833e-02
   5.5363449e-02
   6.1097052e-02
   6.7121537e-02
   7.3368279e-02
   7.9732447e-02
   8.6042239e-02
   9.2126952e-02
   9.7944597e-02
   1.0357502e-01
   1.0913248e-01
   1.1478012e-01
   1.2071478e-01
   1.2709478e-01
   1.3398275e-01
   1.4134223e-01
   1.4906995e-01
   1.5704546e-01
   1.6515038e-01
   1.7328215e-01
   1.8135472e-01
   1.8925245e-01
   1.9679640e-01
   2.0378211e-01
   2.1001344e-01
   2.1531072e-01
   2.1956175e-01
   2.2278514e-01
   2.2505176e-01
   2.2642771e-01
   2.2701002e-01
   2.2693155e-01
   2.2632721e-01
   2.2531883e-01
   2.2398969e-01
   2.2221246e-01
   2.1965950e-01
   2.1602312e-01
   2.1117394e-01
   2.0522276e-01
   1.9844285e-01
   1.9115771e-01
   1.8364061e-01
   1.7606088e-01
   1.6849216e-01
   1.6095992e-01
   1.5349031e-01
   1.4608472e-01
   1.3868946e-01
   1.3115446e-01
   1.2330284e-01
   1.1502722e-01
   1.0628836e-01
   9.7078008e-02
   8.7355546e-02
   7.7099639e-02
   6.6422139e-02
   5.5509923e-02
   4.4548286e-02
   3.3748679e-02
   2.3356554e-02
   1.3612410e-02
   4.7476588e-03
  -3.0462177e-03
  -9.6554199e-03
  -1.5052849e-02
  -1.9229963e-02
  -2.2169898e-02
  -2.3871552e-02
  -2.4376914e-02
  -2.3759012e-02
  -2.1978683e-02
  -1.8929169e-02
  -1.4629741e-02
  -9.1309232e-03
  -2.3966127e-03
   5.5619159e-03
   1.4599662e-02
   2.4483671e-02
   3.4897822e-02
   4.5457138e-02
   5.5862410e-02
   6.5997035e-02
   7.5861359e-02
   8.5487456e-02
   9.4863695e-02
   1.0389578e-01
   1.1241506e-01
   1.2021024e-01
   1.2707963e-01
   1.3290141e-01
   1.3766042e-01
   1.4144134e-01
   1.4435085e-01
   1.4645572e-01
   1.4768712e-01
   1.4785989e-01
   1.4678543e-01
   1.4430405e-01
   1.4031870e-01
   1.3486930e-01
   1.2812381e-01
   1.2025360e-01
   1.1141632e-01
   1.0181156e-01
   9.1638936e-02
   8.1066404e-02
   7.0287377e-02
   5.9553435e-02
   4.9154496e-02
   3.9341245e-02
   3.0238130e-02
   2.1904689e-02
   1.4366736e-02
   7.5981126e-03
   1.4885795e-03
  -4.1523344e-03
  -9.4920826e-03
  -1.4591677e-02
  -1.9457176e-02
  -2.4144056e-02
  -2.8883042e-02
  -3.3948290e-02
  -3.9459498e-02
  -4.5322366e-02
  -5.1308856e-02
  -5.7222728e-02
  -6.2929762e-02
  -6.8279009e-02
  -7.3124615e-02
  -7.7371524e-02
  -8.0974169e-02
  -8.3927733e-02
  -8.6259747e-02
  -8.8036979e-02
  -8.9380571e-02
  -9.0457097e-02
  -9.1446895e-02
  -9.2491071e-02
  -9.3713520e-02
  -9.5264295e-02
  -9.7283126e-02
  -9.9842284e-02
  -1.0297894e-01
  -1.0669103e-01
  -1.1089182e-01
  -1.1543402e-01
  -1.2017376e-01
  -1.2502845e-01
  -1.2997744e-01
  -1.3497049e-01
  -1.3991397e-01
  -1.4470121e-01
  -1.4923583e-01
  -1.5343181e-01
  -1.5721685e-01
  -1.6055175e-01
  -1.6347571e-01
  -1.6604657e-01
  -1.6826570e-01
  -1.7009043e-01
  -1.7147670e-01
  -1.7238114e-01
  -1.7277899e-01
  -1.7267781e-01
  -1.7212509e-01
  -1.7119655e-01
  -1.6996515e-01
  -1.6848665e-01
  -1.6680716e-01
  -1.6496936e-01
  -1.6300903e-01
  -1.6093651e-01
  -1.5871532e-01
  -1.5619746e-01
  -1.5308214e-01
  -1.4895638e-01
  -1.4348495e-01
  -1.3657770e-01
  -1.2821467e-01
  -1.1839790e-01
  -1.0727541e-01
  -9.5131450e-02
  -8.2286099e-02
  -6.9088330e-02
  -5.5911349e-02
  -4.3131112e-02
  -3.1125369e-02
  -2.0287698e-02
  -1.1010920e-02
  -3.6231916e-03
   1.6890515e-03
   4.9277154e-03
   6.3023304e-03
   6.1702357e-03
   4.9454533e-03
   3.0169642e-03
   7.2237376e-04
  -1.6041821e-03
  -3.6755105e-03
  -5.3527298e-03
  -6.6279864e-03
  -7.5802164e-03
  -8.4123903e-03
  -9.4036340e-03
  -1.0765673e-02
  -1.2597351e-02
  -1.4905894e-02
  -1.7705618e-02
  -2.1043744e-02
  -2.4931903e-02
  -2.9344489e-02
  -3.4264778e-02
  -3.9728285e-02
  -4.5805770e-02
  -5.2491245e-02
  -5.9658265e-02
  -6.7098616e-02
  -7.4598987e-02
  -8.2011461e-02
  -8.9251168e-02
  -9.6228626e-02
  -1.0270017e-01
  -1.0821289e-01
  -1.1219549e-01
  -1.1407184e-01
  -1.1340142e-01
  -1.0994401e-01
  -1.0366313e-01
  -9.4679915e-02
  -8.3187105e-02
  -6.9420787e-02
  -5.3816872e-02
  -3.7007304e-02
  -1.9623129e-02
  -2.2113387e-03
   1.4764720e-02
   3.0908274e-02
   4.5903786e-02
   5.9583170e-02
   7.1937270e-02
   8.3099689e-02
   9.3316361e-02
   1.0288808e-01
   1.1203511e-01
   1.2087378e-01
   1.2953554e-01
   1.3820144e-01
   1.4706764e-01
   1.5622224e-01
   1.6558333e-01
   1.7491690e-01
   1.8389460e-01
   1.9219913e-01
   1.9957306e-01
   2.0586771e-01
   2.1105279e-01
   2.1518407e-01
   2.1832279e-01
   2.2051025e-01
   2.2177607e-01
   2.2204658e-01
   2.2110358e-01
   2.1855406e-01
   2.1377646e-01
   2.0595926e-01
   1.9431157e-01
   1.7832200e-01
   1.5785905e-01
   1.3311892e-01
   1.0448222e-01
   7.2501689e-02
   3.7969913e-02
   2.0804692e-03
  -3.3645156e-02
  -6.7651127e-02
  -9.8588861e-02
  -1.2554056e-01
  -1.4804711e-01
  -1.6611334e-01
  -1.8013709e-01
  -1.9079290e-01
  -1.9887511e-01
  -2.0516081e-01
  -2.1031630e-01
  -2.1483853e-01
  -2.1903175e-01
  -2.2305565e-01
  -2.2695771e-01
  -2.3072555e-01
  -2.3435986e-01
  -2.3786683e-01
  -2.4115491e-01
  -2.4395705e-01
  -2.4585129e-01
  -2.4633174e-01
  -2.4491794e-01
  -2.4124784e-01
  -2.3511356e-01
  -2.2648759e-01
  -2.1554956e-01
  -2.0262092e-01
  -1.8794190e-01
  -1.7172311e-01
  -1.5437824e-01
  -1.3646275e-01
  -1.1853832e-01
  -1.0116729e-01
  -8.4903076e-02
  -7.0219233e-02
  -5.7450423e-02
  -4.6736236e-02
  -3.8102001e-02
  -3.1529204e-02
  -2.7009378e-02
  -2.4500948e-02
  -2.3853036e-02
  -2.4798576e-02
  -2.6984805e-02
  -3.0007819e-02
  -3.3481750e-02
  -3.7098368e-02
  -4.0628878e-02
  -4.3896864e-02
  -4.6738920e-02
  -4.9009881e-02
  -5.0613932e-02
  -5.1413617e-02
  -5.1211184e-02
  -4.9843638e-02
  -4.7238569e-02
  -4.3422201e-02
  -3.8525728e-02
  -3.2767760e-02
  -2.6403797e-02
  -1.9725068e-02
  -1.3090254e-02
  -6.8071619e-03
  -1.0308494e-03
   4.1303358e-03
   8.5903199e-03
   1.2378948e-02
   1.5608526e-02
   1.8403915e-02
   2.0877103e-02
   2.3125142e-02
   2.5226089e-02
   2.7251871e-02
   2.9272629e-02
   3.1331382e-02
   3.3427373e-02
   3.5536097e-02
   3.7621832e-02
   3.9651469e-02
   4.1599885e-02
   4.3450353e-02
   4.5175066e-02
   4.6727632e-02
   4.8045550e-02
   4.9055103e-02
   4.9672316e-02
   4.9777697e-02
   4.9252787e-02
   4.8066888e-02
   4.6255172e-02
   4.3857974e-02
   4.0805087e-02
   3.6972888e-02
   3.2378861e-02
   2.7146559e-02
   2.1397125e-02
   1.5270013e-02
   8.9323441e-03
   2.5307310e-03
  -3.8074950e-03
  -9.9564205e-03
  -1.5788452e-02
  -2.1194692e-02
  -2.6106996e-02
  -3.0473052e-02
  -3.4226163e-02
  -3.7328747e-02
  -3.9802417e-02
  -4.1675944e-02
  -4.2939829e-02
  -4.3535292e-02
  -4.3392122e-02
  -4.2468333e-02
  -4.0728752e-02
  -3.8103103e-02
  -3.4468175e-02
  -2.9710673e-02
  -2.3800174e-02
  -1.6749961e-02
  -8.6453852e-03
   2.9564888e-04
   9.8581978e-03
   1.9946087e-02
   3.0415165e-02
   4.1008759e-02
   5.1425388e-02
   6.1346842e-02
   7.0477352e-02
   7.8642155e-02
   8.5793069e-02
   9.1901184e-02
   9.6926578e-02
   1.0086512e-01
   1.0379046e-01
   1.0586092e-01
   1.0727954e-01
   1.0823836e-01
   1.0886817e-01
   1.0923986e-01
   1.0937615e-01
   1.0923367e-01
   1.0867544e-01
   1.0748603e-01
   1.0545068e-01
   1.0244412e-01
   9.8491120e-02
   9.3700442e-02
   8.8159499e-02
   8.1977734e-02
   7.5330667e-02
   6.8409032e-02
   6.1405624e-02
   5.4541187e-02
   4.8028962e-02
   4.2025608e-02
   3.6617648e-02
   3.1809280e-02
   2.7523687e-02
   2.3682334e-02
   2.0270077e-02
   1.7346799e-02
   1.5003290e-02
   1.3292068e-02
   1.2248581e-02
   1.1906832e-02
   1.2216368e-02
   1.3041452e-02
   1.4260460e-02
   1.5764223e-02
   1.7423684e-02
   1.9105997e-02
   2.0709842e-02
   2.2190960e-02
   2.3547218e-02
   2.4790936e-02
   2.5980070e-02
   2.7228056e-02
   2.8675722e-02
   3.0424526e-02
   3.2479562e-02
   3.4789412e-02
   3.7295226e-02
   3.9950542e-02
   4.2702705e-02
   4.5470905e-02
   4.8196154e-02
   5.0865443e-02
   5.3459499e-02
   5.5948311e-02
   5.8322588e-02
   6.0579438e-02
   6.2702755e-02
   6.4652892e-02
   6.6378018e-02
   6.7834288e-02
   6.8967875e-02
   6.9712633e-02
   7.0038206e-02
   6.9948725e-02
   6.9448320e-02
   6.8537058e-02
   6.7227124e-02
   6.5505233e-02
   6.3318454e-02
   6.0579714e-02
   5.7174684e-02
   5.3000186e-02
   4.8062276e-02
   4.2472945e-02
   3.6337916e-02
   2.9779711e-02
   2.2994775e-02
   1.6177488e-02
   9.4780409e-03
   3.0492050e-03
  -2.9452761e-03
  -8.3607666e-03
  -1.3049712e-02
  -1.6867112e-02
  -1.9703868e-02
  -2.1508151e-02
  -2.2293381e-02
  -2.2140438e-02
  -2.1192007e-02
  -1.9627947e-02
  -1.7620611e-02
  -1.5285844e-02
  -1.2684216e-02
  -9.8425042e-03
  -6.7553180e-03
  -3.4152582e-03
   1.3705539e-04
   3.8436936e-03
   7.6735520e-03
   1.1616570e-02
   1.5668548e-02
   1.9825081e-02
   2.4063317e-02
   2.8330944e-02
   3.2558787e-02
   3.6668446e-02
   4.0554333e-02
   4.4101362e-02
   4.7221911e-02
   4.9859744e-02
   5.1994831e-02
   5.3669366e-02
   5.4971040e-02
   5.5988096e-02
   5.6760662e-02
   5.7258108e-02
   5.7363145e-02
   5.6927647e-02
   5.5878034e-02
   5.4235850e-02
   5.2083762e-02
   4.9459970e-02
   4.6345685e-02
   4.2733816e-02
   3.8627393e-02
   3.4025382e-02
   2.8977548e-02
   2.3585488e-02
   1.7935998e-02
   1.2082972e-02
   6.0662862e-03
  -7.7888449e-05
  -6.2991641e-03
  -1.2509315e-02
  -1.8603389e-02
  -2.4507143e-02
  -3.0169023e-02
  -3.5541122e-02
  -4.0552130e-02
  -4.5109126e-02
  -4.9117396e-02
  -5.2459651e-02
  -5.4999812e-02
  -5.6625201e-02
  -5.7272975e-02
  -5.6933773e-02
  -5.5611037e-02
  -5.3308689e-02
  -5.0087302e-02
  -4.6092454e-02
  -4.1528920e-02
  -3.6554529e-02
  -3.1212097e-02
  -2.5527915e-02
  -1.9568614e-02
  -1.3407636e-02
  -7.1498124e-03
  -9.5631856e-04
   4.9922932e-03
   1.0539149e-02
   1.5556627e-02
   1.9944916e-02
   2.3623552e-02
   2.6461822e-02
   2.8281730e-02
   2.8967086e-02
   2.8515757e-02
   2.7034570e-02
   2.4693608e-02
   2.1664880e-02
   1.8012263e-02
   1.3687506e-02
   8.6338215e-03
   2.9078042e-03
  -3.2641454e-03
  -9.5489375e-03
  -1.5619126e-02
  -2.1271370e-02
  -2.6393197e-02
  -3.0898638e-02
  -3.4776747e-02
  -3.8101244e-02
  -4.0935522e-02
  -4.3285089e-02
  -4.5108162e-02
  -4.6370878e-02
  -4.7087827e-02
  -4.7320685e-02
  -4.7164988e-02
  -4.6729146e-02
  -4.6087154e-02
  -4.5252020e-02
  -4.4179211e-02
  -4.2787712e-02
  -4.0988247e-02
  -3.8680944e-02
  -3.5770331e-02
  -3.2214835e-02
  -2.8032766e-02
  -2.3239747e-02
  -1.7844934e-02
  -1.1879024e-02
  -5.4076918e-03
   1.4559120e-03
   8.5157065e-03
   1.5534532e-02
   2.2311553e-02
   2.8683844e-02
   3.4521657e-02
   3.9753891e-02
   4.4368016e-02
   4.8393219e-02
   5.1888693e-02
   5.4935455e-02
   5.7584507e-02
   5.9846864e-02
   6.1723763e-02
   6.3210526e-02
   6.4298547e-02
   6.4987895e-02
   6.5285798e-02
   6.5179453e-02
   6.4642636e-02
   6.3661579e-02
   6.2212468e-02
   6.0241819e-02
   5.7648796e-02
   5.4313148e-02
   5.0162535e-02
   4.5198332e-02
   3.9498801e-02
   3.3180680e-02
   2.6395056e-02
   1.9341952e-02
   1.2243488e-02
   5.2957097e-03
  -1.3353879e-03
  -7.5049834e-03
  -1.3067471e-02
  -1.7927876e-02
  -2.2101823e-02
  -2.5680171e-02
  -2.8775940e-02
  -3.1490108e-02
  -3.3887305e-02
  -3.5995755e-02
  -3.7820549e-02
  -3.9364579e-02
  -4.0635967e-02
  -4.1634783e-02
  -4.2327917e-02
  -4.2651769e-02
  -4.2541157e-02
  -4.1975981e-02
  -4.0970627e-02
  -3.9520689e-02
  -3.7632914e-02
  -3.5365188e-02
  -3.2760050e-02
  -2.9834708e-02
  -2.6663017e-02
  -2.3378580e-02
  -2.0129867e-02
  -1.7063626e-02
  -1.4313873e-02
  -1.1987985e-02
  -1.0130771e-02
  -8.6917089e-03
  -7.5806982e-03
  -6.7172059e-03
  -6.0161424e-03
  -5.3855212e-03
  -4.7461927e-03
  -4.0411439e-03
  -3.2275820e-03
  -2.2223862e-03
  -9.2422239e-04
   7.0671457e-04
   2.6381152e-03
   4.7915527e-03
   7.0712068e-03
   9.4046665e-03
   1.1774263e-02
   1.4161411e-02
   1.6501823e-02
   1.8732448e-02
   2.0820454e-02
   2.2760679e-02
   2.4569023e-02
   2.6274669e-02
   2.7912242e-02
   2.9515054e-02
   3.1111878e-02
   3.2740020e-02
   3.4449109e-02
   3.6281406e-02
   3.8229477e-02
   4.0199850e-02
   4.2058923e-02
   4.3698009e-02
   4.5051170e-02
   4.6067881e-02
   4.6675320e-02
   4.6809954e-02
   4.6451066e-02
   4.5565617e-02
   4.4100399e-02
   4.2029807e-02
   3.9390666e-02
   3.6288151e-02
   3.2868391e-02
   2.9286946e-02
   2.5680790e-02
   2.2136583e-02
   1.8682339e-02
   1.5325766e-02
   1.2093848e-02
   9.0490136e-03
   6.2559654e-03
   3.7424561e-03
   1.5036742e-03
  -4.9067768e-04
  -2.2915688e-03
  -3.9700821e-03
  -5.6055757e-03
  -7.2615261e-03
  -8.9619417e-03
  -1.0683902e-02
  -1.2371446e-02
  -1.3954159e-02
  -1.5328038e-02
  -1.6370836e-02
  -1.6991146e-02
  -1.7165428e-02
  -1.6935255e-02
  -1.6330639e-02
  -1.5375876e-02
  -1.4161893e-02
  -1.2835095e-02
  -1.1548564e-02
  -1.0427917e-02
  -9.5529985e-03
  -8.9577429e-03
  -8.6656217e-03
  -8.7064388e-03
  -9.0765463e-03
  -9.7060111e-03
  -1.0449668e-02
  -1.1093105e-02
  -1.1396446e-02
  -1.1155949e-02
  -1.0228856e-02
  -8.5245169e-03
  -6.0148208e-03
  -2.7564160e-03
   1.0863896e-03
   5.2872916e-03
   9.6565212e-03
   1.4084113e-02
   1.8530703e-02
   2.2960222e-02
   2.7309002e-02
   3.1491897e-02
   3.5409722e-02
   3.8978434e-02
   4.2208081e-02
   4.5180366e-02
   4.7953316e-02
   5.0559624e-02
   5.3035909e-02
   5.5421543e-02
   5.7751699e-02
   6.0052808e-02
   6.2342009e-02
   6.4623914e-02
   6.6872779e-02
   6.9027759e-02
   7.1003225e-02
   7.2698547e-02
   7.4020802e-02
   7.4927314e-02
   7.5399499e-02
   7.5354758e-02
   7.4666442e-02
   7.3231304e-02
   7.0988771e-02
   6.7916129e-02
   6.4009867e-02
   5.9279347e-02
   5.3763321e-02
   4.7577908e-02
   4.0913496e-02
   3.3975203e-02
   2.6991413e-02
   2.0234560e-02
   1.3948308e-02
   8.2937246e-03
   3.3702768e-03
  -7.6734143e-04
  -4.1097070e-03
  -6.6629528e-03
  -8.4525879e-03
  -9.5755065e-03
  -1.0190379e-02
  -1.0459029e-02
  -1.0521734e-02
  -1.0483051e-02
  -1.0393226e-02
  -1.0261689e-02
  -1.0093189e-02
  -9.8807745e-03
  -9.5900299e-03
  -9.1373934e-03
  -8.4181721e-03
  -7.3691099e-03
  -5.9838535e-03
  -4.2938315e-03
  -2.2987892e-03
   1.1866359e-05
   2.5624280e-03
   5.2264789e-03
   7.9068223e-03
   1.0566406e-02
   1.3189303e-02
   1.5696011e-02
   1.7951347e-02
   1.9827008e-02
   2.1237505e-02
   2.2155649e-02
   2.2607804e-02
   2.2637058e-02
   2.2272525e-02
   2.1553167e-02
   2.0525649e-02
   1.9187494e-02
   1.7500018e-02
   1.5449663e-02
   1.3078552e-02
   1.0475892e-02
   7.7337108e-03
   4.9486333e-03
   2.2381830e-03
  -2.9475820e-04
  -2.5884945e-03
  -4.5854228e-03
  -6.2280473e-03
  -7.4782768e-03
  -8.2807843e-03
  -8.5495028e-03
  -8.2094059e-03
  -7.2097648e-03
  -5.5154064e-03
  -3.1342877e-03
  -1.4479757e-04
   3.3217781e-03
   7.1079628e-03
   1.1053734e-02
   1.4988147e-02
   1.8735683e-02
   2.2166525e-02
   2.5184033e-02
   2.7648686e-02
   2.9412288e-02
   3.0400641e-02
   3.0649743e-02
   3.0278328e-02
   2.9415730e-02
   2.8186604e-02
   2.6723864e-02
   2.5155124e-02
   2.3592371e-02
   2.2136583e-02
   2.0871114e-02
   1.9840292e-02
   1.9018237e-02
   1.8309684e-02
   1.7631693e-02
   1.6950742e-02
   1.6265455e-02
   1.5581338e-02
   1.4892747e-02
   1.4199131e-02
   1.3517354e-02
   1.2852716e-02
   1.2205355e-02
   1.1601702e-02
   1.1050154e-02
   1.0477613e-02
   9.7897792e-03
   8.9382636e-03
   7.9427523e-03
   6.8761312e-03
   5.8270552e-03
   4.8512641e-03
   3.9414551e-03
   3.0583664e-03
   2.1682019e-03
   1.2463267e-03
   2.6352174e-04
  -8.4042681e-04
  -2.1315078e-03
  -3.6408882e-03
  -5.3579059e-03
  -7.2422533e-03
  -9.2366485e-03
  -1.1280396e-02
  -1.3322354e-02
  -1.5351922e-02
  -1.7409643e-02
  -1.9516440e-02
  -2.1635971e-02
  -2.3740290e-02
  -2.5828778e-02
  -2.7896273e-02
  -2.9925703e-02
  -3.1893874e-02
  -3.3744480e-02
  -3.5388247e-02
  -3.6738241e-02
  -3.7737331e-02
  -3.8366383e-02
  -3.8620165e-02
  -3.8480781e-02
  -3.7916362e-02
  -3.6904194e-02
  -3.5489016e-02
  -3.3786880e-02
  -3.1938339e-02
  -3.0051114e-02
  -2.8169878e-02
  -2.6339784e-02
  -2.4637579e-02
  -2.3120531e-02
  -2.1795178e-02
  -2.0615061e-02
  -1.9513205e-02
  -1.8436266e-02
  -1.7335236e-02
  -1.6168884e-02
  -1.4949189e-02
  -1.3734105e-02
  -1.2576633e-02
  -1.1507127e-02
  -1.0528962e-02
  -9.5916819e-03
  -8.6067018e-03
  -7.5391927e-03
  -6.4124403e-03
  -5.2421587e-03
  -4.0059090e-03
  -2.6480063e-03
  -1.1081610e-03
   6.4952584e-04
   2.6095019e-03
   4.6897715e-03
   6.7461634e-03
   8.6104876e-03
   1.0136553e-02
   1.1193186e-02
   1.1672117e-02
   1.1521444e-02
   1.0757001e-02
   9.4535369e-03
   7.7120289e-03
   5.6319245e-03
   3.3024295e-03
   8.0766298e-04
  -1.7623296e-03
  -4.3260103e-03
  -6.8393338e-03
  -9.2809073e-03
  -1.1631919e-02
  -1.3875691e-02
  -1.5998182e-02
  -1.7972065e-02
  -1.9750536e-02
  -2.1274812e-02
  -2.2492855e-02
  -2.3378787e-02
  -2.3940246e-02
  -2.4221836e-02
  -2.4309183e-02
  -2.4289153e-02
  -2.4203871e-02
  -2.4068823e-02
  -2.3899773e-02
  -2.3713859e-02
  -2.3525880e-02
  -2.3344577e-02
  -2.3161761e-02
  -2.2944459e-02
  -2.2647933e-02
  -2.2237697e-02
  -2.1714645e-02
  -2.1100117e-02
  -2.0391978e-02
  -1.9587956e-02
  -1.8725634e-02
  -1.7870608e-02
  -1.7091159e-02
  -1.6440563e-02
  -1.5948967e-02
  -1.5621260e-02
  -1.5440921e-02
  -1.5375807e-02
  -1.5386889e-02
  -1.5435346e-02
  -1.5488484e-02
  -1.5523175e-02
  -1.5530953e-02
  -1.5544238e-02
  -1.5637023e-02
  -1.5838149e-02
  -1.6103838e-02
  -1.6375792e-02
  -1.6619731e-02
  -1.6837790e-02
  -1.7043458e-02
  -1.7238183e-02
  -1.7414598e-02
  -1.7570089e-02
  -1.7724065e-02
  -1.7902959e-02
  -1.8114822e-02
  -1.8364268e-02
  -1.8667677e-02
  -1.9045356e-02
  -1.9512103e-02
  -2.0073150e-02
  -2.0723402e-02
  -2.1449024e-02
  -2.2230607e-02
  -2.3042269e-02
  -2.3839958e-02
  -2.4581963e-02
  -2.5272757e-02
  -2.5935398e-02
  -2.6564726e-02
  -2.7132242e-02
  -2.7614476e-02
  -2.8035381e-02
  -2.8439629e-02
  -2.8818685e-02
  -2.9111013e-02
  -2.9244959e-02
  -2.9181703e-02
  -2.8925374e-02
  -2.8490427e-02
  -2.7878721e-02
  -2.7074561e-02
  -2.6074576e-02
  -2.4917517e-02
  -2.3705393e-02
  -2.2579927e-02
  -2.1653248e-02
  -2.0970576e-02
  -2.0509955e-02
  -2.0246881e-02
  -2.0198010e-02
  -2.0378831e-02
  -2.0770001e-02
  -2.1309503e-02
  -2.1906892e-02
  -2.2474064e-02
  -2.2957744e-02
  -2.3347124e-02
  -2.3622864e-02
  -2.3749170e-02
  -2.3715167e-02
  -2.3541918e-02
  -2.3269413e-02
  -2.2944184e-02
  -2.2609800e-02
  -2.2298888e-02
  -2.2021152e-02
  -2.1753191e-02
  -2.1464305e-02
  -2.1146303e-02
  -2.0830504e-02
  -2.0579475e-02
  -2.0459226e-02
  -2.0534046e-02
  -2.0859275e-02
  -2.1434501e-02
  -2.2191167e-02
  -2.3045573e-02
  -2.3928545e-02
  -2.4792794e-02
  -2.5627652e-02
  -2.6456729e-02
  -2.7281194e-02
  -2.8068834e-02
  -2.8797622e-02
  -2.9466665e-02
  -3.0086081e-02
  -3.0651808e-02
  -3.1133285e-02
  -3.1473657e-02
  -3.1605538e-02
  -3.1478406e-02
  -3.1070510e-02
  -3.0384535e-02
  -2.9408778e-02
  -2.8128098e-02
  -2.6576152e-02
  -2.4794308e-02
  -2.2786560e-02
  -2.0588354e-02
  -1.8301838e-02
  -1.6049737e-02
  -1.3931169e-02
  -1.1991702e-02
  -1.0243999e-02
  -8.6923283e-03
  -7.3510072e-03
  -6.2415934e-03
  -5.3762289e-03
  -4.7495517e-03
  -4.3387785e-03
  -4.1077315e-03
  -4.0201296e-03
  -4.0564520e-03
  -4.1914032e-03
  -4.3604880e-03
  -4.4769924e-03
  -4.4649262e-03
  -4.2951187e-03
  -3.9884120e-03
  -3.5968635e-03
  -3.1987691e-03
  -2.8869345e-03
  -2.7238105e-03
  -2.7223582e-03
  -2.8602623e-03
  -3.1069822e-03
  -3.4430180e-03
  -3.8425303e-03
  -4.2678751e-03
  -4.6977903e-03
  -5.1147239e-03
  -5.4686491e-03
  -5.6711241e-03
  -5.6237679e-03
  -5.2671102e-03
  -4.5851474e-03
  -3.5629295e-03
  -2.1845081e-03
  -4.5234330e-04
   1.6042578e-03
   3.9210259e-03
   6.3806126e-03
   8.8741126e-03
   1.1382680e-02
   1.3918504e-02
   1.6456532e-02
   1.8947340e-02
   2.1337999e-02
   2.3586933e-02
   2.5655185e-02
   2.7505516e-02
   2.9129046e-02
   3.0538993e-02
   3.1709956e-02
   3.2600636e-02
   3.3209934e-02
   3.3533167e-02
   3.3535851e-02
   3.3221016e-02
   3.2652123e-02
   3.1921406e-02
   3.1111603e-02
   3.0268416e-02
   2.9386821e-02
   2.8428547e-02
   2.7364686e-02
   2.6165778e-02
   2.4783226e-02
   2.3197003e-02
   2.1428513e-02
   1.9453115e-02
   1.7225931e-02
   1.4782823e-02
   1.2209003e-02
   9.5719960e-03
   6.9135824e-03
   4.2633391e-03
   1.6587862e-03
  -8.5692575e-04
  -3.2489198e-03
  -5.4972624e-03
  -7.5815242e-03
  -9.4335069e-03
  -1.0965079e-02
  -1.2143544e-02
  -1.2985423e-02
  -1.3528298e-02
  -1.3821727e-02
  -1.3915063e-02
  -1.3839348e-02
  -1.3620601e-02
  -1.3297988e-02
  -1.2900485e-02
  -1.2433601e-02
  -1.1891001e-02
  -1.1264152e-02
  -1.0551607e-02
  -9.7765635e-03
  -8.9907133e-03
  -8.2572439e-03
  -7.6508376e-03
  -7.2671015e-03
  -7.1754866e-03
  -7.3731021e-03
  -7.8163087e-03
  -8.4516931e-03
  -9.2228134e-03
  -1.0075568e-02
  -1.0966524e-02
  -1.1882122e-02
  -1.2838468e-02
  -1.3843891e-02
  -1.4875470e-02
  -1.5880273e-02
  -1.6805439e-02
  -1.7617307e-02
  -1.8226536e-02
  -1.8493396e-02
  -1.8329783e-02
  -1.7718490e-02
  -1.6690765e-02
  -1.5344626e-02
  -1.3832809e-02
  -1.2279142e-02
  -1.0745575e-02
  -9.2500019e-03
  -7.7972424e-03
  -6.3980614e-03
  -5.0656608e-03
  -3.8096632e-03
  -2.6334828e-03
  -1.5344764e-03
  -5.0715459e-04
   4.3740203e-04
   1.2626811e-03
   1.9087000e-03
   2.3087078e-03
   2.4160025e-03
   2.2154066e-03
   1.7292629e-03
   1.0268709e-03
   1.9713849e-04
  -7.0725146e-04
  -1.6501134e-03
  -2.5830706e-03
  -3.5060677e-03
  -4.4741703e-03
  -5.5060246e-03
  -6.5951813e-03
  -7.7721188e-03
  -9.0825346e-03
  -1.0547271e-02
  -1.2160477e-02
  -1.3894826e-02
  -1.5713908e-02
  -1.7592322e-02
  -1.9522290e-02
  -2.1448267e-02
  -2.3253720e-02
  -2.4817711e-02
  -2.6074094e-02
  -2.7042761e-02
  -2.7776575e-02
  -2.8318623e-02
  -2.8721976e-02
  -2.9044246e-02
  -2.9320536e-02
  -2.9573699e-02
  -2.9830785e-02
  -3.0099228e-02
  -3.0358860e-02
  -3.0576437e-02
  -3.0707768e-02
  -3.0699370e-02
  -3.0518687e-02
  -3.0170950e-02
  -2.9670889e-02
  -2.9038671e-02
  -2.8318623e-02
  -2.7573384e-02
  -2.6861527e-02
  -2.6207283e-02
  -2.5593718e-02
  -2.4984077e-02
  -2.4348761e-02
  -2.3687015e-02
  -2.3021964e-02
  -2.2386235e-02
  -2.1808669e-02
  -2.1290849e-02
  -2.0782528e-02
  -2.0224442e-02
  -1.9597248e-02
  -1.8900328e-02
  -1.8124252e-02
  -1.7240248e-02
  -1.6207499e-02
  -1.4993998e-02
  -1.3586048e-02
  -1.1995487e-02
  -1.0272839e-02
  -8.4922349e-03
  -6.7135096e-03
  -4.9964093e-03
  -3.4139229e-03
  -1.9818817e-03
  -6.4053024e-04
   6.6688930e-04
   1.9744066e-03
   3.3129194e-03
   4.6957185e-03
   6.1003234e-03
   7.4652676e-03
   8.7222701e-03
   9.8522094e-03
   1.0863277e-02
   1.1747350e-02
   1.2483228e-02
   1.3059830e-02
   1.3498563e-02
   1.3841757e-02
   1.4119768e-02
   1.4345673e-02
   1.4522502e-02
   1.4650528e-02
   1.4737807e-02
   1.4812764e-02
   1.4893573e-02
   1.4956416e-02
   1.4966534e-02
   1.4902383e-02
   1.4737531e-02
   1.4428202e-02
   1.3920707e-02
   1.3181731e-02
   1.2211619e-02
   1.0961568e-02
   9.3416855e-03
   7.3284992e-03
   4.9481928e-03
   2.2141126e-03
  -8.5484703e-04
  -4.2137184e-03
  -7.8130048e-03
  -1.1581465e-02
  -1.5387302e-02
  -1.9078120e-02
  -2.2537527e-02
  -2.5683819e-02
  -2.8474252e-02
  -3.0924794e-02
  -3.3066902e-02
  -3.4893899e-02
  -3.6372814e-02
  -3.7477010e-02
  -3.8201532e-02
  -3.8559525e-02
  -3.8565582e-02
  -3.8223420e-02
  -3.7531456e-02
  -3.6516947e-02
  -3.5254232e-02
  -3.3856262e-02
  -3.2429039e-02
  -3.1022535e-02
  -2.9650239e-02
  -2.8313943e-02
  -2.6990724e-02
  -2.5642589e-02
  -2.4252053e-02
  -2.2827033e-02
  -2.1393821e-02
  -2.0001771e-02
  -1.8706980e-02
  -1.7519911e-02
  -1.6429205e-02
  -1.5460470e-02
  -1.4641374e-02
  -1.3957532e-02
  -1.3383476e-02
  -1.2902206e-02
  -1.2502501e-02
  -1.2187459e-02
  -1.1984268e-02
  -1.1946824e-02
  -1.2132806e-02
  -1.2545177e-02
  -1.3140432e-02
  -1.3885534e-02
  -1.4755565e-02
  -1.5711361e-02
  -1.6703981e-02
  -1.7680633e-02
  -1.8577439e-02
  -1.9328117e-02
  -1.9878081e-02
  -2.0147763e-02
  -2.0033159e-02
  -1.9503362e-02
  -1.8617362e-02
  -1.7444884e-02
  -1.6028812e-02
  -1.4387454e-02
  -1.2563968e-02
  -1.0633723e-02
  -8.6459358e-03
  -6.6237808e-03
  -4.6082817e-03
  -2.6281828e-03
  -6.7150652e-04
   1.2636998e-03
   3.1568369e-03
   5.0157510e-03
   6.8473114e-03
   8.6058070e-03
   1.0223969e-02
   1.1658213e-02
   1.2893327e-02
   1.3922565e-02
   1.4715092e-02
   1.5225341e-02
   1.5417519e-02
   1.5263267e-02
   1.4747994e-02
   1.3900952e-02
   1.2784710e-02
   1.1459565e-02
   9.9585542e-03
   8.2914532e-03
   6.4969586e-03
   4.6422501e-03
   2.7643385e-03
   8.9670352e-04
  -8.7990861e-04
  -2.4406511e-03
  -3.6539042e-03
  -4.4211562e-03
  -4.6989192e-03
  -4.5024532e-03
  -3.8966457e-03
  -2.9762297e-03
  -1.8287245e-03
  -5.1543365e-04
   9.2102172e-04
   2.4524351e-03
   4.0570302e-03
   5.7020501e-03
   7.3391681e-03
   8.9387454e-03
   1.0501222e-02
   1.2043876e-02
   1.3588939e-02
   1.5155339e-02
   1.6736057e-02
   1.8300323e-02
   1.9826113e-02
   2.1293190e-02
   2.2648759e-02
   2.3804648e-02
   2.4662083e-02
   2.5143698e-02
   2.5214112e-02
   2.4883308e-02
   2.4189210e-02
   2.3180276e-02
   2.1943717e-02
   2.0608935e-02
   1.9290810e-02
   1.8051222e-02
   1.6891547e-02
   1.5782120e-02
   1.4694649e-02
   1.3589558e-02
   1.2407720e-02
   1.1077894e-02
   9.5555453e-03
   7.8629077e-03
   6.0586321e-03
   4.2041164e-03
   2.3722945e-03
   6.5169473e-04
  -8.6948751e-04
  -2.1620002e-03
  -3.2907488e-03
  -4.3419999e-03
  -5.3768897e-03
  -6.4473379e-03
  -7.5767748e-03
  -8.7306675e-03
  -9.8498692e-03
  -1.0893907e-02
  -1.1864157e-02
  -1.2783058e-02
  -1.3646069e-02
  -1.4432814e-02
  -1.5139508e-02
  -1.5779711e-02
  -1.6370010e-02
  -1.6907034e-02
  -1.7367793e-02
  -1.7723928e-02
  -1.7937306e-02
  -1.7964563e-02
  -1.7792484e-02
  -1.7440548e-02
  -1.6929060e-02
  -1.6258434e-02
  -1.5411186e-02
  -1.4384219e-02
  -1.3206786e-02
  -1.1925555e-02
  -1.0582375e-02
  -9.1925963e-03
  -7.7499551e-03
  -6.2393288e-03
  -4.6485482e-03
  -2.9711224e-03
  -1.2104173e-03
   6.2203175e-04
   2.5075898e-03
   4.4251071e-03
   6.3530662e-03
   8.2736258e-03
   1.0172827e-02
   1.2045184e-02
   1.3906390e-02
   1.5792238e-02
   1.7701626e-02
   1.9583482e-02
   2.1371933e-02
   2.3021964e-02
   2.4525315e-02
   2.5871247e-02
   2.7029477e-02
   2.7988576e-02
   2.8759903e-02
   2.9357980e-02
   2.9826242e-02
   3.0251621e-02
   3.0715821e-02
   3.1258008e-02
   3.1865377e-02
   3.2498559e-02
   3.3124858e-02
   3.3709307e-02
   3.4207441e-02
   3.4580577e-02
   3.4805312e-02
   3.4878687e-02
   3.4815086e-02
   3.4642388e-02
   3.4394044e-02
   3.4096209e-02
   3.3746958e-02
   3.3308156e-02
   3.2717444e-02
   3.1928978e-02
   3.0938698e-02
   2.9777165e-02
   2.8496071e-02
   2.7154475e-02
   2.5807991e-02
   2.4500397e-02
   2.3259364e-02
   2.2095422e-02
   2.1004854e-02
   1.9973482e-02
   1.8984303e-02
   1.8037868e-02
   1.7159302e-02
   1.6381987e-02
   1.5734282e-02
   1.5230916e-02
   1.4871202e-02
   1.4639584e-02
   1.4509905e-02
   1.4450779e-02
   1.4432126e-02
   1.4440385e-02
   1.4490977e-02
   1.4617007e-02
   1.4851998e-02
   1.5217012e-02
   1.5697870e-02
   1.6223192e-02
   1.6696960e-02
   1.7047520e-02
   1.7238940e-02
   1.7261723e-02
   1.7110156e-02
   1.6778113e-02
   1.6271443e-02
   1.5625046e-02
   1.4897771e-02
   1.4115982e-02
   1.3266945e-02
   1.2339990e-02
   1.1326100e-02
   1.0208069e-02
   8.9845184e-03
   7.6716935e-03
   6.2588495e-03
   4.7154456e-03
   3.0334356e-03
   1.2484880e-03
  -5.6526841e-04
  -2.3223090e-03
  -3.9480836e-03
  -5.3953641e-03
  -6.6611150e-03
  -7.7871929e-03
  -8.8057628e-03
  -9.7171619e-03
  -1.0523730e-02
  -1.1222096e-02
  -1.1777773e-02
  -1.2167429e-02
  -1.2412332e-02
  -1.2525422e-02
  -1.2498027e-02
  -1.2335791e-02
  -1.2053994e-02
  -1.1654771e-02
  -1.1113755e-02
  -1.0387169e-02
  -9.4381186e-03
  -8.2713543e-03
  -6.9578411e-03
  -5.5976739e-03
  -4.2740287e-03
  -3.0403532e-03
  -1.9209244e-03
  -9.1278258e-04
   1.9290397e-05
   9.3766520e-04
   1.8776707e-03
   2.8257432e-03
   3.7600494e-03
   4.6706569e-03
   5.5535459e-03
   6.3937800e-03
   7.1580722e-03
   7.8098385e-03
   8.3295859e-03
   8.7347286e-03
   9.0618851e-03
   9.3410661e-03
   9.6247210e-03
   9.9942090e-03
   1.0514094e-02
   1.1238409e-02
   1.2245828e-02
   1.3581711e-02
   1.5198221e-02
   1.6981992e-02
   1.8804721e-02
   2.0572041e-02
   2.2237766e-02
   2.3790468e-02
   2.5209501e-02
   2.6457280e-02
   2.7537385e-02
   2.8508530e-02
   2.9446704e-02
   3.0394584e-02
   3.1338265e-02
   3.2266597e-02
   3.3194584e-02
   3.4128835e-02
   3.5057993e-02
   3.5963679e-02
   3.6827791e-02
   3.7633465e-02
   3.8348005e-02
   3.8917380e-02
   3.9277232e-02
   3.9398926e-02
   3.9322867e-02
   3.9136884e-02
   3.8943123e-02
   3.8831065e-02
   3.8851302e-02
   3.9004177e-02
   3.9282807e-02
   3.9691942e-02
   4.0180165e-02
   4.0639065e-02
   4.0976064e-02
   4.1166728e-02
   4.1264675e-02
   4.1330685e-02
   4.1396488e-02
   4.1488791e-02
   4.1626041e-02
   4.1796881e-02
   4.1967239e-02
   4.2103594e-02
   4.2219989e-02
   4.2364466e-02
   4.2556506e-02
   4.2789432e-02
   4.3052163e-02
   4.3280615e-02
   4.3354540e-02
   4.3169039e-02
   4.2670078e-02
   4.1854286e-02
   4.0761172e-02
   3.9450825e-02
   3.7951535e-02
   3.6240107e-02
   3.4256793e-02
   3.1891946e-02
   2.9000744e-02
   2.5487924e-02
   2.1358648e-02
   1.6676999e-02
   1.1520343e-02
   5.9482882e-03
   3.9181005e-05
  -6.0844853e-03
  -1.2282928e-02
  -1.8415823e-02
  -2.4328112e-02
  -2.9874355e-02
  -3.4954952e-02
  -3.9532528e-02
  -4.3624015e-02
  -4.7271470e-02
  -5.0516398e-02
  -5.3388533e-02
  -5.5894554e-02
  -5.8029021e-02
  -5.9810865e-02
  -6.1298040e-02
  -6.2567432e-02
  -6.3688217e-02
  -6.4700454e-02
  -6.5619150e-02
  -6.6435148e-02
  -6.7090012e-02
  -6.7467071e-02
  -6.7416411e-02
  -6.6817508e-02
  -6.5623555e-02
  -6.3783205e-02
  -6.1234302e-02
  -5.7989719e-02
  -5.4126133e-02
  -4.9732957e-02
  -4.4899189e-02
  -3.9718373e-02
  -3.4283569e-02
  -2.8682536e-02
  -2.2994775e-02
  -1.7317133e-02
  -1.1773574e-02
  -6.5054386e-03
  -1.6416265e-03
   2.7319120e-03
   6.5633535e-03
   9.8104287e-03
   1.2419215e-02
   1.4333628e-02
   1.5530609e-02
   1.6027504e-02
   1.5873321e-02
   1.5159676e-02
   1.4017966e-02
   1.2557084e-02
   1.0847377e-02
   8.9556092e-03
   6.9516463e-03
   4.8955228e-03
   2.8133742e-03
   7.0232311e-04
  -1.4339134e-03
  -3.5759180e-03
  -5.6958484e-03
  -7.7472018e-03
  -9.6616148e-03
  -1.1355285e-02
  -1.2747610e-02
  -1.3783801e-02
  -1.4412784e-02
  -1.4575777e-02
  -1.4213035e-02
  -1.3274929e-02
  -1.1738883e-02
  -9.6650564e-03
  -7.2100401e-03
  -4.4998789e-03
  -1.5972645e-03
   1.4128028e-03
   4.4295743e-03
   7.3792281e-03
   1.0226103e-02
   1.2964154e-02
   1.5607425e-02
   1.8167685e-02
   2.0636261e-02
   2.2972199e-02
   2.5119606e-02
   2.7047235e-02
   2.8754809e-02
   3.0247078e-02
   3.1532714e-02
   3.2636567e-02
   3.3635864e-02
   3.4634266e-02
   3.5692964e-02
   3.6831508e-02
   3.8052029e-02
   3.9303388e-02
   4.0466642e-02
   4.1374737e-02
   4.1867777e-02
   4.1854562e-02
   4.1305974e-02
   4.0240736e-02
   3.8721348e-02
   3.6843278e-02
   3.4717414e-02
   3.2452993e-02
   3.0143349e-02
   2.7858484e-02
   2.5651330e-02
   2.3577779e-02
   2.1735226e-02
   2.0263400e-02
   1.9274566e-02
   1.8819658e-02
   1.8904114e-02
   1.9495102e-02
   2.0516907e-02
   2.1828286e-02
   2.3249039e-02
   2.4643498e-02
   2.5923078e-02
   2.7010341e-02
   2.7844236e-02
   2.8395646e-02
   2.8670559e-02
   2.8704562e-02
   2.8547282e-02
   2.8220607e-02
   2.7696317e-02
   2.6907851e-02
   2.5796565e-02
   2.4363698e-02
   2.2612209e-02
   2.0503554e-02
   1.8063474e-02
   1.5400173e-02
   1.2600724e-02
   9.7429737e-03
   6.9381553e-03
   4.2922828e-03
   1.8716686e-03
  -2.8192455e-04
  -2.1607475e-03
  -3.8009767e-03
  -5.2373474e-03
  -6.4718419e-03
  -7.4914236e-03
  -8.2734881e-03
  -8.7862146e-03
  -8.9997302e-03
  -8.9050179e-03
  -8.5192169e-03
  -7.8940196e-03
  -7.1186317e-03
  -6.3028673e-03
  -5.5479912e-03
  -4.9298079e-03
  -4.4893545e-03
  -4.2339549e-03
  -4.1421542e-03
  -4.1799015e-03
  -4.3452694e-03
  -4.6657630e-03
  -5.1350912e-03
  -5.7164910e-03
  -6.3791809e-03
  -7.1232434e-03
  -7.9636083e-03
  -8.8776918e-03
  -9.7985208e-03
  -1.0651344e-02
  -1.1389907e-02
  -1.2003403e-02
  -1.2468292e-02
  -1.2751189e-02
  -1.2844043e-02
  -1.2754425e-02
  -1.2490937e-02
  -1.2086965e-02
  -1.1602253e-02
  -1.1103292e-02
  -1.0647490e-02
  -1.0269535e-02
  -9.9406580e-03
  -9.5879650e-03
  -9.1729105e-03
  -8.7342468e-03
  -8.3754277e-03
  -8.1836629e-03
  -8.1904772e-03
  -8.4033045e-03
  -8.8163629e-03
  -9.4114119e-03
  -1.0174961e-02
  -1.1088700e-02
  -1.2070101e-02
  -1.2990861e-02
  -1.3741401e-02
  -1.4239741e-02
  -1.4428202e-02
  -1.4285583e-02
  -1.3840105e-02
  -1.3169135e-02
  -1.2347148e-02
  -1.1413998e-02
  -1.0421791e-02
  -9.4405965e-03
  -8.5135727e-03
  -7.6341115e-03
  -6.7567359e-03
  -5.8602113e-03
  -4.9545735e-03
  -4.0294563e-03
  -3.0753403e-03
  -2.1175488e-03
  -1.1680376e-03
  -2.1296975e-04
   7.3357954e-04
   1.6228699e-03
   2.3960001e-03
   2.9759750e-03
   3.2666371e-03
   3.1667831e-03
   2.6284375e-03
   1.7157306e-03
   5.5636848e-04
  -7.3178992e-04
  -2.0940221e-03
  -3.5215067e-03
  -4.9946541e-03
  -6.5081644e-03
  -8.0934935e-03
  -9.7781467e-03
  -1.1552556e-02
  -1.3368196e-02
  -1.5167178e-02
  -1.6909099e-02
  -1.8535108e-02
  -1.9978850e-02
  -2.1227868e-02
  -2.2315476e-02
  -2.3279325e-02
  -2.4132493e-02
  -2.4860937e-02
  -2.5448208e-02
  -2.5922802e-02
  -2.6383423e-02
  -2.6912325e-02
  -2.7527680e-02
  -2.8239880e-02
  -2.9062624e-02
  -2.9983935e-02
  -3.0967882e-02
  -3.1968969e-02
  -3.2944863e-02
  -3.3863352e-02
  -3.4704543e-02
  -3.5446754e-02
  -3.6055913e-02
  -3.6478746e-02
  -3.6662389e-02
  -3.6592593e-02
  -3.6285191e-02
  -3.5764756e-02
  -3.5077679e-02
  -3.4290796e-02
  -3.3452496e-02
  -3.2570695e-02
  -3.1615932e-02
  -3.0558403e-02
  -2.9393704e-02
  -2.8139592e-02
  -2.6826148e-02
  -2.5486479e-02
  -2.4134076e-02
  -2.2750561e-02
  -2.1281419e-02
  -1.9662569e-02
  -1.7860076e-02
  -1.5866163e-02
  -1.3685647e-02
  -1.1373456e-02
  -9.0311863e-03
  -6.7478153e-03
  -4.5629217e-03
  -2.4660362e-03
  -4.4897882e-04
   1.4647018e-03
   3.2421330e-03
   4.8675841e-03
   6.3601007e-03
   7.7478901e-03
   9.0468799e-03
   1.0261344e-02
   1.1383093e-02
   1.2382183e-02
   1.3218762e-02
   1.3861512e-02
   1.4299763e-02
   1.4561254e-02
   1.4736224e-02
   1.4955452e-02
   1.5342423e-02
   1.5966313e-02
   1.6827809e-02
   1.7878799e-02
   1.9044324e-02
   2.0240823e-02
   2.1375719e-02
   2.2355261e-02
   2.3110757e-02
   2.3632225e-02
   2.3986363e-02
   2.4259280e-02
   2.4501223e-02
   2.4728368e-02
   2.4935138e-02
   2.5101917e-02
   2.5174672e-02
   2.5063784e-02
   2.4693126e-02
   2.4012106e-02
   2.2949278e-02
   2.1434776e-02
   1.9453734e-02
   1.7069546e-02
   1.4403079e-02
   1.1578850e-02
   8.7078843e-03
   5.8917087e-03
   3.1951004e-03
   6.2916340e-04
  -1.8308858e-03
  -4.1971025e-03
  -6.4220836e-03
  -8.4298735e-03
  -1.0162778e-02
  -1.1555103e-02
  -1.2533131e-02
  -1.3049299e-02
  -1.3083990e-02
  -1.2637411e-02
  -1.1715687e-02
  -1.0332654e-02
  -8.5228650e-03
  -6.3439460e-03
  -3.8712813e-03
  -1.1889831e-03
   1.6142040e-03
   4.4389905e-03
   7.1973062e-03
   9.8421600e-03
   1.2351622e-02
   1.4709655e-02
   1.6909856e-02
   1.8958353e-02
   2.0869944e-02
   2.2649654e-02
   2.4283922e-02
   2.5752651e-02
   2.7032161e-02
   2.8089965e-02
   2.8894193e-02
   2.9427431e-02
   2.9673573e-02
   2.9617475e-02
   2.9257211e-02
   2.8583005e-02
   2.7563541e-02
   2.6185601e-02
   2.4471832e-02
   2.2452520e-02
   2.0132070e-02
   1.7481847e-02
   1.4480032e-02
   1.1145693e-02
   7.5335485e-03
   3.7330193e-03
  -1.3541789e-04
  -3.9270762e-03
  -7.5029873e-03
  -1.0776274e-02
  -1.3709669e-02
  -1.6279634e-02
  -1.8505717e-02
  -2.0467555e-02
  -2.2239004e-02
  -2.3864531e-02
  -2.5387637e-02
  -2.6839295e-02
  -2.8229211e-02
  -2.9588635e-02
  -3.0962032e-02
  -3.2330954e-02
  -3.3616453e-02
  -3.4725261e-02
  -3.5581801e-02
  -3.6143743e-02
  -3.6406817e-02
  -3.6387406e-02
  -3.6105266e-02
  -3.5582490e-02
  -3.4842963e-02
  -3.3898594e-02
  -3.2772096e-02
  -3.1527827e-02
  -3.0225947e-02
  -2.8887035e-02
  -2.7525270e-02
  -2.6174106e-02
  -2.4889227e-02
  -2.3733820e-02
  -2.2753865e-02
  -2.1952046e-02
  -2.1303859e-02
  -2.0805587e-02
  -2.0462392e-02
  -2.0259408e-02
  -2.0162149e-02
  -2.0120093e-02
  -2.0063444e-02
  -1.9929774e-02
  -1.9690584e-02
  -1.9332384e-02
  -1.8848980e-02
  -1.8265976e-02
  -1.7650209e-02
  -1.7087304e-02
  -1.6588482e-02
  -1.6072864e-02
  -1.5478710e-02
  -1.4794249e-02
  -1.4021339e-02
  -1.3165211e-02
  -1.2241836e-02
  -1.1291753e-02
  -1.0355781e-02
  -9.4285510e-03
  -8.4638075e-03
  -7.4108218e-03
  -6.2713149e-03
  -5.0982250e-03
  -3.9456125e-03
  -2.8638897e-03
  -1.9014107e-03
  -1.0566268e-03
  -2.8150537e-04
   4.5122892e-04
   1.1339454e-03
   1.7412120e-03
   2.2262476e-03
   2.5280672e-03
   2.5930649e-03
   2.3655146e-03
   1.7811206e-03
   8.2160826e-04
  -4.5930011e-04
  -1.9806358e-03
  -3.6513643e-03
  -5.3667646e-03
  -7.0241260e-03
  -8.5440651e-03
  -9.8818070e-03
  -1.1038660e-02
  -1.2058881e-02
  -1.2958579e-02
  -1.3689708e-02
  -1.4236093e-02
  -1.4612464e-02
  -1.4769676e-02
  -1.4642475e-02
  -1.4229279e-02
  -1.3547571e-02
  -1.2602995e-02
  -1.1405601e-02
  -9.9772076e-03
  -8.3470003e-03
  -6.5132923e-03
  -4.4417781e-03
  -2.1167021e-03
   4.4262910e-04
   3.1854709e-03
   6.0097686e-03
   8.7786432e-03
   1.1398718e-02
   1.3823792e-02
   1.6013325e-02
   1.7930973e-02
   1.9562144e-02
   2.0917025e-02
   2.2018468e-02
   2.2882649e-02
   2.3520236e-02
   2.3945408e-02
   2.4179780e-02
   2.4242623e-02
   2.4138412e-02
   2.3874856e-02
   2.3481759e-02
   2.2983143e-02
   2.2368821e-02
   2.1582764e-02
   2.0582435e-02
   1.9401629e-02
   1.8114203e-02
   1.6798969e-02
   1.5537974e-02
   1.4372793e-02
   1.3263159e-02
   1.2165433e-02
   1.1089870e-02
   1.0078665e-02
   9.1810326e-03
   8.4430892e-03
   7.9461939e-03
   7.8013034e-03
   8.0482023e-03
   8.6428384e-03
   9.5287698e-03
   1.0656782e-02
   1.1976490e-02
   1.3416103e-02
   1.4886277e-02
   1.6306410e-02
   1.7632726e-02
   1.8870937e-02
   2.0058282e-02
   2.1220435e-02
   2.2315132e-02
   2.3255096e-02
   2.3967159e-02
   2.4394397e-02
   2.4494684e-02
   2.4255013e-02
   2.3695068e-02
   2.2860898e-02
   2.1797519e-02
   2.0535354e-02
   1.9096154e-02
   1.7489418e-02
   1.5704271e-02
   1.3721577e-02
   1.1534316e-02
   9.1741495e-03
   6.7095862e-03
   4.2237265e-03
   1.8093691e-03
  -4.3779712e-04
  -2.4417731e-03
  -4.1691224e-03
  -5.6458009e-03
  -6.9322358e-03
  -8.0861285e-03
  -9.1520545e-03
  -1.0155894e-02
  -1.1091798e-02
  -1.1938633e-02
  -1.2690342e-02
  -1.3344174e-02
  -1.3891385e-02
  -1.4342645e-02
  -1.4726174e-02
  -1.5055740e-02
  -1.5313377e-02
  -1.5452967e-02
  -1.5423301e-02
  -1.5194504e-02
  -1.4778899e-02
  -1.4201540e-02
  -1.3464560e-02
  -1.2572778e-02
  -1.1550078e-02
  -1.0405547e-02
  -9.1188089e-03
  -7.6522830e-03
  -6.0007379e-03
  -4.2152396e-03
  -2.3595950e-03
  -4.8178533e-04
   1.3831708e-03
   3.1995400e-03
   4.9215481e-03
   6.5072696e-03
   7.9368328e-03
   9.2326563e-03
   1.0451526e-02
   1.1661104e-02
   1.2921548e-02
   1.4269752e-02
   1.5699109e-02
   1.7174445e-02
   1.8663548e-02
   2.0115756e-02
   2.1451227e-02
   2.2606014e-02
   2.3541436e-02
   2.4212200e-02
   2.4583959e-02
   2.4665800e-02
   2.4505422e-02
   2.4165738e-02
   2.3693898e-02
   2.3113510e-02
   2.2438272e-02
   2.1694478e-02
   2.0919434e-02
   2.0113898e-02
   1.9254880e-02
   1.8351741e-02
   1.7448877e-02
   1.6601216e-02
   1.5856871e-02
   1.5247849e-02
   1.4785714e-02
   1.4462825e-02
   1.4255986e-02
   1.4133810e-02
   1.4068970e-02
   1.4059196e-02
   1.4126032e-02
   1.4298661e-02
   1.4617696e-02
   1.5123195e-02
   1.5803182e-02
   1.6604382e-02
   1.7492447e-02
   1.8447003e-02
   1.9438729e-02
   2.0431693e-02
   2.1385493e-02
   2.2250431e-02
   2.3001177e-02
   2.3668086e-02
   2.4301956e-02
   2.4940369e-02
   2.5603699e-02
   2.6285958e-02
   2.6948737e-02
   2.7535389e-02
   2.7993188e-02
   2.8285240e-02
   2.8387799e-02
   2.8278082e-02
   2.7938191e-02
   2.7366751e-02
   2.6581176e-02
   2.5606108e-02
   2.4452904e-02
   2.3106420e-02
   2.1534307e-02
   1.9722935e-02
   1.7684005e-02
   1.5414421e-02
   1.2917555e-02
   1.0241590e-02
   7.4350505e-03
   4.5111810e-03
   1.4675721e-03
  -1.6780591e-03
  -4.8620225e-03
  -8.0253502e-03
  -1.1144936e-02
  -1.4187705e-02
  -1.7095289e-02
  -1.9811108e-02
  -2.2280441e-02
  -2.4457171e-02
  -2.6335654e-02
  -2.7951338e-02
  -2.9345178e-02
  -3.0553792e-02
  -3.1608842e-02
  -3.2519759e-02
  -3.3279522e-02
  -3.3897905e-02
  -3.4393424e-02
  -3.4778537e-02
  -3.5096676e-02
  -3.5428651e-02
  -3.5838956e-02
  -3.6344180e-02
  -3.6906741e-02
  -3.7439773e-02
  -3.7829841e-02
  -3.7977829e-02
  -3.7843194e-02
  -3.7473156e-02
  -3.6961255e-02
  -3.6399314e-02
  -3.5863323e-02
  -3.5428032e-02
  -3.5182509e-02
  -3.5162961e-02
  -3.5306269e-02
  -3.5513865e-02
  -3.5708933e-02
  -3.5858780e-02
  -3.5957002e-02
  -3.6001123e-02
  -3.6008970e-02
  -3.6007525e-02
  -3.5988321e-02
  -3.5932154e-02
  -3.5854719e-02
  -3.5798277e-02
  -3.5796281e-02
  -3.5831454e-02
  -3.5862703e-02
  -3.5878672e-02
  -3.5881150e-02
  -3.5856715e-02
  -3.5768060e-02
  -3.5585243e-02
  -3.5325266e-02
  -3.5011532e-02
  -3.4640323e-02
  -3.4210263e-02
  -3.3727754e-02
  -3.3184948e-02
  -3.2561540e-02
  -3.1834403e-02
  -3.0966024e-02
  -2.9900029e-02
  -2.8573231e-02
  -2.6945846e-02
  -2.5031433e-02
  -2.2883956e-02
  -2.0565364e-02
  -1.8098371e-02
  -1.5466664e-02
  -1.2648562e-02
  -9.6705629e-03
  -6.6117421e-03
  -3.5529902e-03
  -5.6228249e-04
   2.2945974e-03
   4.9636524e-03
   7.4143322e-03
   9.6441315e-03
   1.1674457e-02
   1.3541720e-02
   1.5271940e-02
   1.6870072e-02
   1.8328888e-02
   1.9630287e-02
   2.0747217e-02
   2.1700191e-02
   2.2577518e-02
   2.3437707e-02
   2.4269880e-02
   2.5030676e-02
   2.5669296e-02
   2.6141824e-02
   2.6401939e-02
   2.6415292e-02
   2.6186771e-02
   2.5730556e-02
   2.5044924e-02
   2.4162572e-02
   2.3148752e-02
   2.2041733e-02
   2.0857967e-02
   1.9617209e-02
   1.8325240e-02
   1.6983162e-02
   1.5631929e-02
   1.4346706e-02
   1.3204721e-02
   1.2264068e-02
   1.1553657e-02
   1.1073488e-02
   1.0812341e-02
   1.0766018e-02
   1.0949936e-02
   1.1376691e-02
   1.2005193e-02
   1.2743480e-02
   1.3485347e-02
   1.4136356e-02
   1.4629879e-02
   1.4931637e-02
   1.5026418e-02
   1.4900456e-02
   1.4527802e-02
   1.3875140e-02
   1.2926504e-02
   1.1716582e-02
   1.0343598e-02
   8.9016452e-03
   7.4370467e-03
   5.9596730e-03
   4.4592201e-03
   2.9169864e-03
   1.3151514e-03
  -3.5768473e-04
  -2.1016349e-03
  -3.8943605e-03
  -5.6834243e-03
  -7.4034568e-03
  -9.0023458e-03
  -1.0468940e-02
  -1.1821206e-02
  -1.3078552e-02
  -1.4272161e-02
  -1.5453242e-02
  -1.6672869e-02
  -1.7947148e-02
  -1.9231684e-02
  -2.0459157e-02
  -2.1575468e-02
  -2.2530919e-02
  -2.3292472e-02
  -2.3869831e-02
  -2.4310147e-02
  -2.4683352e-02
  -2.5080648e-02
  -2.5589313e-02
  -2.6250647e-02
  -2.7041660e-02
  -2.7890078e-02
  -2.8722802e-02
  -2.9472103e-02
  -3.0053524e-02
  -3.0395892e-02
  -3.0477320e-02
  -3.0321623e-02
  -2.9983659e-02
  -2.9532537e-02
  -2.9037638e-02
  -2.8556574e-02
  -2.8129130e-02
  -2.7774510e-02
  -2.7498082e-02
  -2.7324282e-02
  -2.7299296e-02
  -2.7393045e-02
  -2.7513844e-02
  -2.7626935e-02
  -2.7726052e-02
  -2.7772651e-02
  -2.7729425e-02
  -2.7595892e-02
  -2.7410459e-02
  -2.7208095e-02
  -2.6980262e-02
  -2.6690274e-02
  -2.6301720e-02
  -2.5808198e-02
  -2.5222992e-02
  -2.4551539e-02
  -2.3773742e-02
  -2.2848784e-02
  -2.1737153e-02
  -2.0426187e-02
  -1.8942729e-02
  -1.7318441e-02
  -1.5555733e-02
  -1.3659491e-02
  -1.1662618e-02
  -9.6296081e-03
  -7.6185556e-03
  -5.6419808e-03
  -3.7033391e-03
  -1.8247942e-03
   2.1948673e-06
   1.8112826e-03
   3.6055363e-03
   5.3515734e-03
   7.0023063e-03
   8.4948505e-03
   9.7612141e-03
   1.0752251e-02
   1.1462043e-02
   1.1938564e-02
   1.2267923e-02
   1.2546622e-02
   1.2861114e-02
   1.3273828e-02
   1.3816358e-02
   1.4476797e-02
   1.5196363e-02
   1.5874698e-02
   1.6400021e-02
   1.6701228e-02
   1.6764415e-02
   1.6614844e-02
   1.6272338e-02
   1.5732699e-02
   1.5022907e-02
   1.4208630e-02
   1.3349749e-02
   1.2497476e-02
   1.1703297e-02
   1.0993781e-02
   1.0363422e-02
   9.8060923e-03
   9.3250283e-03
   8.9271817e-03
   8.6327890e-03
   8.4716543e-03
   8.4307683e-03
   8.4503165e-03
   8.4777803e-03
   8.5107506e-03
   8.6036733e-03
   8.8036979e-03
   9.1147478e-03
   9.5286321e-03
   1.0028831e-02
   1.0576731e-02
   1.1133922e-02
   1.1685676e-02
   1.2234746e-02
   1.2777277e-02
   1.3268115e-02
   1.3629962e-02
   1.3788619e-02
   1.3693632e-02
   1.3321941e-02
   1.2662879e-02
   1.1724566e-02
   1.0553534e-02
   9.2111809e-03
   7.7461693e-03
   6.1924132e-03
   4.5736457e-03
   2.9062693e-03
   1.2017445e-03
  -5.2660639e-04
  -2.2298957e-03
  -3.8225210e-03
  -5.2357505e-03
  -6.4423201e-03
  -7.4506065e-03
  -8.2946194e-03
  -9.0177641e-03
  -9.6257535e-03
  -1.0092294e-02
  -1.0420414e-02
  -1.0630213e-02
  -1.0715495e-02
  -1.0649417e-02
  -1.0410227e-02
  -1.0011486e-02
  -9.5030956e-03
  -8.9496897e-03
  -8.4143864e-03
  -7.9441290e-03
  -7.5456629e-03
  -7.1845036e-03
  -6.8095228e-03
  -6.3825674e-03
  -5.8954325e-03
  -5.3330440e-03
  -4.6595888e-03
  -3.8764368e-03
  -3.0371870e-03
  -2.2135551e-03
  -1.4587960e-03
  -7.8600856e-04
  -1.7703003e-04
   3.9634950e-04
   9.4441758e-04
   1.4557606e-03
   1.9133530e-03
   2.3187435e-03
   2.7016054e-03
   3.1020470e-03
   3.5393822e-03
   3.9802004e-03
   4.3642738e-03
   4.6480595e-03
   4.8140400e-03
   4.8668820e-03
   4.8286736e-03
   4.7429783e-03
   4.6725498e-03
   4.6526988e-03
   4.6692321e-03
   4.7176551e-03
   4.8258584e-03
   5.0279479e-03
   5.3373528e-03
   5.7342426e-03
   6.1946021e-03
   6.7030817e-03
   7.2322727e-03
   7.7514694e-03
   8.2552478e-03
   8.7771289e-03
   9.3780286e-03
   1.0100691e-02
   1.0950555e-02
   1.1906764e-02
   1.2932630e-02
   1.3983619e-02
   1.4999711e-02
   1.5920678e-02
   1.6738053e-02
   1.7480057e-02
   1.8152955e-02
   1.8721917e-02
   1.9124169e-02
   1.9296454e-02
   1.9187700e-02
   1.8759224e-02
   1.8015980e-02
   1.7030243e-02
   1.5882614e-02
   1.4624854e-02
   1.3306385e-02
   1.1992252e-02
   1.0759066e-02
   9.6641615e-03
   8.7233026e-03
   7.9381406e-03
   7.3105342e-03
   6.8353003e-03
   6.4980117e-03
   6.2767732e-03
   6.1451466e-03
   6.0760052e-03
   6.0443427e-03
   6.0298812e-03
   6.0158671e-03
   5.9755111e-03
   5.8685675e-03
   5.6740288e-03
   5.3960868e-03
   5.0375568e-03
   4.6051912e-03
   4.1283260e-03
   3.6504420e-03
   3.2048469e-03
   2.7742159e-03
   2.3204230e-03
   1.8570212e-03
   1.4338515e-03
   1.0945875e-03
   8.8335019e-04
   8.3918096e-04
   9.6607200e-04
   1.2423689e-03
   1.6455430e-03
   2.1405592e-03
   2.6760552e-03
   3.2169200e-03
   3.7473225e-03
   4.2481205e-03
   4.7085831e-03
   5.1437777e-03
   5.5852498e-03
   6.0606971e-03
   6.5715651e-03
   7.1136759e-03
   7.7133367e-03
   8.4041305e-03
   9.1992730e-03
   1.0110672e-02
   1.1148308e-02
   1.2293872e-02
   1.3502211e-02
   1.4719085e-02
   1.5894659e-02
   1.6987085e-02
   1.7951072e-02
   1.8750275e-02
   1.9386486e-02
   1.9896803e-02
   2.0333127e-02
   2.0728358e-02
   2.1085594e-02
   2.1391756e-02
   2.1629638e-02
   2.1782376e-02
   2.1823331e-02
   2.1713888e-02
   2.1421285e-02
   2.0938638e-02
   2.0296921e-02
   1.9517059e-02
   1.8570625e-02
   1.7434560e-02
   1.6122285e-02
   1.4635179e-02
   1.2962089e-02
   1.1110038e-02
   9.0801943e-03
   6.8503675e-03
   4.4323276e-03
   1.8845194e-03
  -7.3039264e-04
  -3.3416291e-03
  -5.8523508e-03
  -8.1784317e-03
  -1.0276969e-02
  -1.2128195e-02
  -1.3734105e-02
  -1.5136204e-02
  -1.6392518e-02
  -1.7544897e-02
  -1.8597676e-02
  -1.9522428e-02
  -2.0282191e-02
  -2.0848125e-02
  -2.1209146e-02
  -2.1374204e-02
  -2.1370281e-02
  -2.1235784e-02
  -2.1005749e-02
  -2.0692083e-02
  -2.0285151e-02
  -1.9774421e-02
  -1.9190522e-02
  -1.8610685e-02
  -1.8105668e-02
  -1.7714085e-02
  -1.7443714e-02
  -1.7264339e-02
  -1.7112359e-02
  -1.6932364e-02
  -1.6699714e-02
  -1.6416885e-02
  -1.6126897e-02
  -1.5918957e-02
  -1.5868021e-02
  -1.5992056e-02
  -1.6280873e-02
  -1.6708868e-02
  -1.7222145e-02
  -1.7761510e-02
  -1.8287108e-02
  -1.8746352e-02
  -1.9066901e-02
  -1.9204702e-02
  -1.9170148e-02
  -1.9020646e-02
  -1.8794603e-02
  -1.8471783e-02
  -1.8037111e-02
  -1.7507865e-02
  -1.6900702e-02
  -1.6233930e-02
  -1.5536597e-02
  -1.4796107e-02
  -1.3949410e-02
  -1.2994991e-02
  -1.2008015e-02
  -1.1056074e-02
  -1.0195541e-02
  -9.4952488e-03
  -9.0066822e-03
  -8.7362429e-03
  -8.6526813e-03
  -8.6929478e-03
  -8.7663223e-03
  -8.7856640e-03
  -8.7076090e-03
  -8.5646457e-03
  -8.4467372e-03
  -8.4016525e-03
  -8.4120461e-03
  -8.4461866e-03
  -8.4781933e-03
  -8.4865907e-03
  -8.4390969e-03
  -8.2898012e-03
  -7.9996072e-03
  -7.5643851e-03
  -7.0405079e-03
  -6.5014808e-03
  -5.9830206e-03
  -5.4821676e-03
  -4.9754432e-03
  -4.4321142e-03
  -3.8246892e-03
  -3.1332414e-03
  -2.3359720e-03
  -1.4070347e-03
  -3.6078008e-04
   7.3786086e-04
   1.8231561e-03
   2.8541018e-03
   3.8106338e-03
   4.6767692e-03
   5.4288988e-03
   6.0439917e-03
   6.5095135e-03
   6.8271781e-03
   7.0118739e-03
   7.0866939e-03
   7.0648743e-03
   6.9390501e-03
   6.6922200e-03
   6.3155461e-03
   5.8317632e-03
   5.2931836e-03
   4.7585205e-03
   4.2649291e-03
   3.8125335e-03
   3.3754047e-03
   2.9174613e-03
   2.4048036e-03
   1.8131961e-03
   1.1339729e-03
   3.8735871e-04
  -3.7681716e-04
  -1.1151887e-03
  -1.8059275e-03
  -2.4257904e-03
  -2.9463912e-03
  -3.3467708e-03
  -3.6192062e-03
  -3.7701195e-03
  -3.8173724e-03
  -3.7860747e-03
  -3.7036970e-03
  -3.5959067e-03
  -3.4853632e-03
  -3.4040043e-03
  -3.3923442e-03
  -3.4507684e-03
  -3.5373586e-03
  -3.6302262e-03
  -3.7228115e-03
  -3.7837344e-03
  -3.7754608e-03
  -3.6846375e-03
  -3.5202333e-03
  -3.2985956e-03
  -3.0211010e-03
  -2.6835509e-03
  -2.2981284e-03
  -1.8773816e-03
  -1.4191559e-03
  -9.3139464e-04
  -4.3519529e-04
   6.2598131e-05
   5.6383189e-04
   1.0561381e-03
   1.5148869e-03
   1.9091680e-03
   2.1740251e-03
   2.2279546e-03
   2.0428734e-03
   1.6423079e-03
   1.0647834e-03
   3.5103697e-04
  -4.5767638e-04
  -1.3236108e-03
  -2.2153653e-03
  -3.1076567e-03
  -3.9632609e-03
  -4.7315109e-03
  -5.3647753e-03
  -5.8179556e-03
  -6.0424085e-03
  -5.9804532e-03
  -5.5763843e-03
  -4.8021115e-03
  -3.6785735e-03
  -2.2836187e-03
  -7.2686158e-04
   8.9212622e-04
   2.5341244e-03
   4.2072896e-03
   5.9245482e-03
   7.6895209e-03
   9.4836163e-03
   1.1238822e-02
   1.2865175e-02
   1.4300589e-02
   1.5521867e-02
   1.6532453e-02
   1.7338195e-02
   1.7942468e-02
   1.8358692e-02
   1.8628994e-02
   1.8810228e-02
   1.8923800e-02
   1.8974598e-02
   1.8997450e-02
   1.9048454e-02
   1.9176136e-02
   1.9391786e-02
   1.9669590e-02
   1.9966185e-02
   2.0235936e-02
   2.0441330e-02
   2.0559101e-02
   2.0582022e-02
   2.0517458e-02
   2.0383511e-02
   2.0203517e-02
   2.0001565e-02
   1.9798443e-02
   1.9603512e-02
   1.9378777e-02
   1.9044049e-02
   1.8534970e-02
   1.7825867e-02
   1.6926032e-02
   1.5870637e-02
   1.4717914e-02
   1.3548535e-02
   1.2426511e-02
   1.1357832e-02
   1.0324532e-02
   9.3349401e-03
   8.4644958e-03
   7.7991696e-03
   7.3501124e-03
   7.0623275e-03
   6.8709137e-03
   6.7693252e-03
   6.7728149e-03
   6.8511384e-03
   6.9721581e-03
   7.1171863e-03
   7.2240129e-03
   7.2268350e-03
   7.1271668e-03
   6.9657568e-03
   6.7913444e-03
   6.6654239e-03
   6.6414017e-03
   6.7348956e-03
   6.9278306e-03
   7.1893218e-03
   7.5047081e-03
   7.8790831e-03
   8.3219456e-03
   8.8206304e-03
   9.3351465e-03
   9.8184131e-03
   1.0243173e-02
   1.0618374e-02
   1.0978845e-02
   1.1367262e-02
   1.1821550e-02
   1.2367109e-02
   1.3008000e-02
   1.3693287e-02
   1.4331838e-02
   1.4866591e-02
   1.5282815e-02
   1.5577759e-02
   1.5755688e-02
   1.5836084e-02
   1.5864786e-02
   1.5882476e-02
   1.5882614e-02
   1.5821009e-02
   1.5643837e-02
   1.5308214e-02
   1.4803266e-02
   1.4163614e-02
   1.3455750e-02
   1.2754356e-02
   1.2123652e-02
   1.1596333e-02
   1.1160767e-02
   1.0787906e-02
   1.0458409e-02
   1.0162915e-02
   9.8981889e-03
   9.6654693e-03
   9.4840981e-03
   9.3909690e-03
   9.4049418e-03
   9.5120437e-03
   9.6801305e-03
   9.8696238e-03
   1.0043699e-02
   1.0173928e-02
   1.0243999e-02
   1.0249643e-02
   1.0197331e-02
   1.0103238e-02
   1.0007631e-02
   9.9637166e-03
   1.0001574e-02
   1.0132216e-02
   1.0365624e-02
   1.0691335e-02
   1.1076655e-02
   1.1497560e-02
   1.1936636e-02
   1.2366146e-02
   1.2771426e-02
   1.3164523e-02
   1.3572350e-02
   1.4023679e-02
   1.4543702e-02
   1.5164631e-02
   1.5917511e-02
   1.6781417e-02
   1.7680220e-02
   1.8521135e-02
   1.9221703e-02
   1.9726307e-02
   2.0013679e-02
   2.0105569e-02
   2.0070741e-02
   2.0004525e-02
   1.9996196e-02
   2.0090908e-02
   2.0282398e-02
   2.0533220e-02
   2.0792371e-02
   2.1017037e-02
   2.1217062e-02
   2.1433813e-02
   2.1659649e-02
   2.1848592e-02
   2.1961888e-02
   2.1981230e-02
   2.1914532e-02
   2.1803507e-02
   2.1698814e-02
   2.1622686e-02
   2.1532861e-02
   2.1343918e-02
   2.1006437e-02
   2.0527094e-02
   1.9948083e-02
   1.9325983e-02
   1.8711110e-02
   1.8120673e-02
   1.7538633e-02
   1.6933053e-02
   1.6270755e-02
   1.5532261e-02
   1.4731543e-02
   1.3901778e-02
   1.3063341e-02
   1.2219121e-02
   1.1357763e-02
   1.0445125e-02
   9.4522979e-03
   8.3976603e-03
   7.3240252e-03
   6.2633098e-03
   5.2343050e-03
   4.2536752e-03
   3.3514376e-03
   2.5643621e-03
   1.9188870e-03
   1.4079020e-03
   9.9008734e-04
   6.2664416e-04
   2.9120098e-04
  -4.8451725e-05
  -4.0775076e-04
  -7.5605994e-04
  -1.0455931e-03
  -1.2468773e-03
  -1.3531740e-03
  -1.3818699e-03
  -1.3802867e-03
  -1.3961731e-03
  -1.4347600e-03
  -1.4902039e-03
  -1.5810960e-03
  -1.7246925e-03
  -1.9161819e-03
  -2.1356928e-03
  -2.3485682e-03
  -2.5059379e-03
  -2.5918466e-03
  -2.6570026e-03
  -2.7288559e-03
  -2.7649236e-03
  -2.7443223e-03
  -2.6909365e-03
  -2.6114842e-03
  -2.4942640e-03
  -2.3370183e-03
  -2.1368216e-03
  -1.8787169e-03
  -1.5629520e-03
  -1.2150496e-03
  -8.7014829e-04
  -5.5344590e-04
  -2.6303992e-04
   2.9227132e-05
   3.6449630e-04
   7.8009593e-04
   1.2945708e-03
   1.8921322e-03
   2.5325069e-03
   3.1781265e-03
   3.7817658e-03
   4.2744761e-03
   4.6153989e-03
   4.8219694e-03
   4.9307784e-03
   4.9802683e-03
   5.0200598e-03
   5.0739137e-03
   5.0967726e-03
   5.0259931e-03
   4.8367407e-03
   4.5421415e-03
   4.1833430e-03
   3.8315930e-03
   3.5730822e-03
   3.4801940e-03
   3.5832899e-03
   3.8566890e-03
   4.2186192e-03
   4.5572844e-03
   4.7838229e-03
   4.8474096e-03
   4.7158517e-03
   4.3729534e-03
   3.8244070e-03
   3.0964578e-03
   2.2291385e-03
   1.2691925e-03
   2.6919002e-04
  -7.0727211e-04
  -1.6155806e-03
  -2.4663597e-03
  -3.2996969e-03
  -4.1451002e-03
  -4.9983848e-03
  -5.8277985e-03
  -6.6083763e-03
  -7.2990393e-03
  -7.8070853e-03
  -8.1081546e-03
  -8.3410119e-03
  -8.6428384e-03
  -9.0430253e-03
  -9.5329685e-03
  -1.0098902e-02
  -1.0703106e-02
  -1.1289551e-02
  -1.1805650e-02
  -1.2229790e-02
  -1.2578353e-02
  -1.2871301e-02
  -1.3115240e-02
  -1.3311479e-02
  -1.3459742e-02
  -1.3562576e-02
  -1.3637190e-02
  -1.3714556e-02
  -1.3798049e-02
  -1.3859034e-02
  -1.3872869e-02
  -1.3831914e-02
  -1.3741194e-02
  -1.3613580e-02
  -1.3465799e-02
  -1.3314714e-02
  -1.3174022e-02
  -1.3051639e-02
  -1.2937723e-02
  -1.2800955e-02
  -1.2631491e-02
  -1.2463473e-02
  -1.2332556e-02
  -1.2245277e-02
  -1.2172522e-02
  -1.2074850e-02
  -1.1929960e-02
  -1.1700888e-02
  -1.1324792e-02
  -1.0778889e-02
  -1.0087545e-02
  -9.2716838e-03
  -8.3962148e-03
  -7.6204140e-03
  -7.0812562e-03
  -6.8080498e-03
  -6.7881369e-03
  -6.9891595e-03
  -7.3231992e-03
  -7.6740338e-03
  -7.9515628e-03
  -8.1067780e-03
  -8.1283911e-03
  -8.0337477e-03
  -7.8585713e-03
  -7.6458129e-03
  -7.4358077e-03
  -7.2668950e-03
  -7.2214661e-03
  -7.4165348e-03
  -7.8744714e-03
  -8.5118519e-03
  -9.2433940e-03
  -1.0032342e-02
  -1.0889777e-02
  -1.1817214e-02
  -1.2777414e-02
  -1.3717103e-02
  -1.4576397e-02
  -1.5287427e-02
  -1.5814746e-02
  -1.6189947e-02
  -1.6467407e-02
  -1.6689458e-02
  -1.6899119e-02
  -1.7126056e-02
  -1.7362011e-02
  -1.7642706e-02
  -1.8107870e-02
  -1.8860612e-02
  -1.9888475e-02
  -2.1145752e-02
  -2.2566368e-02
  -2.4017406e-02
  -2.5346338e-02
  -2.6455283e-02
  -2.7318432e-02
  -2.9976983e-02
  -3.0494596e-02
  -3.0906072e-02
  -3.1246719e-02
  -3.1512753e-02
  -3.1665353e-02
  -3.1690545e-02
  -3.1617653e-02
  -3.1457344e-02
  -3.1165429e-02
  -3.0640106e-02
  -2.9749357e-02
  -2.8374377e-02
  -2.6443651e-02
  -2.3958968e-02
  -2.1027569e-02
  -1.7869300e-02
  -1.4784956e-02
  -1.2030867e-02
  -9.7169554e-03
  -7.8516881e-03
  -6.3989699e-03
  -5.3067296e-03
  -4.5091574e-03
  -3.9168271e-03
  -3.4440780e-03
  -3.0313019e-03
  -2.6085658e-03
  -2.0949720e-03
  -1.4441831e-03
  -6.4796061e-04
   2.8469296e-04
   1.3659216e-03
   2.5949440e-03
   3.8677020e-03
   5.0212162e-03
   5.9314520e-03
   6.5564841e-03
   6.9296202e-03
   7.1202149e-03
   7.2073556e-03
   7.2591858e-03
   7.3006913e-03
   7.3092264e-03
   7.2404636e-03
   7.0372728e-03
   6.6366523e-03
   5.9641401e-03
   4.9496176e-03
   3.5653662e-03
   1.8863159e-03
   9.6000793e-05
  -1.6565079e-03
  -3.3052309e-03
  -4.7891918e-03
  -6.0421814e-03
  -7.0184818e-03
  -7.7052834e-03
  -8.1216456e-03
  -8.3119650e-03
  -8.3343352e-03
  -8.2535958e-03
  -8.1489029e-03
  -8.0994130e-03
  -8.1441536e-03
  -8.2654348e-03
  -8.3944941e-03
  -8.4289099e-03
  -8.2902830e-03
  -8.0015345e-03
  -7.6261959e-03
  -7.1851230e-03
  -6.6768155e-03
  -6.0734447e-03
  -5.2752874e-03
  -4.2005854e-03
  -2.8805332e-03
  -1.4137939e-03
   8.2507737e-05
   1.4814760e-03
   2.6646498e-03
   3.5490806e-03
   4.1271558e-03
   4.4671976e-03
   4.6695350e-03
   4.7967770e-03
   4.8259341e-03
   4.6481008e-03
   4.1886087e-03
   3.5968773e-03
   3.1562725e-03
   3.0884734e-03
   3.4685614e-03
   4.2391173e-03
   5.2832168e-03
   6.4536773e-03
   7.5923307e-03
   8.5601717e-03
   9.2639059e-03
   9.6642304e-03
   9.7735349e-03
   9.6425484e-03
   9.3454713e-03
   8.9697196e-03
   8.6128279e-03
   8.3519561e-03
   8.2208320e-03
   8.2292982e-03
   8.3642082e-03
   8.5616860e-03
   8.7363117e-03
   8.8240032e-03
   8.7934419e-03
   8.6418748e-03
   8.3887810e-03
   8.0666492e-03
   7.7126483e-03
   7.3605059e-03
   7.0356208e-03
   6.7521655e-03
   6.5138499e-03
   6.3152294e-03
   6.1463098e-03
   6.0028166e-03
   5.9006774e-03
   5.8704948e-03
   5.9392162e-03
   6.1035861e-03
   6.3272612e-03
   6.5608274e-03
   6.7561852e-03
   6.8767782e-03
   6.9027759e-03
   6.8398431e-03
   6.7251697e-03
   6.6027596e-03
   6.4970894e-03
   6.4125504e-03
   6.3320450e-03
   6.2137304e-03
   6.0036495e-03
   5.6562220e-03
   5.1450511e-03
   4.4671563e-03
   3.6404545e-03
   2.6983841e-03
   1.6820513e-03
   6.3121871e-04
  -4.3899066e-04
  -1.5533982e-03
  -2.7236040e-03
  -3.9144111e-03
  -5.0960637e-03
  -6.2503901e-03
  -7.3397876e-03
  -8.3253183e-03
  -9.1888106e-03
  -9.9164981e-03
  -1.0494477e-02
  -1.0918135e-02
  -1.1195045e-02
  -1.1344272e-02
  -1.1392729e-02
  -1.1369946e-02
  -1.1305244e-02
  -1.1222922e-02
  -1.1141081e-02
  -1.1070529e-02
  -1.1015807e-02
  -1.0974027e-02
  -1.0924812e-02
  -1.0834574e-02
  -1.0687137e-02
  -1.0500328e-02
  -1.0322123e-02
  -1.0207862e-02
  -1.0196299e-02
  -1.0296449e-02
  -1.0507004e-02
  -1.0838979e-02
  -1.1282323e-02
  -1.1781215e-02
  -1.2246103e-02
  -1.2601687e-02
  -1.2834269e-02
  -1.2977508e-02
  -1.3081237e-02
  -1.3184209e-02
  -1.3304045e-02
  -1.3436064e-02
  -1.3549705e-02
  -1.3605734e-02
  -1.3597612e-02
  -1.3544955e-02
  -1.3462495e-02
  -1.3329581e-02
  -1.3109045e-02
  -1.2805773e-02
  -1.2451221e-02
  -1.2063768e-02
  -1.1659727e-02
  -1.1255135e-02
  -1.0847239e-02
  -1.0428192e-02
  -9.9999220e-03
  -9.5322802e-03
  -8.9735742e-03
  -8.3136858e-03
  -7.5735397e-03
  -6.7740677e-03
  -5.9549580e-03
  -5.1779251e-03
  -4.5020746e-03
  -3.9702542e-03
  -3.6058047e-03
  -3.4356599e-03
  -3.4853357e-03
  -3.7529460e-03
  -4.2214069e-03
  -4.8725606e-03
  -5.6681643e-03
  -6.5472882e-03
  -7.4448246e-03
  -8.3042558e-03
  -9.0858385e-03
  -9.7693362e-03
  -1.0358603e-02
  -1.0883100e-02
  -1.1378894e-02
  -1.1866428e-02
  -1.2339232e-02
  -1.2776864e-02
  -1.3178083e-02
  -1.3551288e-02
  -1.3887874e-02
  -1.4175728e-02
  -1.4414642e-02
  -1.4613222e-02
  -1.4772704e-02
  -1.4872028e-02
  -1.4891508e-02
  -1.4834653e-02
  -1.4691690e-02
  -1.4433020e-02
  -1.4049009e-02
  -1.3541307e-02
  -1.2897181e-02
  -1.2132049e-02
  -1.1314055e-02
  -1.0521941e-02
  -9.8065741e-03
  -9.1722222e-03
  -8.6003693e-03
  -8.0776623e-03
  -7.5787021e-03
  -7.0659067e-03
  -6.5242228e-03
  -5.9615452e-03
  -5.3882400e-03
  -4.8116584e-03
  -4.2389796e-03
  -3.6885128e-03
  -3.1966491e-03
  -2.8171943e-03
  -2.5931337e-03
  -2.5252589e-03
  -2.5613198e-03
  -2.6230342e-03
  -2.6706656e-03
  -2.7051158e-03
  -2.7300260e-03
  -2.7430834e-03
  -2.7404471e-03
  -2.7202657e-03
  -2.6909641e-03
  -2.6815686e-03
  -2.7212706e-03
  -2.8138560e-03
  -2.9412357e-03
  -3.0753954e-03
  -3.1881415e-03
  -3.2570351e-03
  -3.2700855e-03
  -3.2329096e-03
  -3.1679463e-03
  -3.0957489e-03
  -3.0294365e-03
  -2.9825485e-03
  -2.9576865e-03
  -2.9364519e-03
  -2.9034610e-03
  -2.8570891e-03
  -2.7888082e-03
  -2.6875294e-03
  -2.5599087e-03
  -2.4219702e-03
  -2.2837702e-03
  -2.1407794e-03
  -1.9825218e-03
  -1.8135609e-03
  -1.6488401e-03
  -1.4982228e-03
  -1.3639805e-03
  -1.2433463e-03
  -1.1314192e-03
  -1.0266438e-03
  -9.3460219e-04
  -8.5435833e-04
  -7.6853910e-04
  -6.5274923e-04
  -4.9087247e-04
  -2.9083067e-04
  -8.0954896e-05
   1.0593939e-04
   2.4840839e-04
   3.4279783e-04
   3.9834079e-04
   4.3137307e-04
   4.5925606e-04
   4.9202127e-04
   5.2808558e-04
   5.5901093e-04
   5.7700557e-04
   5.8318458e-04
   5.8708320e-04
   6.0020870e-04
   6.2725401e-04
   6.6317721e-04
   6.9844101e-04
   7.2596677e-04
   7.4751105e-04
   7.7203575e-04
   8.0969351e-04
   8.6338215e-04
   9.2680357e-04
   9.8972253e-04
   1.0420345e-03
   1.0764503e-03
   1.0896109e-03
   1.0830513e-03
   1.0669929e-03
   1.0567163e-03
   1.0624362e-03
   1.0898243e-03
   1.1445385e-03
   1.2313008e-03
   1.3506547e-03
   1.4947743e-03
   1.6509945e-03
   1.8106081e-03
   1.9703868e-03
   2.1300279e-03
   2.2864752e-03
   2.4328732e-03
   2.5625725e-03
   2.6734464e-03
   2.7704921e-03
   2.8602003e-03
   2.9456960e-03
   3.0276194e-03
   3.1070166e-03
   3.1888023e-03
   3.2806443e-03
   3.3894670e-03
   3.5195932e-03
   3.6720001e-03
   3.8445264e-03
   4.0326432e-03
   4.2305478e-03
   4.4322174e-03
   4.6323384e-03
   4.8267463e-03
   5.0118138e-03
   5.1823923e-03
   5.3341590e-03
   5.4679401e-03
   5.5911349e-03
   5.7146669e-03
   5.8436504e-03
   5.9770942e-03
   6.1155008e-03
   6.2586292e-03
   6.4011175e-03
   6.5366675e-03
   6.6619892e-03
   6.7764906e-03
   6.8814863e-03
   6.9793854e-03
   7.0747860e-03
   7.1733528e-03
   7.2761872e-03
   7.3795034e-03
   7.4815119e-03
   7.5824190e-03
   7.6816053e-03
   7.7770059e-03
   7.8663493e-03
   7.9477770e-03
   8.0202567e-03
   8.0833753e-03
   8.1377522e-03
   8.1842136e-03
   8.2242735e-03
   8.2594465e-03
   8.2930363e-03
   8.3280027e-03
   8.3654471e-03
   8.4050941e-03
   8.4466684e-03
   8.4885868e-03
   8.5281650e-03
   8.5634068e-03
   8.5942433e-03
   8.6210188e-03
   8.6431826e-03
   8.6588074e-03
   8.6657593e-03
   8.6622489e-03
   8.6476566e-03
   8.6230838e-03
   8.5912836e-03
   8.5550093e-03
   8.5158441e-03
   8.4752335e-03
   8.4343475e-03
   8.3929109e-03
   8.3494094e-03
   8.3021221e-03
   8.2495347e-03
   8.1915097e-03
   8.1297678e-03
   8.0669245e-03
   8.0037371e-03
   7.9395861e-03
   7.8729571e-03
   7.8024047e-03
   7.7273783e-03
   7.6481531e-03
   7.5659682e-03
   7.4822690e-03
   7.3976062e-03
   7.3116355e-03
   7.2234622e-03
   7.1323292e-03
   7.0376169e-03
   6.9392566e-03
   6.8373239e-03
   6.7324039e-03
   6.6253639e-03
   6.5174498e-03
   6.4095562e-03
   6.3015732e-03
   6.1934113e-03
   6.0852906e-03
   5.9769497e-03
   5.8677346e-03
   5.7572737e-03
   5.6455807e-03
   5.5329584e-03
   5.4198062e-03
   5.3064474e-03
   5.1928891e-03
   5.0789384e-03
   4.9643682e-03
   4.8490959e-03
   4.7332455e-03
   4.6172643e-03
   4.5017373e-03
   4.3870570e-03
   4.2733541e-03
   4.1606217e-03
   4.0488943e-03
   3.9383095e-03
   3.8289567e-03
   3.7207741e-03
   3.6134932e-03
   3.5068249e-03
   3.4006040e-03
   3.2947823e-03
   3.1893530e-03
   3.0844330e-03
   2.9800912e-03
   2.8762862e-03
   2.7727704e-03
   2.6692821e-03
   2.5657250e-03
   2.4621335e-03
   2.3585901e-03
   2.2551362e-03
   2.1518131e-03
   2.0486759e-03
   1.9457658e-03
   1.8431792e-03
   1.7409918e-03
   1.6392243e-03
   1.5378904e-03
   1.4369971e-03
   1.3365580e-03
   1.2365870e-03
   1.1370703e-03
   1.0380010e-03
   9.3937222e-04
   8.4115643e-04
   7.4333986e-04
   6.4593284e-04
   5.4896978e-04
   4.5252364e-04
   3.5666946e-04
   2.6147537e-04
   1.6699507e-04
   7.3273291e-05
  -1.9649422e-05
  -1.1173569e-04
  -2.0296026e-04
  -2.9331480e-04
  -3.8280895e-04
  -4.7145233e-04
  -5.5924564e-04
  -6.4618545e-04
  -7.3225797e-04
  -8.1745771e-04
  -9.0176264e-04
  -9.8514523e-04
  -1.0675917e-03
  -1.1490814e-03
  -1.2296075e-03
  -1.3091562e-03
  -1.3877205e-03
  -1.4653006e-03
  -1.5418827e-03
  -1.6174735e-03
  -1.6920663e-03
  -1.7656541e-03
  -1.8382439e-03
  -1.9098219e-03
  -1.9804018e-03
  -2.0499699e-03
  -2.1185262e-03
  -2.1860775e-03
  -2.2526170e-03
  -2.3181447e-03
  -2.3826674e-03
  -2.4461783e-03
