  -5.2355234e-04
  -5.1881879e-04
  -5.1408249e-04
  -5.0935926e-04
  -5.0461470e-04
  -4.9981783e-04
  -4.9483786e-04
  -4.8972092e-04
  -4.8460054e-04
  -4.7958341e-04
  -4.7457522e-04
  -4.6937224e-04
  -4.6389806e-04
  -4.5841838e-04
  -4.5309219e-04
  -4.4795391e-04
  -4.4312607e-04
  -4.3858800e-04
  -4.3375533e-04
  -4.2818135e-04
  -4.2198651e-04
  -4.1609177e-04
  -4.1173267e-04
  -4.0994029e-04
  -4.1003459e-04
  -4.0924785e-04
  -4.0598592e-04
  -4.0129917e-04
  -3.9564259e-04
  -3.8858392e-04
  -3.8047762e-04
  -3.7234586e-04
  -3.6479021e-04
  -3.5711205e-04
  -3.4794506e-04
  -3.3859773e-04
  -3.3166570e-04
  -3.2772302e-04
  -3.2552454e-04
  -3.2311613e-04
  -3.1625362e-04
  -3.0088972e-04
  -2.8015971e-04
  -2.6128884e-04
  -2.4830720e-04
  -2.4274699e-04
  -2.4544863e-04
  -2.5626000e-04
  -2.7310585e-04
  -2.9122645e-04
  -3.0528806e-04
  -3.1262619e-04
  -3.1381354e-04
  -3.1168113e-04
  -3.0790435e-04
  -3.0178178e-04
  -2.9024285e-04
  -2.7170306e-04
  -2.4953309e-04
  -2.3174150e-04
  -2.2581373e-04
  -2.2804800e-04
  -2.2626182e-04
  -2.1044914e-04
  -1.7623640e-04
  -1.2550683e-04
  -6.6790939e-05
  -1.2065696e-05
   3.0396167e-05
   6.0061756e-05
   8.5640263e-05
   1.1828227e-04
   1.6441870e-04
   2.2090604e-04
   2.7711391e-04
   3.1913835e-04
   3.4089395e-04
   3.5218852e-04
   3.6243273e-04
   3.6883476e-04
   3.6895452e-04
   3.6455756e-04
   3.5311362e-04
   3.3177996e-04
   3.0514145e-04
   2.7633611e-04
   2.4150045e-04
   1.9509144e-04
   1.3925594e-04
   9.0784047e-05
   5.5347136e-05
   4.1118133e-06
  -9.5653882e-05
  -2.5330231e-04
  -4.4944825e-04
  -6.4245478e-04
  -7.7521577e-04
  -8.1234353e-04
  -7.6744468e-04
  -6.7429696e-04
  -5.6020240e-04
  -4.4286451e-04
  -3.3856675e-04
  -2.7111317e-04
  -2.4865480e-04
  -2.5008168e-04
  -2.6055234e-04
  -2.8147508e-04
  -2.9959224e-04
  -2.9913589e-04
  -2.8916357e-04
  -2.7144976e-04
  -2.2304670e-04
  -1.4811181e-04
  -8.3669614e-05
  -5.1717853e-05
  -3.8310974e-05
  -1.9053479e-06
   7.2973185e-05
   1.5498052e-04
   2.1036035e-04
   2.0701857e-04
   7.6124295e-05
  -2.0458262e-04
  -5.3593996e-04
  -8.0934935e-04
  -9.8908240e-04
  -1.0813924e-03
  -1.1080991e-03
  -1.1007203e-03
  -1.0866305e-03
  -1.0787768e-03
  -1.0665730e-03
  -1.0258453e-03
  -9.4072821e-04
  -8.3238040e-04
  -7.6615753e-04
  -7.7714305e-04
  -8.3071468e-04
  -8.8258616e-04
  -9.1143348e-04
  -9.1759391e-04
  -9.3049295e-04
  -1.0041909e-03
  -1.1566873e-03
  -1.3416860e-03
  -1.4463306e-03
  -1.3670298e-03
  -1.0974784e-03
  -6.9592178e-04
  -2.2756549e-04
   2.4572602e-04
   6.6897627e-04
   9.9527724e-04
   1.1993422e-03
   1.2934213e-03
   1.3282294e-03
   1.3738166e-03
   1.4818409e-03
   1.6716440e-03
   1.9348009e-03
   2.2233223e-03
   2.4539081e-03
   2.5718717e-03
   2.5783900e-03
   2.4907261e-03
   2.3347813e-03
   2.1559774e-03
   1.9714606e-03
   1.7489694e-03
   1.4687904e-03
   1.1543264e-03
   8.5735938e-04
   6.1751227e-04
   4.2448097e-04
   2.2310452e-04
  -5.1654253e-05
  -4.1587839e-04
  -8.2863596e-04
  -1.2138726e-03
  -1.4885106e-03
  -1.5887088e-03
  -1.4759626e-03
  -1.1557168e-03
  -7.1823009e-04
  -2.7464561e-04
   1.3741263e-04
   5.0996016e-04
   8.1772616e-04
   1.0600065e-03
   1.2661915e-03
   1.4478794e-03
   1.5965625e-03
   1.7021364e-03
   1.7431118e-03
   1.6856925e-03
   1.4859295e-03
   1.1126420e-03
   5.8036524e-04
  -1.6859747e-05
  -5.2933832e-04
  -9.2153108e-04
  -1.2938136e-03
  -1.7164396e-03
  -2.1742247e-03
  -2.6052274e-03
  -2.9653337e-03
  -3.2565257e-03
  -3.4593655e-03
  -3.5446754e-03
  -3.5522537e-03
  -3.5265176e-03
  -3.4333265e-03
  -3.2483072e-03
  -3.0150645e-03
  -2.8010258e-03
  -2.6652692e-03
  -2.6566515e-03
  -2.7816566e-03
  -2.9793202e-03
  -3.1201703e-03
  -3.0614157e-03
  -2.7256001e-03
  -2.1529833e-03
  -1.5066133e-03
  -1.0151145e-03
  -8.5059324e-04
  -9.8213041e-04
  -1.2743962e-03
  -1.6570172e-03
  -2.0758231e-03
  -2.4515953e-03
  -2.7399722e-03
  -2.9248194e-03
  -2.9796093e-03
  -2.9154514e-03
  -2.7916234e-03
  -2.6016689e-03
  -2.2790552e-03
  -1.7839496e-03
  -1.1437676e-03
  -4.3862310e-04
   2.8067870e-04
   1.0105579e-03
   1.7575458e-03
   2.4832028e-03
   3.1099488e-03
   3.6323324e-03
   4.0945709e-03
   4.4538512e-03
   4.5787943e-03
   4.3491033e-03
   3.8102690e-03
   3.1359672e-03
   2.4492482e-03
   1.8427249e-03
   1.4326400e-03
   1.2751602e-03
   1.3445769e-03
   1.6278327e-03
   2.1448130e-03
   2.9047137e-03
   3.8325566e-03
   4.7895153e-03
   5.6817104e-03
   6.4378598e-03
   6.9498567e-03
   7.1083070e-03
   6.8771223e-03
   6.3395339e-03
   5.6526841e-03
   4.9653181e-03
   4.3977053e-03
   4.0308398e-03
   3.9139156e-03
   4.0532582e-03
   4.4071283e-03
   4.9216720e-03
   5.5446942e-03
   6.1683290e-03
   6.6501364e-03
   6.8730819e-03
   6.7448074e-03
   6.2073497e-03
   5.2486220e-03
   3.9517248e-03
   2.5319287e-03
   1.1944208e-03
   5.5561822e-06
  -1.0728917e-03
  -2.0734965e-03
  -2.9101101e-03
  -3.4887704e-03
  -3.8310699e-03
  -3.9768552e-03
  -3.9269729e-03
  -3.6618749e-03
  -3.1936687e-03
  -2.5957493e-03
  -1.9600483e-03
  -1.3750831e-03
  -9.5612583e-04
  -7.6522142e-04
  -7.2854795e-04
  -7.0440183e-04
  -5.7439066e-04
  -2.9300093e-04
   1.2155659e-04
   6.1231480e-04
   1.0663527e-03
   1.3520795e-03
   1.4252062e-03
   1.3361863e-03
   1.1575133e-03
   8.5561795e-04
   3.0116504e-04
  -5.3993838e-04
  -1.5616167e-03
  -2.5969126e-03
  -3.5017589e-03
  -4.2049630e-03
  -4.6767623e-03
  -4.9083324e-03
  -4.9066116e-03
  -4.7000962e-03
  -4.3383174e-03
  -3.8427643e-03
  -3.1821945e-03
  -2.2922158e-03
  -1.1987021e-03
  -5.4935179e-05
   9.8305275e-04
   1.8928756e-03
   2.8276430e-03
   3.8902926e-03
   5.0174649e-03
   6.1134840e-03
   7.0964680e-03
   7.8652480e-03
   8.2975103e-03
   8.3114143e-03
   7.9470887e-03
   7.3267096e-03
   6.5665267e-03
   5.7749496e-03
   5.0568159e-03
   4.5042772e-03
   4.1672778e-03
   4.0389344e-03
   4.1208440e-03
   4.4182102e-03
   4.8456819e-03
   5.2427507e-03
   5.4548965e-03
   5.3698276e-03
   4.9481102e-03
   4.2297218e-03
   3.2910241e-03
   2.1960925e-03
   9.9516023e-04
  -2.5004107e-04
  -1.4238778e-03
  -2.3889792e-03
  -3.0490535e-03
  -3.3562145e-03
  -3.3005986e-03
  -2.8779176e-03
  -2.1437736e-03
  -1.2409578e-03
  -2.4401968e-04
   8.4815660e-04
   1.9522290e-03
   2.8714956e-03
   3.3921515e-03
   3.4274483e-03
   3.0447171e-03
   2.3634358e-03
   1.4825223e-03
   4.7422831e-04
  -5.2211651e-04
  -1.3401097e-03
  -1.9161062e-03
  -2.2719862e-03
  -2.4511617e-03
  -2.4734838e-03
  -2.3441974e-03
  -2.0815705e-03
  -1.7186559e-03
  -1.2991205e-03
  -8.9376441e-04
  -5.7744196e-04
  -3.8315792e-04
  -2.7788138e-04
  -1.7777892e-04
  -3.4893141e-06
   2.8543083e-04
   6.8900420e-04
   1.2017169e-03
   1.8335152e-03
   2.6168187e-03
   3.5534927e-03
   4.5516815e-03
   5.4546625e-03
   6.1151222e-03
   6.4372128e-03
   6.4045522e-03
   6.0809955e-03
   5.5498566e-03
   4.8822728e-03
   4.1621292e-03
   3.4441881e-03
   2.6938550e-03
   1.8616536e-03
   9.5943663e-04
   1.0094152e-04
  -5.3746182e-04
  -7.9806097e-04
  -6.3552619e-04
  -1.3671055e-04
   5.8255064e-04
   1.4426069e-03
   2.4052304e-03
   3.4062069e-03
   4.3481190e-03
   5.1890414e-03
   5.9405378e-03
   6.6039986e-03
   7.1257902e-03
   7.4220414e-03
   7.4486104e-03
   7.2264908e-03
   6.8250650e-03
   6.3293330e-03
   5.8067016e-03
   5.2674612e-03
   4.7091957e-03
   4.1812024e-03
   3.7057069e-03
   3.2265771e-03
   2.6704936e-03
   2.0090289e-03
   1.2841015e-03
   5.6913399e-04
  -7.3450188e-05
  -5.8625585e-04
  -9.5695869e-04
  -1.2679260e-03
  -1.5958604e-03
  -1.9328461e-03
  -2.2298957e-03
  -2.4467083e-03
  -2.5705570e-03
  -2.6140104e-03
  -2.5997553e-03
  -2.5203168e-03
  -2.3344922e-03
  -1.9876636e-03
  -1.4455184e-03
  -7.1546306e-04
   1.8909208e-04
   1.2441723e-03
   2.3739395e-03
   3.4428528e-03
   4.2981128e-03
   4.8497911e-03
   5.1270241e-03
   5.2904647e-03
   5.5390638e-03
   6.0016947e-03
   6.7087190e-03
   7.6000399e-03
   8.5478508e-03
   9.4185016e-03
   1.0134281e-02
   1.0682731e-02
   1.1081955e-02
   1.1309512e-02
   1.1307585e-02
   1.1020006e-02
   1.0351927e-02
   9.2087029e-03
   7.5858606e-03
   5.5745121e-03
   3.3199471e-03
   9.6587927e-04
  -1.3800871e-03
  -3.6535876e-03
  -5.7857631e-03
  -7.6712806e-03
  -9.2018198e-03
  -1.0322536e-02
  -1.1032465e-02
  -1.1368913e-02
  -1.1387773e-02
  -1.1135850e-02
  -1.0659673e-02
  -1.0047209e-02
  -9.4054924e-03
  -8.8149174e-03
  -8.3364002e-03
  -8.0035306e-03
  -7.7768682e-03
  -7.5534409e-03
  -7.2163038e-03
  -6.6870095e-03
  -5.9489697e-03
  -5.0079386e-03
  -3.8839807e-03
  -2.6222151e-03
  -1.2793246e-03
   8.6945998e-05
   1.3979696e-03
   2.5361687e-03
   3.3537090e-03
   3.7724391e-03
   3.8448018e-03
   3.6617166e-03
   3.2656872e-03
   2.6207559e-03
   1.7662254e-03
   8.8524994e-04
   1.7753663e-04
  -2.0258857e-04
  -1.3006004e-04
   4.2088176e-04
   1.3317398e-03
   2.3817795e-03
   3.3039369e-03
   3.8442167e-03
   3.8791143e-03
   3.4547676e-03
   2.6287954e-03
   1.4548038e-03
   4.4150439e-05
  -1.4929296e-03
  -3.0963339e-03
  -4.7328119e-03
  -6.3038929e-03
  -7.5802164e-03
  -8.2947571e-03
  -8.2843635e-03
  -7.5374719e-03
  -6.1962540e-03
  -4.5137278e-03
  -2.7217524e-03
  -9.5293205e-04
   7.5137939e-04
   2.4076601e-03
   4.0452600e-03
   5.6089829e-03
   6.9639671e-03
   7.9784759e-03
   8.5759341e-03
   8.7503534e-03
   8.5380079e-03
   8.0063527e-03
   7.2516832e-03
   6.3958519e-03
   5.5667685e-03
   4.8547264e-03
   4.2865560e-03
   3.8340365e-03
   3.4222859e-03
   2.9522144e-03
   2.3492978e-03
   1.6036659e-03
   7.7743903e-04
  -7.5397434e-05
  -9.7040839e-04
  -1.9219776e-03
  -2.8963025e-03
  -3.8190519e-03
  -4.6192053e-03
  -5.2656991e-03
  -5.7406440e-03
  -6.0257788e-03
  -6.1026018e-03
  -5.9705897e-03
  -5.6702981e-03
  -5.2926467e-03
  -4.9221125e-03
  -4.5594526e-03
  -4.2325301e-03
  -4.0672930e-03
  -4.1558311e-03
  -4.4868697e-03
  -4.9777697e-03
  -5.4828628e-03
  -5.8307789e-03
  -5.9063216e-03
  -5.6789502e-03
  -5.1665335e-03
  -4.3989786e-03
  -3.4052983e-03
  -2.1990454e-03
  -8.3344041e-04
   5.3831258e-04
   1.7883755e-03
   2.9001983e-03
   3.8319440e-03
   4.5077463e-03
   4.9028672e-03
   5.0318025e-03
   4.9343163e-03
   4.7017895e-03
   4.4517931e-03
   4.2681780e-03
   4.1849675e-03
   4.1969855e-03
   4.3043008e-03
   4.4821754e-03
   4.6396827e-03
   4.6967854e-03
   4.6405500e-03
   4.4680030e-03
   4.1440540e-03
   3.6058598e-03
   2.8613773e-03
   2.0272279e-03
   1.2682083e-03
   7.0015492e-04
   3.2768586e-04
   1.0386893e-04
  -1.6007750e-05
  -7.2997965e-05
  -1.1926381e-04
  -2.2263577e-04
  -4.3585952e-04
  -7.7090691e-04
  -1.2042086e-03
  -1.6938077e-03
  -2.1983364e-03
  -2.6886376e-03
  -3.1526520e-03
  -3.5902625e-03
  -3.9930306e-03
  -4.3366103e-03
  -4.6499937e-03
  -5.0325459e-03
  -5.6050389e-03
  -6.4475650e-03
  -7.5510318e-03
  -8.7915835e-03
  -9.9867064e-03
  -1.1020970e-02
  -1.1814529e-02
  -1.2248925e-02
  -1.2260558e-02
  -1.1884737e-02
  -1.1108937e-02
  -9.9349450e-03
  -8.5154312e-03
  -7.0674899e-03
  -5.7398455e-03
  -4.5221734e-03
  -3.3137110e-03
  -2.0582985e-03
  -8.2951701e-04
   2.2568983e-04
   1.0601648e-03
   1.7113047e-03
   2.2000503e-03
   2.5582086e-03
   2.8549553e-03
   3.1536362e-03
   3.4415175e-03
   3.6006974e-03
   3.5259188e-03
   3.2029128e-03
   2.6580626e-03
   1.9317310e-03
   1.0858871e-03
   2.0987371e-04
  -6.1437424e-04
  -1.4028704e-03
  -2.2105953e-03
  -3.0210804e-03
  -3.7487817e-03
  -4.2955798e-03
  -4.5782368e-03
  -4.5463608e-03
  -4.1888427e-03
  -3.5131574e-03
  -2.5408837e-03
  -1.3075111e-03
   8.9432195e-05
   1.4756460e-03
   2.7861513e-03
   4.1070776e-03
   5.4681604e-03
   6.8399670e-03
   8.2373515e-03
   9.6518407e-03
   1.1001422e-02
   1.2144577e-02
   1.2991618e-02
   1.3591623e-02
   1.4000620e-02
   1.4208079e-02
   1.4192523e-02
   1.3915269e-02
   1.3297506e-02
   1.2307501e-02
   1.0995571e-02
   9.3708013e-03
   7.4251388e-03
   5.2223834e-03
   2.8749578e-03
   4.9730823e-04
  -1.7975714e-03
  -3.9125733e-03
  -5.7883167e-03
  -7.4208712e-03
  -8.8618605e-03
  -1.0186318e-02
  -1.1433202e-02
  -1.2551371e-02
  -1.3361932e-02
  -1.3640012e-02
  -1.3250563e-02
  -1.2240390e-02
  -1.0831339e-02
  -9.1955561e-03
  -7.3426097e-03
  -5.2718389e-03
  -3.0303726e-03
  -6.2942840e-04
   1.9340300e-03
   4.6103673e-03
   7.2759807e-03
   9.7884026e-03
   1.2119935e-02
   1.4349597e-02
   1.6539749e-02
   1.8644481e-02
   2.0493435e-02
   2.1876537e-02
   2.2649929e-02
   2.2749873e-02
   2.2199289e-02
   2.1099291e-02
   1.9562075e-02
   1.7672097e-02
   1.5499979e-02
   1.3119094e-02
   1.0573358e-02
   7.9198314e-03
   5.3004660e-03
   2.8734022e-03
   7.1962049e-04
  -1.1431344e-03
  -2.7223031e-03
  -3.9725050e-03
  -4.8483319e-03
  -5.4008155e-03
  -5.7299338e-03
  -5.9202600e-03
  -6.0308793e-03
  -6.1013215e-03
  -6.1561596e-03
  -6.2217768e-03
  -6.3380402e-03
  -6.5172364e-03
  -6.7229809e-03
  -6.9032577e-03
  -7.0038206e-03
  -6.9382930e-03
  -6.6272912e-03
  -6.0619223e-03
  -5.3184585e-03
  -4.5161438e-03
  -3.6990371e-03
  -2.8397298e-03
  -1.9333761e-03
  -1.0235188e-03
  -1.7653651e-04
   5.8090557e-04
   1.2722693e-03
   1.8791850e-03
   2.3447756e-03
   2.6380739e-03
   2.7512950e-03
   2.6777622e-03
   2.3757223e-03
   1.7966284e-03
   9.6959617e-04
   7.1203525e-06
  -9.4413537e-04
  -1.7643876e-03
  -2.3972046e-03
  -2.7981417e-03
  -2.9230091e-03
  -2.7457747e-03
  -2.2929385e-03
  -1.6674521e-03
  -9.9819570e-04
  -3.7762799e-04
   1.8273410e-04
   7.2944276e-04
   1.2928844e-03
   1.8657422e-03
   2.4243449e-03
   2.9948624e-03
   3.6610077e-03
   4.4682714e-03
   5.3905940e-03
   6.3721807e-03
   7.3748917e-03
   8.3947006e-03
   9.3778910e-03
   1.0213506e-02
   1.0873395e-02
   1.1415375e-02
   1.1861335e-02
   1.2195030e-02
   1.2398841e-02
   1.2403315e-02
   1.2114084e-02
   1.1583186e-02
   1.0989789e-02
   1.0498676e-02
   1.0198639e-02
   1.0094290e-02
   1.0133111e-02
   1.0234775e-02
   1.0296449e-02
   1.0216260e-02
   9.9215917e-03
   9.4051483e-03
   8.7388585e-03
   7.9813669e-03
   7.1352890e-03
   6.2135170e-03
   5.2692095e-03
   4.3846341e-03
   3.6474616e-03
   3.1239010e-03
   2.8550999e-03
   2.8643715e-03
   3.2428007e-03
   4.0789875e-03
   5.2535297e-03
   6.5269072e-03
   7.7525018e-03
   8.8988919e-03
   9.9918687e-03
   1.1040036e-02
   1.2001613e-02
   1.2732261e-02
   1.3052465e-02
   1.2854093e-02
   1.2121174e-02
   1.0924124e-02
   9.3926209e-03
   7.6754104e-03
   5.8695380e-03
   4.0325124e-03
   2.2480810e-03
   6.3296703e-04
  -6.9751867e-04
  -1.6616565e-03
  -2.2281405e-03
  -2.3438877e-03
  -1.9964189e-03
  -1.3522585e-03
  -6.0580884e-04
   2.0143633e-04
   1.0426747e-03
   1.7933657e-03
   2.2717109e-03
   2.3367705e-03
   1.9701941e-03
   1.2749744e-03
   4.3372574e-04
  -3.7703535e-04
  -1.0442509e-03
  -1.5064826e-03
  -1.7463262e-03
  -1.7955615e-03
  -1.6787611e-03
  -1.3438955e-03
  -6.6304712e-04
   4.7940513e-04
   2.0152581e-03
   3.7080609e-03
   5.3804689e-03
   6.9649996e-03
   8.4390969e-03
   9.8041650e-03
   1.1070529e-02
   1.2133288e-02
   1.2798201e-02
   1.2940958e-02
   1.2565207e-02
   1.1754233e-02
   1.0614863e-02
   9.2462850e-03
   7.7549109e-03
   6.2611691e-03
   4.9123246e-03
   3.8330384e-03
   3.0505196e-03
   2.4577145e-03
   1.8397032e-03
   1.0587124e-03
   1.4114399e-04
  -8.6003693e-04
  -1.9401078e-03
  -3.1321195e-03
  -4.4274474e-03
  -5.6917185e-03
  -6.6740416e-03
  -7.1024563e-03
  -6.7894722e-03
  -5.7179640e-03
  -4.0907646e-03
  -2.1994996e-03
  -2.4493927e-04
   1.6921971e-03
   3.6120133e-03
   5.5784492e-03
   7.6385167e-03
   9.6485368e-03
   1.1348402e-02
   1.2542836e-02
   1.3128455e-02
   1.3102712e-02
   1.2573879e-02
   1.1711764e-02
   1.0655474e-02
   9.4733604e-03
   8.1696213e-03
   6.7041486e-03
   5.0675881e-03
   3.4073977e-03
   1.9290397e-03
   7.2313779e-04
  -2.6289055e-04
  -1.1509399e-03
  -1.9632421e-03
  -2.6431399e-03
  -3.1755522e-03
  -3.5753054e-03
  -3.8615691e-03
  -4.1140641e-03
  -4.4553380e-03
  -4.9687184e-03
  -5.6722942e-03
  -6.5198795e-03
  -7.3881762e-03
  -8.1305249e-03
  -8.7146298e-03
  -9.1754573e-03
  -9.4841669e-03
  -9.5588492e-03
  -9.3334258e-03
  -8.7712093e-03
  -7.8599479e-03
  -6.5921320e-03
  -5.0370406e-03
  -3.3807392e-03
  -1.7731224e-03
  -2.4339951e-04
   1.2551440e-03
   2.7873352e-03
   4.3846204e-03
   5.9741276e-03
   7.3958854e-03
   8.5246546e-03
   9.2974268e-03
   9.6513589e-03
   9.5729597e-03
   9.1435194e-03
   8.3871291e-03
   7.2509260e-03
   5.7259828e-03
   3.9255825e-03
   2.0712802e-03
   3.0943034e-04
  -1.3665204e-03
  -2.9416281e-03
  -4.3374570e-03
  -5.4780721e-03
  -6.3143828e-03
  -6.8316109e-03
  -7.0056103e-03
  -6.7999139e-03
  -6.1708276e-03
  -5.1062921e-03
  -3.6649035e-03
  -1.9322472e-03
   1.4484507e-05
   2.1316592e-03
   4.3571428e-03
   6.5490434e-03
   8.5750393e-03
   1.0388063e-02
   1.1903528e-02
   1.3027066e-02
   1.3805139e-02
   1.4398398e-02
   1.4963574e-02
   1.5550157e-02
   1.6132885e-02
   1.6828222e-02
   1.7814854e-02
   1.9113362e-02
   2.0566879e-02
   2.1941308e-02
   2.3054177e-02
   2.3817795e-02
   2.4187214e-02
   2.4109916e-02
   2.3536205e-02
   2.2505452e-02
   2.1174317e-02
   1.9749641e-02
   1.8364956e-02
   1.6999062e-02
   1.5640258e-02
   1.4371485e-02
   1.3217799e-02
   1.2068380e-02
   1.0715839e-02
   9.0277447e-03
   7.0568898e-03
   4.9183474e-03
   2.7282088e-03
   6.2653954e-04
  -1.2849481e-03
  -3.0117124e-03
  -4.6242920e-03
  -6.1707450e-03
  -7.5507564e-03
  -8.5658159e-03
  -9.0418551e-03
  -8.8717723e-03
  -8.0804155e-03
  -6.9386371e-03
  -5.8473811e-03
  -5.1275748e-03
  -4.9218853e-03
  -5.1877267e-03
  -5.7676466e-03
  -6.4724201e-03
  -7.1461644e-03
  -7.6785767e-03
  -8.0044943e-03
  -8.0920481e-03
  -7.9730382e-03
  -7.7881566e-03
  -7.7502304e-03
  -8.0431776e-03
  -8.6814529e-03
  -9.5337257e-03
  -1.0462608e-02
  -1.1317703e-02
  -1.1905525e-02
  -1.2013246e-02
  -1.1528740e-02
  -1.0577626e-02
  -9.4020509e-03
  -8.1756096e-03
  -7.0029258e-03
  -5.9686624e-03
  -5.2026494e-03
  -4.8390396e-03
  -4.9363262e-03
  -5.4819817e-03
  -6.3918046e-03
  -7.4813054e-03
  -8.5594145e-03
  -9.5534115e-03
  -1.0399558e-02
  -1.0954341e-02
  -1.0949523e-02
  -1.0138755e-02
  -8.4790192e-03
  -6.0794399e-03
  -3.1277074e-03
   8.4034422e-05
   3.2819727e-03
   6.4446259e-03
   9.6508082e-03
   1.2877702e-02
   1.6062540e-02
   1.9109439e-02
   2.1711135e-02
   2.3512871e-02
   2.4390267e-02
   2.4489729e-02
   2.4115904e-02
   2.3514523e-02
   2.2769490e-02
   2.1815415e-02
   2.0571422e-02
   1.9026565e-02
   1.7181741e-02
   1.5068680e-02
   1.2814239e-02
   1.0575354e-02
   8.4450853e-03
   6.3586209e-03
   4.2092581e-03
   2.0472786e-03
  -2.5150030e-05
  -1.9864728e-03
  -3.7855928e-03
  -5.3549531e-03
  -6.7438093e-03
  -8.0682323e-03
  -9.4005366e-03
  -1.0734768e-02
  -1.2024879e-02
  -1.3263434e-02
  -1.4479344e-02
  -1.5687545e-02
  -1.6787818e-02
  -1.7591151e-02
  -1.7935378e-02
  -1.7765846e-02
  -1.7152419e-02
  -1.6218718e-02
  -1.5092909e-02
  -1.3943077e-02
  -1.2925333e-02
  -1.2087309e-02
  -1.1402228e-02
  -1.0825970e-02
  -1.0286812e-02
  -9.6799240e-03
  -8.8790684e-03
  -7.8534089e-03
  -6.7601775e-03
  -5.7956542e-03
  -5.0637197e-03
  -4.5935931e-03
  -4.3382485e-03
  -4.1545370e-03
  -3.9207987e-03
  -3.6154618e-03
  -3.2248701e-03
  -2.6986939e-03
  -1.9814618e-03
  -1.0617961e-03
  -1.0549749e-05
   1.0459373e-03
   1.9802022e-03
   2.7213050e-03
   3.2380788e-03
   3.5093854e-03
   3.5973178e-03
   3.6599063e-03
   3.7314086e-03
   3.7031051e-03
   3.4579269e-03
   2.9088711e-03
   2.0008861e-03
   7.9437848e-04
  -5.0004635e-04
  -1.4684118e-03
  -1.6391968e-03
  -7.3017238e-04
   1.0487181e-03
   3.0251139e-03
   4.5811552e-03
   5.4439661e-03
   5.6885040e-03
   5.6232173e-03
   5.6496211e-03
   6.1797689e-03
   7.4563195e-03
   9.2545448e-03
   1.1014500e-02
   1.2180507e-02
   1.2432224e-02
   1.1763594e-02
   1.0374091e-02
   8.5983732e-03
   6.8868758e-03
   5.6689352e-03
   5.1962825e-03
   5.5138232e-03
   6.4947904e-03
   7.9338042e-03
   9.6032456e-03
   1.1290514e-02
   1.2853955e-02
   1.4201127e-02
   1.5019534e-02
   1.4889374e-02
   1.3599263e-02
   1.1272893e-02
   8.3278651e-03
   5.2053063e-03
   2.1946883e-03
  -6.2267051e-04
  -3.3079085e-03
  -5.9589365e-03
  -8.5585886e-03
  -1.0965079e-02
  -1.2980812e-02
  -1.4438665e-02
  -1.5261133e-02
  -1.5535771e-02
  -1.5505279e-02
  -1.5400999e-02
  -1.5353230e-02
  -1.5402307e-02
  -1.5527443e-02
  -1.5676945e-02
  -1.5772277e-02
  -1.5735452e-02
  -1.5528269e-02
  -1.5147837e-02
  -1.4600557e-02
  -1.3904394e-02
  -1.3107118e-02
  -1.2318652e-02
  -1.1587591e-02
  -1.0701660e-02
  -9.3870456e-03
  -7.5614942e-03
  -5.2730297e-03
  -2.6494380e-03
   4.0961747e-05
   2.5250180e-03
   4.7100837e-03
   6.6398461e-03
   8.3856148e-03
   9.8894473e-03
   1.1006859e-02
   1.1618841e-02
   1.1538996e-02
   1.0519463e-02
   8.5220390e-03
   5.7609562e-03
   2.4493721e-03
  -1.2192552e-03
  -4.9869037e-03
  -8.5953446e-03
  -1.1891276e-02
  -1.4911882e-02
  -1.7745128e-02
  -2.0311582e-02
  -2.2434417e-02
  -2.3996275e-02
  -2.4943398e-02
  -2.5256444e-02
  -2.4887025e-02
  -2.3820548e-02
  -2.2177194e-02
  -2.0206132e-02
  -1.8181176e-02
  -1.6202818e-02
  -1.4240154e-02
  -1.2286370e-02
  -1.0390610e-02
  -8.6301734e-03
  -7.1466462e-03
  -6.0811676e-03
  -5.4729855e-03
  -5.2711781e-03
  -5.3744049e-03
  -5.6023751e-03
  -5.6895641e-03
  -5.2525523e-03
  -4.0259459e-03
  -2.1299247e-03
   1.0239387e-04
   2.3636010e-03
   4.4988464e-03
   6.4957540e-03
   8.4128721e-03
   1.0286261e-02
   1.2072854e-02
   1.3598782e-02
   1.4651767e-02
   1.5134139e-02
   1.5097934e-02
   1.4697816e-02
   1.4118460e-02
   1.3518868e-02
   1.3028787e-02
   1.2726272e-02
   1.2617656e-02
   1.2674855e-02
   1.2860288e-02
   1.3074836e-02
   1.3154130e-02
   1.2889334e-02
   1.2106375e-02
   1.0753490e-02
   8.9041231e-03
   6.7268079e-03
   4.4358793e-03
   2.1958172e-03
   3.1740104e-05
  -2.0821280e-03
  -4.1247192e-03
  -5.9696811e-03
  -7.4418649e-03
  -8.3950447e-03
  -8.7639132e-03
  -8.6056694e-03
  -8.1587459e-03
  -7.8045385e-03
  -8.0140619e-03
  -9.1708455e-03
  -1.1372217e-02
  -1.4377955e-02
  -1.7715186e-02
  -2.0972434e-02
  -2.3946372e-02
  -2.6651385e-02
  -2.9227407e-02
  -3.1818778e-02
  -3.4380071e-02
  -3.6674296e-02
  -3.8373335e-02
  -3.9236277e-02
  -3.9249148e-02
  -3.8567578e-02
  -3.7415819e-02
  -3.5988871e-02
  -3.4433759e-02
  -3.2879129e-02
  -3.1434492e-02
  -3.0160901e-02
  -2.9001708e-02
  -2.7851808e-02
  -2.6715604e-02
  -2.5678863e-02
  -2.4818193e-02
  -2.4215710e-02
  -2.3939902e-02
  -2.3984918e-02
  -2.4224520e-02
  -2.4432185e-02
  -2.4450632e-02
  -2.4271601e-02
  -2.3943756e-02
  -2.3522576e-02
  -2.3075859e-02
  -2.2723785e-02
  -2.2613173e-02
  -2.2807553e-02
  -2.3298460e-02
  -2.4116593e-02
  -2.5354529e-02
  -2.7119233e-02
  -2.9532813e-02
  -3.2633263e-02
  -3.6229025e-02
  -3.9980346e-02
  -4.3580445e-02
  -4.6907489e-02
  -5.0017300e-02
  -5.2961778e-02
  -5.5646898e-02
  -5.7807108e-02
  -5.9200948e-02
  -5.9796410e-02
  -5.9818230e-02
  -5.9632797e-02
  -5.9576975e-02
  -5.9832684e-02
  -6.0378175e-02
  -6.0963174e-02
  -6.1039784e-02
  -5.9638442e-02
  -5.5879411e-02
  -4.9538576e-02
  -4.0846317e-02
  -3.0235721e-02
  -1.8136504e-02
  -5.0752008e-03
   8.2175280e-03
   2.1041472e-02
   3.2879886e-02
   4.3084307e-02
   5.1023618e-02
   5.6411617e-02
   5.9094397e-02
   5.9006086e-02
   5.6257090e-02
   5.1284971e-02
   4.4855619e-02
   3.7541712e-02
   2.9411600e-02
   2.0264157e-02
   1.0027799e-02
  -9.0088848e-04
  -1.1705638e-02
  -2.1505053e-02
  -2.9887089e-02
  -3.7039586e-02
  -4.3369407e-02
  -4.9116157e-02
  -5.4178307e-02
  -5.8352599e-02
  -6.1573642e-02
  -6.3870277e-02
  -6.5364266e-02
  -6.6301684e-02
  -6.6945672e-02
  -6.7475469e-02
  -6.7914064e-02
  -6.8138042e-02
  -6.7933199e-02
  -6.7206681e-02
  -6.6101866e-02
  -6.4756827e-02
  -6.3225187e-02
  -6.1609572e-02
  -6.0069878e-02
  -5.8767034e-02
  -5.7904987e-02
  -5.7664489e-02
  -5.8050084e-02
  -5.8884392e-02
  -5.9884102e-02
  -6.0654740e-02
  -6.0780564e-02
  -5.9977231e-02
  -5.8202615e-02
  -5.5659838e-02
  -5.2589605e-02
  -4.9139697e-02
  -4.5486736e-02
  -4.1814639e-02
  -3.8114529e-02
  -3.4263745e-02
  -3.0199653e-02
  -2.5961554e-02
  -2.1656896e-02
  -1.7429810e-02
  -1.3461187e-02
  -9.9313658e-03
  -6.7346409e-03
  -3.4399550e-03
   2.8704287e-04
   4.4817899e-03
   8.9345467e-03
   1.3402474e-02
   1.7756210e-02
   2.1863046e-02
   2.5562400e-02
   2.8766442e-02
   3.1549578e-02
   3.4123260e-02
   3.6431390e-02
   3.8074606e-02
   3.8568129e-02
   3.7615293e-02
   3.5251479e-02
   3.1710300e-02
   2.7300948e-02
   2.2376668e-02
   1.7301646e-02
   1.2391131e-02
   7.8635960e-03
   3.7952224e-03
   1.5967827e-04
  -3.0457221e-03
  -5.4998711e-03
  -6.7020767e-03
  -6.3160348e-03
  -4.3320262e-03
  -1.0584027e-03
   3.0939317e-03
   7.7593850e-03
   1.2656890e-02
   1.7483981e-02
   2.1907030e-02
   2.5781009e-02
   2.9168005e-02
   3.2114341e-02
   3.4342902e-02
   3.5224428e-02
   3.4168895e-02
   3.0978069e-02
   2.5830706e-02
   1.9098907e-02
   1.1147551e-02
   2.2161913e-03
  -7.5047081e-03
  -1.7562999e-02
  -2.7358629e-02
  -3.6467320e-02
  -4.4641553e-02
  -5.1760942e-02
  -5.7749083e-02
  -6.2573421e-02
  -6.6218742e-02
  -6.8733366e-02
  -7.0303208e-02
  -7.1234499e-02
  -7.1882205e-02
  -7.2558131e-02
  -7.3444682e-02
  -7.4547364e-02
  -7.5764306e-02
  -7.6959911e-02
  -7.8013034e-02
  -7.8819052e-02
  -7.9291925e-02
  -7.9393796e-02
  -7.9185236e-02
  -7.8838325e-02
  -7.8587090e-02
  -7.8627012e-02
  -7.9035183e-02
  -7.9743460e-02
  -8.0671310e-02
  -8.1802902e-02
  -8.3216014e-02
  -8.5017337e-02
  -8.7250922e-02
  -8.9858262e-02
  -9.2694812e-02
  -9.5648376e-02
  -9.8773330e-02
  -1.0239525e-01
  -1.0677156e-01
  -1.1175015e-01
  -1.1685057e-01
  -1.2154420e-01
  -1.2554262e-01
  -1.2863867e-01
  -1.3044825e-01
  -1.3032711e-01
  -1.2761101e-01
  -1.2159720e-01
  -1.1188644e-01
  -9.8693485e-02
  -8.2430646e-02
  -6.3519855e-02
  -4.3088024e-02
  -2.2874595e-02
  -4.4244739e-03
   1.1288587e-02
   2.3980925e-02
   3.4007623e-02
   4.2157283e-02
   4.9041543e-02
   5.4982054e-02
   6.0167550e-02
   6.4660119e-02
   6.8433880e-02
   7.1553878e-02
   7.4172232e-02
   7.6348686e-02
   7.8003398e-02
   7.9001456e-02
   7.9252691e-02
   7.8788766e-02
   7.7720500e-02
   7.6134620e-02
   7.4006347e-02
   7.1312967e-02
   6.8122004e-02
   6.4439583e-02
   6.0136714e-02
   5.4967737e-02
   4.8844478e-02
   4.2059405e-02
   3.5079744e-02
   2.8253371e-02
   2.1530865e-02
   1.4728102e-02
   7.9176976e-03
   1.3044343e-03
  -4.9720705e-03
  -1.0737797e-02
  -1.5791068e-02
  -1.9962469e-02
  -2.3078543e-02
  -2.4990272e-02
  -2.5684438e-02
  -2.5353427e-02
  -2.4362046e-02
  -2.3146411e-02
  -2.2060180e-02
  -2.1081326e-02
  -1.9882211e-02
  -1.8492845e-02
  -1.7333721e-02
  -1.6822165e-02
  -1.7195783e-02
  -1.8448724e-02
  -2.0397759e-02
  -2.2800739e-02
  -2.5525782e-02
  -2.8493937e-02
  -3.1562450e-02
  -3.4520625e-02
  -3.7177249e-02
  -3.9452546e-02
  -4.1362278e-02
  -4.2918423e-02
  -4.4016080e-02
  -4.4428519e-02
  -4.3862517e-02
  -4.2134225e-02
  -3.9360793e-02
  -3.5896568e-02
  -3.2149858e-02
  -2.8277531e-02
  -2.4167390e-02
  -1.9673858e-02
  -1.4818615e-02
  -9.8227495e-03
  -4.7924407e-03
   4.2167539e-04
   5.8629026e-03
   1.1361962e-02
   1.6674590e-02
   2.1693308e-02
   2.6554057e-02
   3.1578832e-02
   3.7104219e-02
   4.3342357e-02
   5.0276451e-02
   5.7642739e-02
   6.5111172e-02
   7.2447312e-02
   7.9489472e-02
   8.6111071e-02
   9.2181328e-02
   9.7627972e-02
   1.0250951e-01
   1.0692918e-01
   1.1095514e-01
   1.1452957e-01
   1.1749346e-01
   1.1968024e-01
   1.2105274e-01
   1.2181952e-01
   1.2261797e-01
   1.2413639e-01
   1.2642986e-01
   1.2905372e-01
   1.3152684e-01
   1.3367439e-01
   1.3561681e-01
   1.3745324e-01
   1.3918986e-01
   1.4085352e-01
   1.4249515e-01
   1.4415331e-01
   1.4574745e-01
   1.4711307e-01
   1.4810562e-01
   1.4861359e-01
   1.4854201e-01
   1.4775045e-01
   1.4611088e-01
   1.4363363e-01
   1.4039648e-01
   1.3638497e-01
   1.3146971e-01
   1.2551784e-01
   1.1844746e-01
   1.1032189e-01
   1.0143574e-01
   9.2171692e-02
   8.2860843e-02
   7.3924438e-02
   6.5832665e-02
   5.8825128e-02
   5.2840427e-02
   4.7634488e-02
   4.3003086e-02
   3.8898933e-02
   3.5468023e-02
   3.2915679e-02
   3.1347213e-02
   3.0741289e-02
   3.0986123e-02
   3.1988930e-02
   3.3693957e-02
   3.6072295e-02
   3.9053942e-02
   4.2479140e-02
   4.6206232e-02
   5.0188484e-02
   5.4391616e-02
   5.8776120e-02
   6.3377236e-02
   6.8220571e-02
   7.3201706e-02
   7.8184425e-02
   8.3084546e-02
   8.7816029e-02
   9.2286641e-02
   9.6440627e-02
   1.0021535e-01
   1.0353303e-01
   1.0627804e-01
   1.0834230e-01
   1.0962256e-01
   1.1010714e-01
   1.0995089e-01
   1.0938372e-01
   1.0861694e-01
   1.0786736e-01
   1.0731533e-01
   1.0699664e-01
   1.0658227e-01
   1.0535569e-01
   1.0242760e-01
   9.7117242e-02
   8.9084595e-02
   7.8101139e-02
   6.3832006e-02
   4.6240442e-02
   2.6042019e-02
   5.0474410e-03
  -1.4516169e-02
  -3.1067826e-02
  -4.3916481e-02
  -5.3226091e-02
  -5.9828279e-02
  -6.4913763e-02
  -6.9514398e-02
  -7.4196323e-02
  -7.8999391e-02
  -8.3863031e-02
  -8.8879477e-02
  -9.4244211e-02
  -1.0005291e-01
  -1.0617892e-01
  -1.1255273e-01
  -1.1934571e-01
  -1.2664393e-01
  -1.3432691e-01
  -1.4223910e-01
  -1.5026486e-01
  -1.5830026e-01
  -1.6616978e-01
  -1.7359327e-01
  -1.8011093e-01
  -1.8544331e-01
  -1.8996004e-01
  -1.9418837e-01
  -1.9834855e-01
  -2.0247294e-01
  -2.0648651e-01
  -2.1002996e-01
  -2.1269925e-01
  -2.1433124e-01
  -2.1484266e-01
  -2.1413989e-01
  -2.1218920e-01
  -2.0902226e-01
  -2.0468518e-01
  -1.9907334e-01
  -1.9195547e-01
  -1.8294817e-01
  -1.7167355e-01
  -1.5774823e-01
  -1.4031595e-01
  -1.1808885e-01
  -9.0609215e-02
  -5.8914678e-02
  -2.5235794e-02
   7.5886826e-03
   3.6745537e-02
   6.0238997e-02
   7.7573889e-02
   8.9705456e-02
   9.8357587e-02
   1.0504113e-01
   1.1071423e-01
   1.1586008e-01
   1.2059225e-01
   1.2479098e-01
   1.2820021e-01
   1.3059348e-01
   1.3193432e-01
   1.3233974e-01
   1.3202931e-01
   1.3130107e-01
   1.3046133e-01
   1.2972277e-01
   1.2917555e-01
   1.2880593e-01
   1.2854093e-01
   1.2832480e-01
   1.2820503e-01
   1.2825321e-01
   1.2845764e-01
   1.2884447e-01
   1.2949769e-01
   1.3035670e-01
   1.3126390e-01
   1.3213256e-01
   1.3284221e-01
   1.3312098e-01
   1.3237966e-01
   1.2992444e-01
   1.2527211e-01
   1.1818521e-01
   1.0867820e-01
   9.7016059e-02
   8.3671679e-02
   6.9059421e-02
   5.3562264e-02
   3.7740773e-02
   2.2535118e-02
   9.0366239e-03
  -2.1515929e-03
  -1.1077136e-02
  -1.8087978e-02
  -2.3628095e-02
  -2.8177106e-02
  -3.2136918e-02
  -3.5799998e-02
  -3.9403744e-02
  -4.3246818e-02
  -4.7706417e-02
  -5.2869061e-02
  -5.8367948e-02
  -6.3642444e-02
  -6.8309776e-02
  -7.2436987e-02
  -7.6286738e-02
  -7.9988501e-02
  -8.3139611e-02
  -8.4992557e-02
  -8.4909271e-02
  -8.2659166e-02
  -7.8565752e-02
  -7.3391681e-02
  -6.7976150e-02
  -6.2756237e-02
  -5.7765465e-02
  -5.2868235e-02
  -4.8103919e-02
  -4.3738482e-02
  -4.0148158e-02
  -3.7638902e-02
  -3.6289665e-02
  -3.5909027e-02
  -3.6109327e-02
  -3.6465324e-02
  -3.6667482e-02
  -3.6602918e-02
  -3.6267295e-02
  -3.5705905e-02
  -3.5099361e-02
  -3.4760021e-02
  -3.5045879e-02
  -3.6185936e-02
  -3.8158581e-02
  -4.0788911e-02
  -4.3865545e-02
  -4.7248205e-02
  -5.0916929e-02
  -5.4920174e-02
  -5.9184979e-02
  -6.3485921e-02
  -6.7561990e-02
  -7.1333617e-02
  -7.4991328e-02
  -7.8714428e-02
  -8.2502919e-02
  -8.6217071e-02
  -8.9677924e-02
  -9.2768462e-02
  -9.5499011e-02
  -9.7976948e-02
  -1.0026285e-01
  -1.0229131e-01
  -1.0386411e-01
  -1.0475961e-01
  -1.0482363e-01
  -1.0384897e-01
  -1.0171519e-01
  -9.8628783e-02
  -9.4933904e-02
  -9.0843931e-02
  -8.6053940e-02
  -8.0059397e-02
  -7.2790093e-02
  -6.4591838e-02
  -5.5934201e-02
  -4.7097739e-02
  -3.8149977e-02
  -2.9089537e-02
  -1.9901759e-02
  -1.0581136e-02
  -1.3068916e-03
   7.5541980e-03
   1.5544582e-02
   2.2362901e-02
   2.8064222e-02
   3.2912857e-02
   3.7177318e-02
   4.0896633e-02
   4.3923915e-02
   4.6107390e-02
   4.7390618e-02
   4.7875674e-02
   4.7848898e-02
   4.7700773e-02
   4.7795760e-02
   4.8403750e-02
   4.9642237e-02
   5.1460698e-02
   5.3670192e-02
   5.6019001e-02
   5.8306482e-02
   6.0449209e-02
   6.2396110e-02
   6.4089092e-02
   6.5461663e-02
   6.6423860e-02
   6.6864451e-02
   6.6627532e-02
   6.5584871e-02
   6.3721876e-02
   6.1102971e-02
   5.7820324e-02
   5.4022541e-02
   4.9904141e-02
   4.5585991e-02
   4.1091082e-02
   3.6396767e-02
   3.1508761e-02
   2.6475176e-02
   2.1304891e-02
   1.6031359e-02
   1.0818467e-02
   5.8590205e-03
   1.2506700e-03
  -3.0231178e-03
  -7.0588859e-03
  -1.0972581e-02
  -1.4816068e-02
  -1.8553761e-02
  -2.2103337e-02
  -2.5396585e-02
  -2.8422903e-02
  -3.1228203e-02
  -3.3884896e-02
  -3.6405371e-02
  -3.8751565e-02
  -4.0898285e-02
  -4.2816070e-02
  -4.4465826e-02
  -4.5865654e-02
  -4.7084042e-02
  -4.8131383e-02
  -4.8859690e-02
  -4.8982692e-02
  -4.8234975e-02
  -4.6514804e-02
  -4.3897827e-02
  -4.0563556e-02
  -3.6668308e-02
  -3.2025480e-02
  -2.6322783e-02
  -1.9824392e-02
  -1.3098651e-02
  -6.4031893e-03
   2.1063705e-04
   6.7059038e-03
   1.3025827e-02
   1.9109094e-02
   2.4895009e-02
   3.0336766e-02
   3.5433469e-02
   4.0267512e-02
   4.4912680e-02
   4.9327194e-02
   5.3469755e-02
   5.7389507e-02
   6.1080739e-02
   6.4443919e-02
   6.7342417e-02
   6.9718140e-02
   7.1655060e-02
   7.3280863e-02
   7.4647858e-02
   7.5636968e-02
   7.6021736e-02
   7.5593604e-02
   7.4116478e-02
   7.1410708e-02
   6.7471132e-02
   6.2423505e-02
   5.6448166e-02
   4.9656485e-02
   4.2108069e-02
   3.3894464e-02
   2.5252589e-02
   1.6589858e-02
   8.3645523e-03
   9.3604077e-04
  -5.4583243e-03
  -1.0704826e-02
  -1.4798585e-02
  -1.7667417e-02
  -1.9201879e-02
  -1.9404038e-02
  -1.8468892e-02
  -1.6750511e-02
  -1.4511351e-02
  -1.1855415e-02
  -8.9266999e-03
  -5.9226966e-03
  -2.9941603e-03
  -2.8476041e-04
   2.0581540e-03
   3.9052359e-03
   5.2064214e-03
   6.0273069e-03
   6.4652272e-03
   6.6006327e-03
   6.5349261e-03
   6.3490533e-03
   6.0160529e-03
   5.5000294e-03
   4.8420820e-03
   4.0684081e-03
   3.1925054e-03
   2.3204918e-03
   1.6043473e-03
   1.1367812e-03
   8.8955192e-04
   7.6458129e-04
   7.2350948e-04
   7.5024367e-04
   7.6928937e-04
   6.9128253e-04
   4.6845334e-04
   1.1416270e-04
  -2.5606108e-04
  -4.1791856e-04
  -1.9493794e-04
   4.2476249e-04
   1.3057834e-03
   2.2976397e-03
   3.3680466e-03
   4.5407304e-03
   5.7990407e-03
   7.0385806e-03
   8.1362379e-03
   9.0534877e-03
   9.7880584e-03
   1.0319301e-02
   1.0607843e-02
   1.0634274e-02
   1.0426953e-02
   1.0051890e-02
   9.5863818e-03
   9.0982282e-03
   8.6592892e-03
   8.4075032e-03
   8.5004259e-03
   9.0227888e-03
   9.9574529e-03
   1.1200207e-02
   1.2610498e-02
   1.4044260e-02
   1.5361834e-02
   1.6375792e-02
   1.6881016e-02
   1.6720501e-02
   1.5829200e-02
   1.4256192e-02
   1.2231855e-02
   1.0109915e-02
   8.0415257e-03
   6.0167206e-03
   4.1515704e-03
   2.6496651e-03
   1.6686223e-03
   1.4196377e-03
   2.1272196e-03
   3.9064060e-03
   6.6798510e-03
   1.0186662e-02
   1.4233547e-02
   1.8722261e-02
   2.3460077e-02
   2.8282005e-02
   3.3209521e-02
   3.8197333e-02
   4.3016232e-02
   4.7362878e-02
   5.1039242e-02
   5.4068108e-02
   5.6559536e-02
   5.8609065e-02
   6.0280434e-02
   6.1606130e-02
   6.2579547e-02
   6.3176110e-02
   6.3397610e-02
   6.3292642e-02
   6.2925150e-02
   6.2315233e-02
   6.1462823e-02
   6.0390083e-02
   5.9115390e-02
   5.7641293e-02
   5.5963661e-02
   5.4127922e-02
   5.2243795e-02
   5.0341152e-02
   4.8343040e-02
   4.6172849e-02
   4.3837944e-02
   4.1445358e-02
   3.9108181e-02
   3.6855736e-02
   3.4568256e-02
   3.2096514e-02
   2.9416281e-02
   2.6554539e-02
   2.3533589e-02
   2.0469964e-02
   1.7551986e-02
   1.4921449e-02
   1.2563899e-02
   1.0290873e-02
   7.8585025e-03
   5.1199620e-03
   2.1557847e-03
  -8.2542841e-04
  -3.6529819e-03
  -6.3074033e-03
  -8.8862269e-03
  -1.1482141e-02
  -1.4169051e-02
  -1.7041256e-02
  -2.0188718e-02
  -2.3634358e-02
  -2.7236384e-02
  -3.0796079e-02
  -3.4232083e-02
  -3.7574407e-02
  -4.0896839e-02
  -4.4299253e-02
  -4.7854887e-02
  -5.1545361e-02
  -5.5251047e-02
  -5.8809021e-02
  -6.2126153e-02
  -6.5146208e-02
  -6.7668679e-02
  -6.9463463e-02
  -7.0468404e-02
  -7.0716886e-02
  -7.0241260e-02
  -6.8918316e-02
  -6.6583687e-02
  -6.3226908e-02
  -5.8990323e-02
  -5.4117873e-02
  -4.8907390e-02
  -4.3592215e-02
  -3.8227825e-02
  -3.2797564e-02
  -2.7308657e-02
  -2.1698264e-02
  -1.5872151e-02
  -9.8595056e-03
  -3.8598139e-03
   1.8240302e-03
   6.9101408e-03
   1.1267249e-02
   1.4985600e-02
   1.8267422e-02
   2.1274949e-02
   2.4034063e-02
   2.6440072e-02
   2.8252270e-02
   2.9261960e-02
   2.9486902e-02
   2.9130079e-02
   2.8455942e-02
   2.7634231e-02
   2.6748575e-02
   2.5888180e-02
   2.5113067e-02
   2.4417524e-02
   2.3816693e-02
   2.3369357e-02
   2.3144622e-02
   2.3217446e-02
   2.3651704e-02
   2.4456965e-02
   2.5569421e-02
   2.6881970e-02
   2.8283313e-02
   2.9688991e-02
   3.1053578e-02
   3.2362342e-02
   3.3590504e-02
   3.4696283e-02
   3.5629639e-02
   3.6318024e-02
   3.6689646e-02
   3.6722547e-02
   3.6414732e-02
   3.5697163e-02
   3.4494813e-02
   3.2795361e-02
   3.0471538e-02
   2.7366132e-02
   2.3574613e-02
   1.9311459e-02
   1.4680814e-02
   9.7369165e-03
   4.5645117e-03
  -7.5145510e-04
  -6.2127117e-03
  -1.1928790e-02
  -1.7865583e-02
  -2.3762179e-02
  -2.9318953e-02
  -3.4335261e-02
  -3.8752666e-02
  -4.2566212e-02
  -4.5773419e-02
  -4.8308625e-02
  -5.0121580e-02
  -5.1286967e-02
  -5.1979620e-02
  -5.2401833e-02
  -5.2696363e-02
  -5.2947461e-02
  -5.3222649e-02
  -5.3564880e-02
  -5.3973189e-02
  -5.4387486e-02
  -5.4726551e-02
  -5.4938483e-02
  -5.4988937e-02
  -5.4845147e-02
  -5.4438490e-02
  -5.3675010e-02
  -5.2459582e-02
  -5.0631828e-02
  -4.8018018e-02
  -4.4549387e-02
  -4.0293393e-02
  -3.5405593e-02
  -3.0014014e-02
  -2.4222249e-02
  -1.8251453e-02
  -1.2351003e-02
  -6.6250611e-03
  -1.1272136e-03
   4.0632250e-03
   8.8147797e-03
   1.2978816e-02
   1.6438911e-02
   1.9133392e-02
   2.1096882e-02
   2.2475166e-02
   2.3496626e-02
   2.4405410e-02
   2.5337458e-02
   2.6293736e-02
   2.7250770e-02
   2.8234993e-02
   2.9323083e-02
   3.0536997e-02
   3.1795513e-02
   3.2960282e-02
   3.3881042e-02
   3.4414349e-02
   3.4363138e-02
   3.3524081e-02
   3.1784225e-02
   2.9202008e-02
   2.6009599e-02
   2.2430150e-02
   1.8598020e-02
   1.4651079e-02
   1.0716321e-02
   6.8440763e-03
   3.0992042e-03
  -3.8812894e-04
  -3.4009000e-03
  -5.7552363e-03
  -7.4306453e-03
  -8.5059324e-03
  -9.0987789e-03
  -9.3537311e-03
  -9.4198782e-03
  -9.4144405e-03
  -9.3828468e-03
  -9.3045853e-03
  -9.1406973e-03
  -8.8513981e-03
  -8.3933928e-03
  -7.7208393e-03
  -6.8239155e-03
  -5.8009198e-03
  -4.8113280e-03
  -3.9750105e-03
  -3.3637653e-03
  -3.0000386e-03
  -2.8502679e-03
  -2.8244010e-03
  -2.8026777e-03
  -2.7096725e-03
  -2.5415376e-03
  -2.2952926e-03
  -1.9109783e-03
  -1.2757728e-03
  -3.7612471e-04
   6.7996730e-04
   1.8790060e-03
   3.3050107e-03
   5.0122406e-03
   7.0166233e-03
   9.2992165e-03
   1.1811569e-02
   1.4526287e-02
   1.7495476e-02
   2.0785419e-02
   2.4388821e-02
   2.8173045e-02
   3.2000838e-02
   3.5895673e-02
   3.9952470e-02
   4.4181138e-02
   4.8370160e-02
   5.2215092e-02
   5.5563612e-02
   5.8402020e-02
   6.0769895e-02
   6.2628761e-02
   6.3886658e-02
   6.4479092e-02
   6.4409366e-02
   6.3770471e-02
   6.2747702e-02
   6.1556227e-02
   6.0338665e-02
   5.9166739e-02
   5.8082022e-02
   5.7094701e-02
   5.6174836e-02
   5.5245816e-02
   5.4224631e-02
   5.3073560e-02
   5.1829223e-02
   5.0579516e-02
   4.9396990e-02
   4.8263402e-02
   4.7042880e-02
   4.5584064e-02
   4.3816262e-02
   4.1758955e-02
   3.9461700e-02
   3.6942258e-02
   3.4206340e-02
   3.1291322e-02
   2.8288062e-02
   2.5306140e-02
   2.2422991e-02
   1.9713298e-02
   1.7254634e-02
   1.5113214e-02
   1.3331990e-02
   1.1950953e-02
   1.1038728e-02
   1.0668070e-02
   1.0869334e-02
   1.1591653e-02
   1.2711474e-02
   1.4114537e-02
   1.5747016e-02
   1.7579450e-02
   1.9552576e-02
   2.1544631e-02
   2.3463450e-02
   2.5323486e-02
   2.7167484e-02
   2.9012377e-02
   3.0851006e-02
   3.2613921e-02
   3.4152858e-02
   3.5284587e-02
   3.5850451e-02
   3.5691725e-02
   3.4674326e-02
   3.2750689e-02
   2.9952135e-02
   2.6409097e-02
   2.2344110e-02
   1.7880864e-02
   1.2896837e-02
   7.3742722e-03
   1.5692776e-03
  -4.2310089e-03
  -9.8005857e-03
  -1.4920623e-02
  -1.9412504e-02
  -2.3213729e-02
  -2.6404073e-02
  -2.9128221e-02
  -3.1483637e-02
  -3.3514926e-02
  -3.5249620e-02
  -3.6643529e-02
  -3.7640485e-02
  -3.8273530e-02
  -3.8593459e-02
  -3.8604265e-02
  -3.8291495e-02
  -3.7630436e-02
  -3.6535257e-02
  -3.4874282e-02
  -3.2548531e-02
  -2.9588360e-02
  -2.6144233e-02
  -2.2259585e-02
  -1.7881896e-02
  -1.3021973e-02
  -7.8079801e-03
  -2.4591255e-03
   2.8451055e-03
   8.0107579e-03
   1.2905441e-02
   1.7410193e-02
   2.1562115e-02
   2.5416271e-02
   2.8944509e-02
   3.2227500e-02
   3.5480413e-02
   3.8747160e-02
   4.1921053e-02
   4.4954874e-02
   4.7885241e-02
   5.0758341e-02
   5.3508163e-02
   5.5995186e-02
   5.8222163e-02
   6.0306315e-02
   6.2318881e-02
   6.4250365e-02
   6.6059259e-02
   6.7740470e-02
   6.9323735e-02
   7.0758873e-02
   7.1946906e-02
   7.2836210e-02
   7.3387551e-02
   7.3546552e-02
   7.3302889e-02
   7.2711625e-02
   7.1847789e-02
   7.0782276e-02
   6.9583230e-02
   6.8266412e-02
   6.6805324e-02
   6.5278915e-02
   6.3852312e-02
   6.2565918e-02
   6.1370451e-02
   6.0282155e-02
   5.9380117e-02
   5.8734063e-02
   5.8359344e-02
   5.8210393e-02
   5.8208878e-02
   5.8287346e-02
   5.8427281e-02
   5.8660276e-02
   5.9028869e-02
   5.9497475e-02
   5.9958784e-02
   6.0317052e-02
   6.0527608e-02
   6.0602772e-02
   6.0610068e-02
   6.0643658e-02
   6.0748351e-02
   6.0904461e-02
   6.1068005e-02
   6.1200093e-02
   6.1280763e-02
   6.1309604e-02
   6.1295975e-02
   6.1223427e-02
   6.1014592e-02
   6.0467380e-02
   5.9410953e-02
   5.7903541e-02
   5.6131610e-02
   5.4272262e-02
   5.2439759e-02
   5.0676156e-02
   4.8944215e-02
   4.7202157e-02
   4.5478063e-02
   4.3858387e-02
   4.2434881e-02
   4.1313270e-02
   4.0601965e-02
   4.0424517e-02
   4.0837575e-02
   4.1744087e-02
   4.2963370e-02
   4.4315291e-02
   4.5639748e-02
   4.6832875e-02
   4.7895704e-02
   4.8885020e-02
   4.9844946e-02
   5.0818362e-02
   5.1847532e-02
   5.2896525e-02
   5.3878408e-02
   5.4753326e-02
   5.5504898e-02
   5.6099397e-02
   5.6558503e-02
   5.6979684e-02
   5.7432320e-02
   5.7916413e-02
   5.8370426e-02
   5.8703365e-02
   5.8831460e-02
   5.8694485e-02
   5.8273374e-02
   5.7604193e-02
   5.6749786e-02
   5.5752141e-02
   5.4594394e-02
   5.3211912e-02
   5.1529530e-02
   4.9498929e-02
   4.7077778e-02
   4.4269036e-02
   4.1174024e-02
   3.7949470e-02
   3.4721200e-02
   3.1466085e-02
   2.8060918e-02
   2.4473691e-02
   2.0776127e-02
   1.7068651e-02
   1.3471237e-02
   1.0115215e-02
   7.1267539e-03
   4.5618342e-03
   2.3151711e-03
   2.0292929e-04
  -1.9044943e-03
  -4.0135011e-03
  -6.0327584e-03
  -7.8351686e-03
  -9.3455401e-03
  -1.0599445e-02
  -1.1708322e-02
  -1.2785536e-02
  -1.3885878e-02
  -1.4992552e-02
  -1.6032185e-02
  -1.6923623e-02
  -1.7632519e-02
  -1.8175256e-02
  -1.8599465e-02
  -1.8935777e-02
  -1.9199883e-02
  -1.9464334e-02
  -1.9810420e-02
  -2.0224235e-02
  -2.0668612e-02
  -2.1150639e-02
  -2.1647810e-02
  -2.2084546e-02
  -2.2394702e-02
  -2.2526308e-02
  -2.2422509e-02
  -2.2069610e-02
  -2.1528731e-02
  -2.0838832e-02
  -1.9985665e-02
  -1.8925383e-02
  -1.7613384e-02
  -1.6032667e-02
  -1.4249515e-02
  -1.2412607e-02
  -1.0666349e-02
  -9.0801255e-03
  -7.6237868e-03
  -6.2409946e-03
  -4.9314529e-03
  -3.7255648e-03
  -2.6428646e-03
  -1.7066930e-03
  -9.3675662e-04
  -3.2470201e-04
   1.4697127e-04
   4.8126840e-04
   6.5704776e-04
   6.5558371e-04
   5.1332534e-04
   2.9026006e-04
  -2.1054275e-05
  -4.8553527e-04
  -1.1701232e-03
  -2.0991088e-03
  -3.2469099e-03
  -4.5855467e-03
  -6.1173386e-03
  -7.8756415e-03
  -9.8330054e-03
  -1.1846811e-02
  -1.3784352e-02
  -1.5597651e-02
  -1.7307015e-02
  -1.8962414e-02
  -2.0616850e-02
  -2.2304394e-02
  -2.4029245e-02
  -2.5711145e-02
  -2.7232323e-02
  -2.8519956e-02
  -2.9531229e-02
  -3.0237786e-02
  -3.0678446e-02
  -3.0943516e-02
  -3.1074434e-02
  -3.1080353e-02
  -3.1006566e-02
  -3.0940006e-02
  -3.0973458e-02
  -3.1159785e-02
  -3.1512271e-02
  -3.2030986e-02
  -3.2703884e-02
  -3.3504946e-02
  -3.4454409e-02
  -3.5585794e-02
  -3.6844586e-02
  -3.8132425e-02
  -3.9398169e-02
  -4.0637619e-02
  -4.1875624e-02
  -4.3169245e-02
  -4.4566182e-02
  -4.6045993e-02
  -4.7525734e-02
  -4.8909111e-02
  -5.0165494e-02
  -5.1324412e-02
  -5.2405137e-02
  -5.3372358e-02
  -5.4143409e-02
  -5.4628053e-02
  -5.4788843e-02
  -5.4691584e-02
  -5.4468776e-02
  -5.4243904e-02
  -5.4095090e-02
  -5.4045600e-02
  -5.4077744e-02
  -5.4151945e-02
  -5.4231514e-02
  -5.4311840e-02
  -5.4411164e-02
  -5.4443102e-02
  -5.4249617e-02
  -5.3790923e-02
  -5.3171163e-02
  -5.2559595e-02
  -5.2124304e-02
  -5.1959108e-02
  -5.1973700e-02
  -5.1994694e-02
  -5.1972874e-02
  -5.1965922e-02
  -5.2039641e-02
  -5.2199330e-02
  -5.2393848e-02
  -5.2555534e-02
  -5.2607914e-02
  -5.2467636e-02
  -5.2081422e-02
  -5.1455054e-02
  -5.0637885e-02
  -4.9647950e-02
  -4.8397142e-02
  -4.6815392e-02
  -4.4962927e-02
  -4.2972869e-02
  -4.0974343e-02
  -3.9048917e-02
  -3.7223985e-02
  -3.5479036e-02
  -3.3745994e-02
  -3.1943639e-02
  -3.0054074e-02
  -2.8133742e-02
  -2.6280864e-02
  -2.4601580e-02
  -2.3169676e-02
  -2.1997337e-02
  -2.1058612e-02
  -2.0349302e-02
  -1.9855917e-02
  -1.9515339e-02
  -1.9296523e-02
  -1.9229619e-02
  -1.9374784e-02
  -1.9772149e-02
  -2.0413866e-02
  -2.1294429e-02
  -2.2424643e-02
  -2.3766171e-02
  -2.5264497e-02
  -2.6943368e-02
  -2.8827082e-02
  -3.0847978e-02
  -3.2897025e-02
  -3.4895344e-02
  -3.6840525e-02
  -3.8765469e-02
  -4.0675064e-02
  -4.2528767e-02
  -4.4269243e-02
  -4.5864897e-02
  -4.7336791e-02
  -4.8757131e-02
  -5.0169074e-02
  -5.1533040e-02
  -5.2756797e-02
  -5.3758090e-02
  -5.4513379e-02
  -5.5041455e-02
  -5.5372742e-02
  -5.5546197e-02
  -5.5613033e-02
  -5.5622187e-02
  -5.5598234e-02
  -5.5522106e-02
  -5.5358838e-02
  -5.5091702e-02
  -5.4728409e-02
  -5.4284308e-02
  -5.3752308e-02
  -5.3114515e-02
  -5.2376090e-02
  -5.1587280e-02
  -5.0820496e-02
  -5.0097213e-02
  -4.9388454e-02
  -4.8663176e-02
  -4.7948979e-02
  -4.7332455e-02
  -4.6888560e-02
  -4.6626518e-02
  -4.6482660e-02
  -4.6417683e-02
  -4.6490232e-02
  -4.6807408e-02
  -4.7421110e-02
  -4.8218730e-02
  -4.9038377e-02
  -4.9845634e-02
  -5.0699490e-02
  -5.1652738e-02
  -5.2662842e-02
  -5.3645619e-02
  -5.4593224e-02
  -5.5519904e-02
  -5.6386080e-02
  -5.7111428e-02
  -5.7654165e-02
  -5.8113615e-02
  -5.8634671e-02
  -5.9257665e-02
  -5.9937584e-02
  -6.0613441e-02
  -6.1272504e-02
  -6.1931015e-02
  -6.2578308e-02
  -6.3185265e-02
  -6.3738533e-02
  -6.4270463e-02
  -6.4824282e-02
  -6.5364748e-02
  -6.5791710e-02
  -6.6011352e-02
  -6.6007910e-02
  -6.5846500e-02
  -6.5588107e-02
  -6.5249386e-02
  -6.4812581e-02
  -6.4275832e-02
  -6.3673556e-02
  -6.2991504e-02
  -6.2147560e-02
  -6.1026155e-02
  -5.9563415e-02
  -5.7815919e-02
  -5.5935578e-02
  -5.4096879e-02
  -5.2417044e-02
  -5.0934481e-02
  -4.9628126e-02
  -4.8480772e-02
  -4.7500817e-02
  -4.6696658e-02
  -4.6063682e-02
  -4.5609463e-02
  -4.5374196e-02
  -4.5416252e-02
  -4.5733291e-02
  -4.6250491e-02
  -4.6895030e-02
  -4.7606955e-02
  -4.8316402e-02
  -4.8987648e-02
  -4.9645885e-02
  -5.0369373e-02
  -5.1240713e-02
  -5.2290119e-02
  -5.3456401e-02
  -5.4610569e-02
  -5.5709259e-02
  -5.6810221e-02
  -5.7899343e-02
  -5.8902976e-02
  -5.9791523e-02
  -6.0543302e-02
  -6.1102421e-02
  -6.1359507e-02
  -6.1233889e-02
  -6.0788067e-02
  -6.0137471e-02
  -5.9322986e-02
  -5.8261879e-02
  -5.6821853e-02
  -5.4938896e-02
  -5.2653343e-02
  -5.0080074e-02
  -4.7358404e-02
  -4.4601562e-02
  -4.1851809e-02
  -3.9086912e-02
  -3.6268947e-02
  -3.3407136e-02
  -3.0579397e-02
  -2.7822072e-02
  -2.5087324e-02
  -2.2303913e-02
  -1.9424894e-02
  -1.6450612e-02
  -1.3477432e-02
  -1.0664147e-02
  -8.0469634e-03
  -5.5326556e-03
  -3.0676862e-03
  -6.9145461e-04
   1.4894467e-03
   3.3370174e-03
   4.7475762e-03
   5.7160504e-03
   6.3320794e-03
   6.7288316e-03
   6.9925323e-03
   7.1343253e-03
   7.1639917e-03
   7.1145707e-03
   6.9932206e-03
   6.7867878e-03
   6.4982526e-03
   6.1972865e-03
   5.9955205e-03
   5.9449086e-03
   6.0298812e-03
   6.2328793e-03
   6.5608274e-03
   7.0257779e-03
   7.5688592e-03
   8.0804843e-03
   8.5075844e-03
   8.8823724e-03
   9.2750566e-03
   9.6539745e-03
   9.8722394e-03
   9.8296327e-03
   9.5203724e-03
   8.9785301e-03
   8.2555231e-03
   7.4130244e-03
   6.4823250e-03
   5.4799650e-03
   4.4746039e-03
   3.5145547e-03
   2.5362100e-03
   1.4761554e-03
   3.5980818e-04
  -7.1653684e-04
  -1.6630331e-03
  -2.4805459e-03
  -3.2934401e-03
  -4.2916909e-03
  -5.5396213e-03
  -6.9645866e-03
  -8.5629250e-03
  -1.0357089e-02
  -1.2252573e-02
  -1.4098843e-02
  -1.5787626e-02
  -1.7285195e-02
  -1.8609446e-02
  -1.9776899e-02
  -2.0745290e-02
  -2.1416260e-02
  -2.1717881e-02
  -2.1649462e-02
  -2.1222775e-02
  -2.0488480e-02
  -1.9590916e-02
  -1.8680480e-02
  -1.7830823e-02
  -1.7047038e-02
  -1.6308819e-02
  -1.5616924e-02
  -1.4988147e-02
  -1.4431919e-02
  -1.3967719e-02
  -1.3623699e-02
  -1.3408118e-02
  -1.3276030e-02
  -1.3112968e-02
  -1.2816304e-02
  -1.2366283e-02
  -1.1779150e-02
  -1.1074108e-02
  -1.0282063e-02
  -9.4723279e-03
  -8.7576495e-03
  -8.2145683e-03
  -7.8385413e-03
  -7.6329414e-03
  -7.6328037e-03
  -7.8763299e-03
  -8.3913278e-03
  -9.1853690e-03
  -1.0256457e-02
  -1.1581397e-02
  -1.3087225e-02
  -1.4690932e-02
  -1.6356313e-02
  -1.8008133e-02
  -1.9498337e-02
  -2.0757542e-02
  -2.1828768e-02
  -2.2747326e-02
  -2.3536067e-02
  -2.4253567e-02
  -2.4971412e-02
  -2.5733515e-02
  -2.6519710e-02
  -2.7269010e-02
  -2.7932822e-02
  -2.8494006e-02
  -2.8958344e-02
  -2.9295894e-02
  -2.9453381e-02
  -2.9438995e-02
  -2.9321637e-02
  -2.9177160e-02
  -2.9037156e-02
  -2.8881046e-02
  -2.8670284e-02
  -2.8360611e-02
  -2.7876312e-02
  -2.7181732e-02
  -2.6343019e-02
  -2.5402022e-02
  -2.4329007e-02
  -2.3142901e-02
  -2.1866075e-02
  -2.0385301e-02
  -1.8616880e-02
  -1.6656074e-02
  -1.4629810e-02
  -1.2616899e-02
  -1.0737865e-02
  -9.1075205e-03
  -7.7342615e-03
  -6.5635256e-03
  -5.5244577e-03
  -4.4950262e-03
  -3.3650318e-03
  -2.1691862e-03
  -9.9978571e-04
   1.1026683e-04
   1.1080509e-03
   1.8930958e-03
   2.4066552e-03
   2.7036222e-03
   2.9687546e-03
   3.3467983e-03
   3.8281789e-03
   4.3452418e-03
   4.8518905e-03
   5.3288452e-03
   5.7923778e-03
   6.2872769e-03
   6.8120283e-03
   7.3006913e-03
   7.7148509e-03
   8.0584582e-03
   8.3251806e-03
   8.4821855e-03
   8.4926479e-03
   8.3696459e-03
   8.1813226e-03
   7.9954085e-03
   7.8092191e-03
   7.5098705e-03
   6.9640360e-03
   6.1128301e-03
   4.9830697e-03
   3.6474685e-03
   2.1668872e-03
   5.8089387e-04
  -1.0847514e-03
  -2.8633528e-03
  -4.8298093e-03
  -7.0259844e-03
  -9.4071444e-03
  -1.1835729e-02
  -1.4181992e-02
  -1.6393138e-02
  -1.8421949e-02
  -2.0198905e-02
  -2.1645401e-02
  -2.2719587e-02
  -2.3457392e-02
  -2.3925516e-02
  -2.4184460e-02
  -2.4262103e-02
  -2.4169662e-02
  -2.3931023e-02
  -2.3583698e-02
  -2.3174839e-02
  -2.2772725e-02
  -2.2417967e-02
  -2.2032992e-02
  -2.1517512e-02
  -2.0877929e-02
  -2.0216939e-02
  -1.9641782e-02
  -1.9122517e-02
  -1.8568078e-02
  -1.7992508e-02
  -1.7460578e-02
  -1.6993349e-02
  -1.6544016e-02
  -1.6055519e-02
  -1.5554012e-02
  -1.5120579e-02
  -1.4818822e-02
  -1.4692860e-02
  -1.4770502e-02
  -1.5072466e-02
  -1.5569843e-02
  -1.6146927e-02
  -1.6703017e-02
  -1.7231093e-02
  -1.7746711e-02
  -1.8228601e-02
  -1.8594234e-02
  -1.8768653e-02
  -1.8762803e-02
  -1.8647372e-02
  -1.8498558e-02
  -1.8339488e-02
  -1.8161421e-02
  -1.7980119e-02
  -1.7827932e-02
  -1.7730467e-02
  -1.7722689e-02
  -1.7840804e-02
  -1.8093897e-02
  -1.8459875e-02
  -1.8898745e-02
  -1.9368452e-02
  -1.9827077e-02
  -2.0181491e-02
  -2.0299950e-02
  -2.0054221e-02
  -1.9340024e-02
  -1.8112275e-02
  -1.6413030e-02
  -1.4357030e-02
  -1.2060740e-02
  -9.6331185e-03
  -7.1677087e-03
  -4.6138365e-03
  -1.7725373e-03
   1.5231949e-03
   5.2869406e-03
   9.3563467e-03
   1.3536145e-02
   1.7717595e-02
   2.1821266e-02
   2.5760704e-02
   2.9465564e-02
   3.2910379e-02
   3.6130665e-02
   3.9176187e-02
   4.2084666e-02
   4.4889622e-02
   4.7662915e-02
   5.0553291e-02
   5.3694903e-02
   5.7098350e-02
   6.0657425e-02
   6.4214985e-02
   6.7653605e-02
   7.0971563e-02
   7.4302323e-02
   7.7697097e-02
   8.1029923e-02
   8.4163825e-02
   8.7048557e-02
   8.9673794e-02
   9.2008561e-02
   9.3986781e-02
   9.5602258e-02
   9.6930020e-02
   9.8023065e-02
   9.8883460e-02
   9.9500880e-02
   9.9881518e-02
   1.0005773e-01
   1.0002262e-01
   9.9742478e-02
   9.9215917e-02
   9.8464276e-02
   9.7504075e-02
   9.6278185e-02
   9.4695746e-02
   9.2748501e-02
   9.0483941e-02
   8.7909640e-02
   8.4994622e-02
   8.1726498e-02
   7.8142438e-02
   7.4336051e-02
   7.0447066e-02
   6.6607434e-02
   6.2904225e-02
   5.9436627e-02
   5.6323994e-02
   5.3683201e-02
   5.1606897e-02
   5.0157234e-02
   4.9348739e-02
   4.9116914e-02
   4.9346743e-02
   4.9908821e-02
   5.0714702e-02
   5.1745592e-02
   5.3044307e-02
   5.4673413e-02
   5.6661820e-02
   5.8974492e-02
   6.1523808e-02
   6.4203215e-02
   6.6920204e-02
   6.9605256e-02
   7.2169232e-02
   7.4517766e-02
   7.6618506e-02
   7.8504492e-02
   8.0247308e-02
   8.1899954e-02
   8.3467938e-02
   8.4878297e-02
   8.6019525e-02
   8.6813841e-02
   8.7229584e-02
   8.7277078e-02
   8.6928790e-02
   8.6132408e-02
   8.4861777e-02
   8.3103819e-02
   8.0830999e-02
   7.8001333e-02
   7.4592104e-02
   7.0531729e-02
   6.5800177e-02
   6.0575308e-02
   5.5088123e-02
   4.9457630e-02
   4.3717007e-02
   3.7887315e-02
   3.2058450e-02
   2.6392647e-02
   2.1086970e-02
   1.6314394e-02
   1.2149808e-02
   8.5051753e-03
   5.1879126e-03
   2.0224855e-03
  -1.1033566e-03
  -4.2338104e-03
  -7.2845159e-03
  -1.0088233e-02
  -1.2495755e-02
  -1.4433571e-02
  -1.5919645e-02
  -1.7069683e-02
  -1.8055283e-02
  -1.8972395e-02
  -1.9822327e-02
  -2.0582366e-02
  -2.1238606e-02
  -2.1792976e-02
  -2.2235219e-02
  -2.2538904e-02
  -2.2664040e-02
  -2.2586191e-02
  -2.2319262e-02
  -2.1888445e-02
  -2.1319896e-02
  -2.0704680e-02
  -2.0162493e-02
  -1.9742207e-02
  -1.9437421e-02
  -1.9235882e-02
  -1.9122379e-02
  -1.9065386e-02
  -1.9003989e-02
  -1.8914714e-02
  -1.8884910e-02
  -1.9017961e-02
  -1.9337478e-02
  -1.9800370e-02
  -2.0336637e-02
  -2.0881783e-02
  -2.1394097e-02
  -2.1850932e-02
  -2.2199013e-02
  -2.2361525e-02
  -2.2295791e-02
  -2.1988182e-02
  -2.1421423e-02
  -2.0635435e-02
  -1.9749091e-02
  -1.8828399e-02
  -1.7856979e-02
  -1.6810464e-02
  -1.5699935e-02
  -1.4559808e-02
  -1.3328136e-02
  -1.1864914e-02
  -1.0164361e-02
  -8.3481704e-03
  -6.5212355e-03
  -4.7342711e-03
  -3.0012500e-03
  -1.3421127e-03
   2.0752036e-04
   1.5984553e-03
   2.7637053e-03
   3.6267433e-03
   4.1274587e-03
   4.2643441e-03
   4.1362691e-03
   3.9258578e-03
   3.8417869e-03
   3.9973188e-03
   4.3484287e-03
   4.7999640e-03
   5.2884824e-03
   5.8064676e-03
   6.3456943e-03
   6.8567069e-03
   7.3765437e-03
   8.0489595e-03
   8.9365428e-03
   9.9815440e-03
   1.1086016e-02
   1.2164469e-02
   1.3168378e-02
   1.4088381e-02
   1.4934665e-02
   1.5696493e-02
   1.6319832e-02
   1.6727040e-02
   1.6914055e-02
   1.6974558e-02
   1.6965128e-02
   1.6889276e-02
   1.6771298e-02
   1.6653872e-02
   1.6573132e-02
   1.6571824e-02
   1.6674521e-02
   1.6817622e-02
   1.6902698e-02
   1.6893199e-02
   1.6810395e-02
   1.6698199e-02
   1.6597017e-02
   1.6531489e-02
   1.6512492e-02
   1.6572926e-02
   1.6781279e-02
   1.7198949e-02
   1.7831167e-02
   1.8596919e-02
   1.9374234e-02
   2.0074389e-02
   2.0686646e-02
   2.1256296e-02
   2.1776456e-02
   2.2192199e-02
   2.2469659e-02
   2.2612072e-02
   2.2642771e-02
   2.2534636e-02
   2.2240450e-02
   2.1776043e-02
   2.1189047e-02
   2.0514980e-02
   1.9803399e-02
   1.9099252e-02
   1.8371495e-02
   1.7579932e-02
   1.6760492e-02
   1.5986962e-02
   1.5327831e-02
   1.4875332e-02
   1.4708140e-02
   1.4838232e-02
   1.5260927e-02
   1.5971407e-02
   1.6906759e-02
   1.7967729e-02
   1.9093194e-02
   2.0262643e-02
   2.1467058e-02
   2.2670716e-02
   2.3832938e-02
   2.4956957e-02
   2.6041399e-02
   2.7042417e-02
   2.7968339e-02
   2.8899768e-02
   2.9919853e-02
   3.1089026e-02
   3.2438125e-02
   3.3911328e-02
   3.5381777e-02
   3.6766462e-02
   3.8041774e-02
   3.9198420e-02
   4.0238740e-02
   4.1176571e-02
   4.1971094e-02
   4.2527184e-02
   4.2738359e-02
   4.2546595e-02
   4.1983483e-02
   4.1114209e-02
   3.9970091e-02
   3.8476927e-02
   3.6588119e-02
   3.4405332e-02
   3.2000081e-02
   2.9332100e-02
   2.6327670e-02
   2.2951549e-02
   1.9265549e-02
   1.5508032e-02
   1.1994111e-02
   8.7515923e-03
   5.6109171e-03
   2.5346888e-03
  -3.9924386e-04
  -3.1211890e-03
  -5.5870807e-03
  -7.8142438e-03
  -9.9175306e-03
  -1.1990256e-02
  -1.4014937e-02
  -1.5980079e-02
  -1.7915073e-02
  -1.9798993e-02
  -2.1589028e-02
  -2.3289030e-02
  -2.4913181e-02
  -2.6474900e-02
  -2.8044467e-02
  -2.9662491e-02
  -3.1226001e-02
  -3.2626311e-02
  -3.3864660e-02
  -3.5010224e-02
  -3.6115453e-02
  -3.7160454e-02
  -3.8131323e-02
  -3.9081337e-02
  -4.0054478e-02
  -4.1061002e-02
  -4.2120389e-02
  -4.3258451e-02
  -4.4477183e-02
  -4.5730744e-02
  -4.6944314e-02
  -4.8060693e-02
  -4.9043608e-02
  -4.9867935e-02
  -5.0530164e-02
  -5.1045644e-02
  -5.1380578e-02
  -5.1448997e-02
  -5.1164998e-02
  -5.0544068e-02
  -4.9717607e-02
  -4.8780603e-02
  -4.7754186e-02
  -4.6644277e-02
  -4.5482675e-02
  -4.4320316e-02
  -4.3141368e-02
  -4.1907287e-02
  -4.0678574e-02
  -3.9530394e-02
  -3.8463092e-02
  -3.7514799e-02
  -3.6776718e-02
  -3.6303638e-02
  -3.6103063e-02
  -3.6152897e-02
  -3.6405922e-02
  -3.6793788e-02
  -3.7248214e-02
  -3.7715787e-02
  -3.8159682e-02
  -3.8511893e-02
  -3.8683628e-02
  -3.8618926e-02
  -3.8262654e-02
  -3.7500275e-02
  -3.6230814e-02
  -3.4451931e-02
  -3.2262605e-02
  -2.9837392e-02
  -2.7382514e-02
  -2.4998050e-02
  -2.2621433e-02
  -2.0133377e-02
  -1.7462505e-02
  -1.4635179e-02
  -1.1758018e-02
  -8.9659339e-03
  -6.3828152e-03
  -4.0700944e-03
  -1.9790183e-03
   7.7244874e-06
   1.9864728e-03
   3.9023243e-03
   5.5896206e-03
   6.9502008e-03
   7.9682889e-03
   8.6543333e-03
   9.0710397e-03
   9.3264049e-03
   9.4728786e-03
   9.5640116e-03
   9.7561205e-03
   1.0197400e-02
   1.0905815e-02
   1.1745353e-02
   1.2568923e-02
   1.3396073e-02
   1.4304718e-02
   1.5300987e-02
   1.6338004e-02
   1.7352375e-02
   1.8273204e-02
   1.9070136e-02
   1.9782199e-02
   2.0475746e-02
   2.1174249e-02
   2.1786093e-02
   2.2191580e-02
   2.2362626e-02
   2.2350167e-02
   2.2213468e-02
   2.1919488e-02
   2.1434363e-02
   2.0846541e-02
   2.0275446e-02
   1.9779858e-02
   1.9361500e-02
   1.8990979e-02
   1.8634914e-02
   1.8291582e-02
   1.7999323e-02
   1.7825798e-02
   1.7803153e-02
   1.7861522e-02
   1.7905161e-02
   1.7892496e-02
   1.7829928e-02
   1.7744646e-02
   1.7665077e-02
   1.7610011e-02
   1.7585851e-02
   1.7587366e-02
   1.7593561e-02
   1.7557562e-02
   1.7464295e-02
   1.7375915e-02
   1.7352719e-02
   1.7407096e-02
   1.7547030e-02
   1.7768806e-02
   1.8024171e-02
   1.8249181e-02
   1.8406668e-02
   1.8524370e-02
   1.8669880e-02
   1.8892894e-02
   1.9188251e-02
   1.9488081e-02
   1.9659265e-02
   1.9587061e-02
   1.9297487e-02
   1.8916848e-02
   1.8573241e-02
   1.8345201e-02
   1.8242780e-02
   1.8201688e-02
   1.8143731e-02
   1.8043994e-02
   1.7920579e-02
   1.7802533e-02
   1.7714222e-02
   1.7681734e-02
   1.7748432e-02
   1.7972065e-02
   1.8393384e-02
   1.8981550e-02
   1.9659472e-02
   2.0377179e-02
   2.1099773e-02
   2.1786643e-02
   2.2436551e-02
   2.3091828e-02
   2.3793841e-02
   2.4545207e-02
   2.5295402e-02
   2.5956392e-02
   2.6445716e-02
   2.6732193e-02
   2.6839639e-02
   2.6827662e-02
   2.6763374e-02
   2.6690137e-02
   2.6561491e-02
   2.6280933e-02
   2.5785208e-02
   2.5026340e-02
   2.3962203e-02
   2.2589082e-02
   2.0914478e-02
   1.8868459e-02
   1.6388182e-02
   1.3533942e-02
   1.0462814e-02
   7.3561007e-03
   4.3457787e-03
   1.4742694e-03
  -1.3084885e-03
  -4.0639615e-03
  -6.8253128e-03
  -9.6266483e-03
  -1.2460514e-02
  -1.5208408e-02
  -1.7704655e-02
  -1.9842013e-02
  -2.1660062e-02
  -2.3270446e-02
  -2.4707099e-02
  -2.5955360e-02
  -2.7023213e-02
  -2.7890078e-02
  -2.8524636e-02
  -2.8960822e-02
  -2.9286396e-02
  -2.9584780e-02
  -2.9885368e-02
  -3.0171226e-02
  -3.0447309e-02
  -3.0742115e-02
  -3.1075053e-02
  -3.1423616e-02
  -3.1726682e-02
  -3.1900482e-02
  -3.1894975e-02
  -3.1741136e-02
  -3.1497954e-02
  -3.1198675e-02
  -3.0859128e-02
  -3.0500722e-02
  -3.0172533e-02
  -2.9926047e-02
  -2.9773792e-02
  -2.9639089e-02
  -2.9413252e-02
  -2.9087266e-02
  -2.8736844e-02
  -2.8446168e-02
  -2.8292949e-02
  -2.8322822e-02
  -2.8500614e-02
  -2.8736362e-02
  -2.8941756e-02
  -2.9037156e-02
  -2.8957174e-02
  -2.8651562e-02
  -2.8104144e-02
  -2.7351953e-02
  -2.6464989e-02
  -2.5513736e-02
  -2.4520014e-02
  -2.3479074e-02
  -2.2411565e-02
  -2.1333112e-02
  -2.0230499e-02
  -1.9109507e-02
  -1.7981633e-02
  -1.6792499e-02
  -1.5440164e-02
  -1.3844235e-02
  -1.2014967e-02
  -1.0066345e-02
  -8.1884811e-03
  -6.5571036e-03
  -5.2381734e-03
  -4.1538556e-03
  -3.1421070e-03
  -2.0880407e-03
  -9.6355964e-04
   1.9191830e-04
   1.2931391e-03
   2.2489070e-03
   3.0143624e-03
   3.6158404e-03
   4.1512331e-03
   4.7543630e-03
   5.5418790e-03
   6.5622522e-03
   7.7784513e-03
   9.0815021e-03
   1.0371957e-02
   1.1620837e-02
   1.2877151e-02
   1.4209318e-02
   1.5626354e-02
   1.7066930e-02
   1.8438812e-02
   1.9670760e-02
   2.0732969e-02
   2.1608782e-02
   2.2281336e-02
   2.2732458e-02
   2.2914724e-02
   2.2784770e-02
   2.2377356e-02
   2.1745964e-02
   2.0874418e-02
   1.9725068e-02
   1.8304797e-02
   1.6672319e-02
   1.4941686e-02
   1.3270317e-02
   1.1748520e-02
   1.0344975e-02
   8.9956003e-03
   7.6825001e-03
   6.4627493e-03
   5.3722022e-03
   4.3649827e-03
   3.4187549e-03
   2.5416064e-03
   1.6846807e-03
   8.0411127e-04
  -7.2076998e-05
  -9.1023581e-04
  -1.6857751e-03
  -2.3006683e-03
  -2.6348939e-03
  -2.6489562e-03
  -2.4152523e-03
  -2.0778398e-03
  -1.7713603e-03
  -1.5768629e-03
  -1.5114935e-03
  -1.5468041e-03
  -1.6320520e-03
  -1.7225862e-03
  -1.8198866e-03
  -1.9958132e-03
  -2.3131062e-03
  -2.7695491e-03
  -3.3487945e-03
  -4.0279420e-03
  -4.7448436e-03
  -5.4262901e-03
  -6.0263570e-03
  -6.5377688e-03
  -6.9952167e-03
  -7.4761430e-03
  -8.0342984e-03
  -8.6495839e-03
  -9.2706513e-03
  -9.8758187e-03
  -1.0526621e-02
  -1.1320181e-02
  -1.2309566e-02
  -1.3489477e-02
  -1.4817927e-02
  -1.6268690e-02
  -1.7831580e-02
  -1.9482093e-02
  -2.1136254e-02
  -2.2670097e-02
  -2.3995587e-02
  -2.5082024e-02
  -2.5926313e-02
  -2.6507733e-02
  -2.6782991e-02
  -2.6679124e-02
  -2.6146780e-02
  -2.5221133e-02
  -2.4005085e-02
  -2.2627765e-02
  -2.1201850e-02
  -1.9800990e-02
  -1.8459118e-02
  -1.7216088e-02
  -1.6142591e-02
  -1.5318401e-02
  -1.4785782e-02
  -1.4526631e-02
  -1.4509011e-02
  -1.4731199e-02
  -1.5191476e-02
  -1.5864786e-02
  -1.6735093e-02
  -1.7824215e-02
  -1.9166913e-02
  -2.0654501e-02
  -2.2070642e-02
  -2.3485613e-02
  -2.5149342e-02
  -2.7119577e-02
  -2.9252393e-02
  -3.1345217e-02
  -3.3274911e-02
  -3.4977391e-02
  -3.6341289e-02
  -3.7264803e-02
  -3.7736987e-02
  -3.7748826e-02
  -3.7279739e-02
  -3.6346245e-02
  -3.5038307e-02
  -3.3483883e-02
  -3.1605745e-02
  -2.9197121e-02
  -2.6284719e-02
  -2.3067737e-02
  -1.9705314e-02
  -1.6342271e-02
  -1.3119576e-02
  -1.0074604e-02
  -7.1478163e-03
  -4.2483201e-03
  -1.3024657e-03
   1.7091228e-03
   4.6739058e-03
   7.4466142e-03
   1.0013482e-02
   1.2487289e-02
   1.5006043e-02
   1.7573393e-02
   2.0100338e-02
   2.2559829e-02
   2.4948216e-02
   2.7230878e-02
   2.9400862e-02
   3.1480265e-02
   3.3440795e-02
   3.5210937e-02
   3.6729637e-02
   3.7983886e-02
   3.8998533e-02
   3.9768758e-02
   4.0259390e-02
   4.0458106e-02
   4.0444891e-02
   4.0366216e-02
   4.0288230e-02
   4.0187530e-02
   4.0025569e-02
   3.9804000e-02
   3.9569215e-02
   3.9372701e-02
   3.9244330e-02
   3.9183896e-02
   3.9150582e-02
   3.9069154e-02
   3.8848273e-02
   3.8429846e-02
   3.7844984e-02
   3.7183857e-02
   3.6535876e-02
   3.5956383e-02
   3.5446203e-02
   3.4911657e-02
   3.4222584e-02
   3.3308294e-02
   3.2196182e-02
   3.0990528e-02
   2.9802977e-02
   2.8694100e-02
   2.7650613e-02
   2.6656478e-02
   2.5741913e-02
   2.4917448e-02
   2.4146465e-02
   2.3382297e-02
   2.2608974e-02
   2.1852240e-02
   2.1125516e-02
   2.0405193e-02
   1.9658921e-02
   1.8866463e-02
   1.8025410e-02
   1.7146362e-02
   1.6251207e-02
   1.5389298e-02
   1.4595945e-02
   1.3818010e-02
   1.2957684e-02
   1.1948751e-02
   1.0779302e-02
   9.4909124e-03
   8.1750590e-03
   6.9130318e-03
   5.7213987e-03
   4.5938546e-03
   3.5340960e-03
   2.5437953e-03
   1.6274128e-03
   8.1078105e-04
   1.4189150e-04
  -3.3599039e-04
  -6.1200437e-04
  -6.9517151e-04
  -5.5939707e-04
  -1.5320604e-04
   5.4986734e-04
   1.4999229e-03
   2.5726288e-03
   3.6141127e-03
   4.5168665e-03
   5.2737937e-03
   5.9209208e-03
   6.4940608e-03
   7.0551002e-03
   7.6780949e-03
   8.3977291e-03
   9.1657520e-03
   9.8754745e-03
   1.0520771e-02
   1.1185340e-02
   1.1897334e-02
   1.2655307e-02
   1.3491404e-02
   1.4392548e-02
   1.5293484e-02
   1.6189396e-02
   1.7121514e-02
   1.8088322e-02
   1.9009357e-02
   1.9766574e-02
   2.0316332e-02
   2.0704886e-02
   2.1005542e-02
   2.1221880e-02
   2.1270406e-02
   2.1091307e-02
   2.0656773e-02
   1.9842839e-02
   1.8538756e-02
   1.6783344e-02
   1.4590920e-02
   1.1926794e-02
   8.9420493e-03
   5.8962653e-03
   2.9383586e-03
   1.5647554e-04
  -2.3630848e-03
  -4.5858908e-03
  -6.5654942e-03
  -8.4314566e-03
  -1.0324945e-02
  -1.2321474e-02
  -1.4339547e-02
  -1.6199583e-02
  -1.7759307e-02
  -1.8894065e-02
  -1.9479133e-02
  -1.9470804e-02
  -1.8953466e-02
  -1.8092245e-02
  -1.7050961e-02
  -1.5922054e-02
  -1.4686596e-02
  -1.3256895e-02
  -1.1574376e-02
  -9.6751058e-03
  -7.7008781e-03
  -5.8124147e-03
  -4.1083854e-03
  -2.6062462e-03
  -1.2620754e-03
  -1.0369135e-05
   1.1640523e-03
   2.2192130e-03
   3.1428228e-03
   3.9631095e-03
   4.6966202e-03
   5.3687882e-03
   6.0386090e-03
   6.7916129e-03
   7.6678390e-03
   8.5709782e-03
   9.3591688e-03
   9.9663322e-03
   1.0377532e-02
   1.0594765e-02
   1.0617273e-02
   1.0454348e-02
   1.0137516e-02
   9.6883214e-03
   9.1099296e-03
   8.4158318e-03
   7.6660494e-03
   6.9764945e-03
   6.4297170e-03
   6.0100508e-03
   5.5889529e-03
   5.0480055e-03
   4.4211837e-03
   3.8335684e-03
   3.3905959e-03
   3.1382662e-03
   3.0877438e-03
   3.2647235e-03
   3.6669616e-03
   4.2236577e-03
   4.8359698e-03
   5.4112779e-03
   5.8724771e-03
   6.2148523e-03
   6.5338799e-03
   6.9479294e-03
   7.5296251e-03
   8.2897324e-03
   9.2087717e-03
   1.0264511e-02
   1.1406289e-02
   1.2561490e-02
   1.3703681e-02
   1.4852824e-02
   1.6033493e-02
   1.7233984e-02
   1.8401919e-02
   1.9455730e-02
   2.0327689e-02
   2.0994392e-02
   2.1411511e-02
   2.1500717e-02
   2.1224358e-02
   2.0622495e-02
   1.9797823e-02
   1.8911754e-02
   1.8140703e-02
   1.7541180e-02
   1.7037952e-02
   1.6518205e-02
   1.5874973e-02
   1.5038394e-02
   1.4049147e-02
   1.3031954e-02
   1.2070583e-02
   1.1164140e-02
   1.0247647e-02
   9.2487629e-03
   8.1352055e-03
   6.9450385e-03
   5.7387786e-03
   4.5432634e-03
   3.4036188e-03
   2.3989254e-03
   1.5821560e-03
   9.5329685e-04
   4.7069587e-04
   9.9669517e-05
  -1.7099487e-04
  -3.4436168e-04
  -4.0142858e-04
  -2.8494832e-04
   8.5050376e-06
   3.8772696e-04
   7.3673203e-04
   9.6139145e-04
   9.9595179e-04
   8.1968786e-04
   4.5470560e-04
  -1.1145073e-04
  -9.1400778e-04
  -1.9480854e-03
  -3.1674920e-03
  -4.5027698e-03
  -5.8873585e-03
  -7.2723327e-03
  -8.6274890e-03
  -9.8972941e-03
  -1.0998255e-02
  -1.1876684e-02
  -1.2553712e-02
  -1.3126184e-02
  -1.3712354e-02
  -1.4392892e-02
  -1.5193610e-02
  -1.6081468e-02
  -1.6980822e-02
  -1.7875151e-02
  -1.8841615e-02
  -1.9884620e-02
  -2.0940565e-02
  -2.2028930e-02
  -2.3192597e-02
  -2.4399903e-02
  -2.5583118e-02
  -2.6688829e-02
  -2.7699759e-02
  -2.8628434e-02
  -2.9505624e-02
  -3.0362096e-02
  -3.1199982e-02
  -3.1951968e-02
  -3.2549082e-02
  -3.2990912e-02
  -3.3302925e-02
  -3.3524425e-02
  -3.3757145e-02
  -3.4102404e-02
  -3.4575828e-02
  -3.5101701e-02
  -3.5568035e-02
  -3.5894779e-02
  -3.6058804e-02
  -3.6087369e-02
  -3.6032580e-02
  -3.5931466e-02
  -3.5747066e-02
  -3.5423213e-02
  -3.4961904e-02
  -3.4384407e-02
  -3.3701735e-02
  -3.2925315e-02
  -3.2057418e-02
  -3.1088269e-02
  -3.0062885e-02
  -2.9078524e-02
  -2.8186673e-02
  -2.7390085e-02
  -2.6686558e-02
  -2.6045116e-02
  -2.5400921e-02
  -2.4698564e-02
  -2.3929646e-02
  -2.3144209e-02
  -2.2409087e-02
  -2.1760418e-02
  -2.1168123e-02
  -2.0578374e-02
  -1.9981397e-02
  -1.9424825e-02
  -1.8977764e-02
  -1.8683096e-02
  -1.8539238e-02
  -1.8506474e-02
  -1.8505786e-02
  -1.8442392e-02
  -1.8252141e-02
  -1.7922025e-02
  -1.7477235e-02
  -1.6940418e-02
  -1.6318937e-02
  -1.5650376e-02
  -1.4997921e-02
  -1.4402390e-02
  -1.3834874e-02
  -1.3206373e-02
  -1.2509866e-02
  -1.1817420e-02
  -1.1090283e-02
  -1.0255976e-02
  -9.3844988e-03
  -8.5778614e-03
  -7.8464569e-03
  -7.1133317e-03
  -6.3007335e-03
  -5.4292361e-03
  -4.5849272e-03
  -3.8482709e-03
  -3.3100973e-03
  -3.0534450e-03
  -3.0982199e-03
  -3.3939824e-03
  -3.8557804e-03
  -4.4401262e-03
  -5.1578607e-03
  -5.9707480e-03
  -6.8028462e-03
  -7.6518012e-03
  -8.5731120e-03
  -9.6074443e-03
  -1.0735801e-02
  -1.1901876e-02
  -1.3113519e-02
  -1.4430887e-02
  -1.5884128e-02
  -1.7397528e-02
  -1.8800178e-02
  -1.9942920e-02
  -2.0761534e-02
  -2.1252854e-02
  -2.1426310e-02
  -2.1283829e-02
  -2.0845302e-02
  -2.0153339e-02
  -1.9177651e-02
  -1.7850440e-02
  -1.6158835e-02
  -1.4115569e-02
  -1.1737851e-02
  -9.0962321e-03
  -6.3033009e-03
  -3.4378763e-03
  -5.4932082e-04
   2.3103529e-03
   5.1011503e-03
   7.7959346e-03
   1.0298445e-02
   1.2500780e-02
   1.4398742e-02
   1.6035420e-02
   1.7442957e-02
   1.8681306e-02
   1.9836438e-02
   2.0952680e-02
   2.2031821e-02
   2.3056724e-02
   2.3965920e-02
   2.4663941e-02
   2.5064404e-02
   2.5146175e-02
   2.4985178e-02
   2.4646940e-02
   2.4107576e-02
   2.3264251e-02
   2.2010690e-02
   2.0299743e-02
   1.8197145e-02
   1.5890598e-02
   1.3568358e-02
   1.1328716e-02
   9.1872963e-03
   7.1106473e-03
   5.0604158e-03
   3.0865530e-03
   1.3376524e-03
  -1.0941882e-04
  -1.3175880e-03
  -2.4091400e-03
  -3.4831331e-03
  -4.5688757e-03
  -5.6486781e-03
  -6.6947599e-03
  -7.6876625e-03
  -8.6108317e-03
  -9.4363290e-03
  -1.0159680e-02
  -1.0824249e-02
  -1.1463419e-02
  -1.2084005e-02
  -1.2707068e-02
  -1.3322079e-02
  -1.3821314e-02
  -1.4056168e-02
  -1.3933854e-02
  -1.3484728e-02
  -1.2813482e-02
  -1.1985645e-02
  -1.1040587e-02
  -1.0039225e-02
  -9.0444707e-03
  -8.1023040e-03
  -7.2596677e-03
  -6.5519757e-03
  -5.9869647e-03
  -5.6112475e-03
  -5.5176778e-03
  -5.7658501e-03
  -6.3584419e-03
  -7.2877509e-03
  -8.4939557e-03
  -9.8350704e-03
  -1.1208192e-02
  -1.2605129e-02
  -1.4054653e-02
  -1.5552635e-02
  -1.7028591e-02
  -1.8438537e-02
  -1.9820194e-02
  -2.1212312e-02
  -2.2616064e-02
  -2.4017475e-02
  -2.5402367e-02
  -2.6767504e-02
  -2.8142896e-02
  -2.9575488e-02
  -3.1064728e-02
  -3.2566703e-02
  -3.4027997e-02
  -3.5349082e-02
  -3.6391261e-02
  -3.7066568e-02
  -3.7376585e-02
  -3.7367224e-02
  -3.7073795e-02
  -3.6500841e-02
  -3.5656484e-02
  -3.4572386e-02
  -3.3243455e-02
  -3.1658539e-02
  -2.9873873e-02
  -2.7987819e-02
  -2.6086346e-02
  -2.4193340e-02
  -2.2298750e-02
  -2.0446561e-02
  -1.8729419e-02
  -1.7229992e-02
  -1.5980492e-02
  -1.4954695e-02
  -1.4117634e-02
  -1.3424638e-02
  -1.2799234e-02
  -1.2200812e-02
  -1.1670602e-02
  -1.1298705e-02
  -1.1143972e-02
  -1.1147964e-02
  -1.1211427e-02
  -1.1305864e-02
  -1.1454953e-02
  -1.1688223e-02
  -1.2047731e-02
  -1.2557222e-02
  -1.3172095e-02
  -1.3790478e-02
  -1.4309537e-02
  -1.4723834e-02
  -1.5106331e-02
  -1.5474442e-02
  -1.5770831e-02
  -1.5917030e-02
  -1.5863272e-02
  -1.5619815e-02
  -1.5268429e-02
  -1.4897634e-02
  -1.4514173e-02
  -1.4107241e-02
  -1.3716690e-02
  -1.3371913e-02
  -1.3065612e-02
  -1.2801781e-02
  -1.2583585e-02
  -1.2380050e-02
  -1.2170251e-02
  -1.1965339e-02
  -1.1758225e-02
  -1.1528603e-02
  -1.1296159e-02
  -1.1122772e-02
  -1.1077136e-02
  -1.1169921e-02
  -1.1345580e-02
  -1.1533214e-02
  -1.1694693e-02
  -1.1848670e-02
  -1.2040641e-02
  -1.2303922e-02
  -1.2648424e-02
  -1.3072220e-02
  -1.3590315e-02
  -1.4221708e-02
  -1.4963437e-02
  -1.5791274e-02
  -1.6664816e-02
  -1.7515368e-02
  -1.8284423e-02
  -1.8977901e-02
  -1.9624574e-02
  -2.0231875e-02
  -2.0794023e-02
  -2.1301381e-02
  -2.1725796e-02
  -2.2068164e-02
  -2.2396560e-02
  -2.2731976e-02
  -2.3009092e-02
  -2.3239127e-02
  -2.3504129e-02
  -2.3812495e-02
  -2.4087959e-02
  -2.4231059e-02
  -2.4177646e-02
  -2.3918013e-02
  -2.3460696e-02
  -2.2824073e-02
  -2.2050268e-02
  -2.1192627e-02
  -2.0301464e-02
  -1.9411196e-02
  -1.8538068e-02
  -1.7682422e-02
  -1.6836344e-02
  -1.5992538e-02
  -1.5171377e-02
  -1.4411476e-02
  -1.3708706e-02
  -1.3016811e-02
  -1.2296626e-02
  -1.1568732e-02
  -1.0921990e-02
  -1.0443679e-02
  -1.0174961e-02
  -1.0128155e-02
  -1.0275386e-02
  -1.0534262e-02
  -1.0850887e-02
  -1.1238615e-02
  -1.1703229e-02
  -1.2213202e-02
  -1.2730678e-02
  -1.3228261e-02
  -1.3695697e-02
  -1.4135875e-02
  -1.4559877e-02
  -1.4976239e-02
  -1.5365413e-02
  -1.5651408e-02
  -1.5772552e-02
  -1.5743436e-02
  -1.5626904e-02
  -1.5474442e-02
  -1.5259550e-02
  -1.4926405e-02
  -1.4472461e-02
  -1.3916508e-02
  -1.3261713e-02
  -1.2480475e-02
  -1.1552556e-02
  -1.0514576e-02
  -9.4211860e-03
  -8.2964090e-03
  -7.1679840e-03
  -6.0847193e-03
  -5.1138429e-03
  -4.2943890e-03
  -3.5905723e-03
  -2.9240691e-03
  -2.2295653e-03
  -1.5014510e-03
  -7.7491979e-04
  -5.4397192e-05
   7.0160727e-04
   1.5536184e-03
   2.5201654e-03
   3.5636660e-03
   4.6577854e-03
   5.8042719e-03
   6.9991401e-03
   8.1926798e-03
   9.2915762e-03
   1.0270361e-02
   1.1185133e-02
   1.2053031e-02
   1.2853198e-02
   1.3594927e-02
   1.4273675e-02
   1.4842362e-02
   1.5280819e-02
   1.5626629e-02
   1.5936578e-02
   1.6245425e-02
   1.6535826e-02
   1.6747139e-02
   1.6814112e-02
   1.6731720e-02
   1.6544842e-02
   1.6256507e-02
   1.5859142e-02
   1.5413526e-02
   1.4971490e-02
   1.4510525e-02
   1.3976598e-02
   1.3334881e-02
   1.2584342e-02
   1.1765383e-02
   1.0952345e-02
   1.0196161e-02
   9.5003424e-03
   8.9228453e-03
   8.5779302e-03
   8.5620301e-03
   8.8896685e-03
   9.4682668e-03
   1.0177576e-02
   1.0946425e-02
   1.1802621e-02
   1.2822843e-02
   1.4024367e-02
   1.5358324e-02
   1.6754366e-02
   1.8151854e-02
   1.9514306e-02
   2.0830710e-02
   2.2100378e-02
   2.3304862e-02
   2.4432943e-02
   2.5514424e-02
   2.6554332e-02
   2.7502900e-02
   2.8307335e-02
   2.8943201e-02
   2.9395838e-02
   2.9666484e-02
   2.9783566e-02
   2.9772347e-02
   2.9645421e-02
   2.9443951e-02
   2.9216944e-02
   2.8942513e-02
   2.8570616e-02
   2.8098018e-02
   2.7538899e-02
   2.6899591e-02
   2.6216438e-02
   2.5551662e-02
   2.4951795e-02
   2.4433080e-02
   2.3987189e-02
   2.3614397e-02
   2.3326681e-02
   2.3099812e-02
   2.2885884e-02
   2.2672781e-02
   2.2463740e-02
   2.2241827e-02
   2.2004289e-02
   2.1777626e-02
   2.1560256e-02
   2.1308814e-02
   2.0959494e-02
   2.0496395e-02
   1.9992823e-02
   1.9528072e-02
   1.9130570e-02
   1.8818694e-02
   1.8610754e-02
   1.8503170e-02
   1.8472058e-02
   1.8484104e-02
   1.8508608e-02
   1.8525265e-02
   1.8525884e-02
   1.8512256e-02
   1.8491400e-02
   1.8471232e-02
   1.8457397e-02
   1.8451753e-02
   1.8458154e-02
   1.8510053e-02
   1.8654668e-02
   1.8911410e-02
   1.9247515e-02
   1.9590365e-02
   1.9900727e-02
   2.0179563e-02
   2.0412352e-02
   2.0553044e-02
   2.0553319e-02
   2.0421988e-02
   2.0214254e-02
   1.9951455e-02
   1.9562557e-02
   1.8910515e-02
   1.7924296e-02
   1.6623242e-02
   1.5041010e-02
   1.3275755e-02
   1.1507334e-02
   9.8134573e-03
   8.1664550e-03
   6.5954772e-03
   5.1746349e-03
   3.9565636e-03
   3.0334219e-03
   2.4942434e-03
   2.3208291e-03
   2.4438724e-03
   2.8106347e-03
   3.3456764e-03
   3.9458121e-03
   4.5363321e-03
   5.1467719e-03
   5.9033137e-03
   6.8613874e-03
   7.9353185e-03
   8.9550585e-03
   9.8437432e-03
   1.0692299e-02
   1.1529153e-02
   1.2273774e-02
   1.2878666e-02
   1.3359385e-02
   1.3759228e-02
   1.4094094e-02
   1.4350973e-02
   1.4521538e-02
   1.4612809e-02
   1.4640341e-02
   1.4591884e-02
   1.4425243e-02
   1.4092511e-02
   1.3610896e-02
   1.3079103e-02
   1.2551440e-02
   1.2025498e-02
   1.1538102e-02
   1.1130687e-02
   1.0786254e-02
   1.0426058e-02
   9.9693608e-03
   9.4041846e-03
   8.7543456e-03
   8.0320269e-03
   7.2444559e-03
   6.4167078e-03
   5.6081294e-03
   4.8817634e-03
   4.2669803e-03
   3.7570553e-03
   3.3327636e-03
   2.9933206e-03
   2.7268047e-03
   2.4883514e-03
   2.2602779e-03
   2.0872422e-03
   2.0756716e-03
   2.3267761e-03
   2.8666223e-03
   3.6475098e-03
   4.5669071e-03
   5.4964433e-03
   6.3692347e-03
   7.2176116e-03
   8.0533647e-03
   8.8350162e-03
   9.5243646e-03
   1.0111292e-02
   1.0613074e-02
   1.1060961e-02
   1.1487510e-02
   1.1910618e-02
   1.2293115e-02
   1.2552679e-02
   1.2682840e-02
   1.2769223e-02
   1.2902344e-02
   1.3115309e-02
   1.3371224e-02
   1.3609244e-02
   1.3782700e-02
   1.3880922e-02
   1.3961180e-02
   1.4131745e-02
   1.4426344e-02
   1.4800444e-02
   1.5247642e-02
   1.5800635e-02
   1.6476355e-02
   1.7265165e-02
   1.8145728e-02
   1.9116528e-02
   2.0153889e-02
   2.1172941e-02
   2.2071537e-02
   2.2780434e-02
   2.3263976e-02
   2.3526155e-02
   2.3614604e-02
   2.3599185e-02
   2.3547218e-02
   2.3505643e-02
   2.3495869e-02
   2.3517138e-02
   2.3556097e-02
   2.3596019e-02
   2.3620867e-02
   2.3591132e-02
   2.3429309e-02
   2.3112202e-02
   2.2707816e-02
   2.2247746e-02
   2.1704665e-02
   2.1057441e-02
   2.0331337e-02
   1.9594977e-02
   1.8916160e-02
   1.8343481e-02
   1.7914178e-02
   1.7622332e-02
   1.7411363e-02
   1.7269914e-02
   1.7229923e-02
   1.7281065e-02
   1.7353407e-02
   1.7357399e-02
   1.7259246e-02
   1.7094256e-02
   1.6917153e-02
   1.6753127e-02
   1.6583113e-02
   1.6400090e-02
   1.6228699e-02
   1.6096198e-02
   1.6015390e-02
   1.5986274e-02
   1.6024269e-02
   1.6143554e-02
   1.6279910e-02
   1.6324306e-02
   1.6205778e-02
   1.5913106e-02
   1.5484010e-02
   1.4978029e-02
   1.4453119e-02
   1.3941356e-02
   1.3402749e-02
   1.2749950e-02
   1.1979381e-02
   1.1160354e-02
   1.0332860e-02
   9.4764578e-03
   8.5514989e-03
   7.6267465e-03
   6.8357408e-03
   6.2348892e-03
   5.7954477e-03
   5.4518955e-03
   5.1690665e-03
   4.9467680e-03
   4.7953660e-03
   4.7591468e-03
   4.9084288e-03
   5.2296589e-03
   5.6272921e-03
   6.0305007e-03
   6.4174719e-03
   6.7923081e-03
   7.1684658e-03
   7.5587409e-03
   7.9678070e-03
   8.3745329e-03
   8.7288779e-03
   8.9845873e-03
   9.1177076e-03
   9.1069698e-03
   8.9578118e-03
   8.7322507e-03
   8.5102000e-03
   8.3338534e-03
   8.1504172e-03
   7.8857598e-03
   7.5516513e-03
   7.1982699e-03
   6.8424450e-03
   6.4500912e-03
   5.9838879e-03
   5.5181321e-03
   5.1722602e-03
   4.9602177e-03
   4.8098000e-03
   4.6367987e-03
   4.3858525e-03
   4.0451223e-03
   3.6648966e-03
   3.3150119e-03
   3.0160694e-03
   2.7587150e-03
   2.5496115e-03
   2.4019265e-03
   2.3172636e-03
   2.2833985e-03
   2.2811477e-03
   2.2911558e-03
   2.2998010e-03
   2.2974057e-03
   2.2606221e-03
   2.1528318e-03
   1.9753840e-03
   1.7806870e-03
   1.6559022e-03
   1.6672869e-03
   1.8014879e-03
   1.9916764e-03
   2.1723112e-03
   2.3269276e-03
   2.4835676e-03
   2.6500162e-03
   2.8130300e-03
   2.9865338e-03
   3.1874394e-03
   3.3991172e-03
   3.6091637e-03
   3.8363079e-03
   4.1069744e-03
   4.4348124e-03
   4.8147421e-03
   5.2160991e-03
   5.5789723e-03
   5.8466584e-03
   6.0013367e-03
   6.0866328e-03
   6.1728995e-03
   6.2568878e-03
   6.2965417e-03
   6.3135086e-03
   6.3381297e-03
   6.3370697e-03
   6.2505553e-03
   6.0435580e-03
   5.7170692e-03
   5.2903408e-03
   4.7676338e-03
   4.1595273e-03
   3.5183611e-03
   2.9300299e-03
   2.4783364e-03
   2.2039393e-03
   2.0936848e-03
   2.1007194e-03
   2.1947709e-03
   2.4033031e-03
   2.7549362e-03
   3.2222476e-03
   3.7463244e-03
   4.2710414e-03
   4.7633868e-03
   5.2258250e-03
   5.7041357e-03
   6.2376700e-03
   6.8157452e-03
   7.3985010e-03
   7.9456433e-03
   8.4035110e-03
   8.7139415e-03
   8.8294409e-03
   8.7486326e-03
   8.5391781e-03
   8.2752777e-03
   7.9894890e-03
   7.6849780e-03
   7.3557566e-03
   6.9970751e-03
   6.6091265e-03
   6.1943061e-03
   5.7381041e-03
   5.2091264e-03
   4.6091490e-03
   3.9786104e-03
   3.3344637e-03
   2.6847830e-03
   2.0874831e-03
   1.5823969e-03
   1.1284526e-03
   6.9642425e-04
   3.1121308e-04
  -2.2055912e-05
  -3.2300187e-04
  -5.8325961e-04
  -7.5900593e-04
  -7.9892137e-04
  -7.0201337e-04
  -5.2735941e-04
  -3.4654365e-04
  -1.9868995e-04
  -6.6585201e-05
   7.7657863e-05
   2.3165340e-04
   4.0024949e-04
   6.1156178e-04
   8.8793438e-04
   1.2202464e-03
   1.5543068e-03
   1.8252417e-03
   1.9922615e-03
   2.0248946e-03
   1.9144474e-03
   1.7422858e-03
   1.6272476e-03
   1.6197518e-03
   1.7011039e-03
   1.8231492e-03
   1.9384971e-03
   2.0161942e-03
   2.0480220e-03
   2.0564125e-03
   2.0963486e-03
   2.2043798e-03
   2.3705117e-03
   2.6114636e-03
   2.9830096e-03
   3.5217407e-03
   4.2222398e-03
   5.0382589e-03
   5.8690493e-03
   6.5849529e-03
   7.1476787e-03
   7.6162153e-03
   8.0175034e-03
   8.3304118e-03
   8.5403482e-03
   8.6535762e-03
   8.6858582e-03
   8.6038797e-03
   8.3392911e-03
   7.8556804e-03
   7.1696359e-03
   6.3371592e-03
   5.4279352e-03
   4.4933399e-03
   3.5075958e-03
   2.4045421e-03
   1.2020336e-03
  -1.1234554e-05
  -1.1609480e-03
  -2.2563821e-03
  -3.3858121e-03
  -4.6136024e-03
  -5.9292907e-03
  -7.2565014e-03
  -8.5028350e-03
  -9.6186639e-03
  -1.0624982e-02
  -1.1587316e-02
  -1.2488597e-02
  -1.0771042e-02
  -1.1427420e-02
  -1.1939046e-02
  -1.2367316e-02
  -1.2724896e-02
  -1.2962915e-02
  -1.3031265e-02
  -1.2919620e-02
  -1.2658749e-02
  -1.2301719e-02
  -1.1900293e-02
  -1.1470234e-02
  -1.0988137e-02
  -1.0425577e-02
  -9.7725713e-03
  -9.0427500e-03
  -8.2792011e-03
  -7.5488292e-03
  -6.8867381e-03
  -6.2796022e-03
  -5.7483049e-03
  -5.3410973e-03
  -5.0531265e-03
  -4.8477675e-03
  -4.6996626e-03
  -4.5514475e-03
  -4.3191615e-03
  -4.0372824e-03
  -3.8111293e-03
  -3.6661425e-03
  -3.5783616e-03
  -3.5294636e-03
  -3.4787347e-03
  -3.3842152e-03
  -3.2516800e-03
  -3.0957902e-03
  -2.9116726e-03
  -2.7208508e-03
  -2.5696553e-03
  -2.4862039e-03
  -2.4498126e-03
  -2.3975763e-03
  -2.2707679e-03
  -2.0422952e-03
  -1.7199569e-03
  -1.3331990e-03
  -9.1856443e-04
  -5.0598376e-04
  -1.1330024e-04
   2.5887973e-04
   6.4242655e-04
   1.0885922e-03
   1.5997907e-03
   2.1164681e-03
   2.5530118e-03
   2.8653764e-03
   3.0767927e-03
   3.2116475e-03
   3.2755301e-03
   3.2771270e-03
   3.2311819e-03
   3.1560522e-03
   3.0659310e-03
   2.9564957e-03
   2.7912104e-03
   2.5293888e-03
   2.1671557e-03
   1.7886370e-03
   1.4798447e-03
   1.2050415e-03
   9.0226511e-04
   5.7807108e-04
   2.7127699e-04
  -1.3497462e-05
  -3.3878770e-04
  -7.4195634e-04
  -1.1815562e-03
  -1.6193595e-03
  -2.0526199e-03
  -2.4873465e-03
  -2.9070195e-03
  -3.2705949e-03
  -3.5439595e-03
  -3.7057069e-03
  -3.7371423e-03
  -3.6542071e-03
  -3.5155183e-03
  -3.3563109e-03
  -3.1879901e-03
  -3.0396787e-03
  -2.9463362e-03
  -2.9231537e-03
  -2.9650652e-03
  -3.0658622e-03
  -3.2379343e-03
  -3.4757337e-03
  -3.7361167e-03
  -3.9696072e-03
  -4.1464424e-03
  -4.2618248e-03
  -4.3301402e-03
  -4.3738001e-03
  -4.4125041e-03
  -4.4452197e-03
  -4.4379717e-03
  -4.3496333e-03
  -4.1635195e-03
  -3.8882001e-03
  -3.5376270e-03
  -3.1087718e-03
  -2.6152562e-03
  -2.1043950e-03
  -1.6270342e-03
  -1.2118352e-03
  -8.6504787e-04
  -5.9509795e-04
  -4.0689312e-04
  -2.1049250e-04
   1.0150594e-04
   5.0440132e-04
   8.8820970e-04
   1.1470096e-03
   1.1737644e-03
   9.1768339e-04
   4.5338817e-04
  -1.1763112e-04
  -7.4627897e-04
  -1.3896960e-03
  -1.9872506e-03
  -2.4793207e-03
  -2.8525600e-03
  -3.1545999e-03
  -3.4500664e-03
  -3.7743664e-03
  -4.1101407e-03
  -4.4153262e-03
  -4.6578474e-03
  -4.8298575e-03
  -4.9570445e-03
  -5.0982043e-03
  -5.3114102e-03
  -5.6231691e-03
  -6.0277612e-03
  -6.5110346e-03
  -7.0735470e-03
  -7.7187744e-03
  -8.4367567e-03
  -9.2059497e-03
  -1.0000335e-02
  -1.0807798e-02
  -1.1688499e-02
  -1.2734670e-02
  -1.3923323e-02
  -1.5146529e-02
  -1.6336420e-02
  -1.7539872e-02
  -1.8859580e-02
  -2.0290864e-02
  -2.1732748e-02
  -2.3090245e-02
  -2.4335821e-02
  -2.5498937e-02
  -2.6603616e-02
  -2.7655225e-02
  -2.8654453e-02
  -2.9581477e-02
  -3.0389284e-02
  -3.1002986e-02
  -3.1377086e-02
  -3.1537808e-02
  -3.1493136e-02
  -3.1223729e-02
  -3.0756569e-02
  -3.0149612e-02
  -2.9444364e-02
  -2.8645160e-02
  -2.7737754e-02
  -2.6721042e-02
  -2.5613748e-02
  -2.4444782e-02
  -2.3223709e-02
  -2.1960168e-02
  -2.0710943e-02
  -1.9536745e-02
  -1.8450032e-02
  -1.7450735e-02
  -1.6549041e-02
  -1.5768491e-02
  -1.5140265e-02
  -1.4685426e-02
  -1.4396815e-02
  -1.4237470e-02
  -1.4156042e-02
  -1.4104143e-02
  -1.4047770e-02
  -1.3971092e-02
  -1.3873351e-02
  -1.3767488e-02
  -1.3701065e-02
  -1.3744360e-02
  -1.3920913e-02
  -1.4194863e-02
  -1.4514035e-02
  -1.4864526e-02
  -1.5277033e-02
  -1.5760438e-02
  -1.6277225e-02
  -1.6764897e-02
  -1.7185458e-02
  -1.7541386e-02
  -1.7815129e-02
  -1.7981082e-02
  -1.8051841e-02
  -1.8036079e-02
  -1.7915624e-02
  -1.7676571e-02
  -1.7328077e-02
  -1.6899119e-02
  -1.6425833e-02
  -1.5935889e-02
  -1.5425366e-02
  -1.4871065e-02
  -1.4261836e-02
  -1.3618949e-02
  -1.2983909e-02
  -1.2371170e-02
  -1.1757261e-02
  -1.1101847e-02
  -1.0387306e-02
  -9.6357341e-03
  -8.8841620e-03
  -8.1633576e-03
  -7.4893587e-03
  -6.8748302e-03
  -6.3352938e-03
  -5.8783622e-03
  -5.5035811e-03
  -5.2344014e-03
  -5.0927529e-03
  -5.0580618e-03
  -5.0946389e-03
  -5.1796046e-03
  -5.2993440e-03
  -5.4429474e-03
  -5.5987408e-03
  -5.7423166e-03
  -5.8383711e-03
  -5.8859475e-03
  -5.9205422e-03
  -5.9579109e-03
  -5.9945018e-03
  -6.0366129e-03
  -6.0845817e-03
  -6.1234577e-03
  -6.1516856e-03
  -6.1801130e-03
  -6.2028343e-03
  -6.2022837e-03
  -6.1689485e-03
  -6.1181233e-03
  -6.0825374e-03
  -6.0875483e-03
  -6.1333557e-03
  -6.1902657e-03
  -6.2202418e-03
  -6.2022424e-03
  -6.1496069e-03
  -6.0932476e-03
  -6.0437163e-03
  -5.9920789e-03
  -5.9247822e-03
  -5.8208878e-03
  -5.6634769e-03
  -5.4784713e-03
  -5.2998465e-03
  -5.1088251e-03
  -4.8687267e-03
  -4.5713261e-03
  -4.2322479e-03
  -3.8711436e-03
  -3.4909041e-03
  -3.0837997e-03
  -2.6467054e-03
  -2.1845288e-03
  -1.7076291e-03
  -1.2278385e-03
  -7.5492421e-04
  -2.9637024e-04
   1.3505790e-04
   5.2236706e-04
   8.6798698e-04
   1.1943382e-03
   1.5248193e-03
   1.8727561e-03
   2.2378113e-03
   2.6008635e-03
   2.9296789e-03
   3.1883824e-03
   3.3636552e-03
   3.4904774e-03
   3.6248986e-03
   3.8055815e-03
   4.0328084e-03
   4.2808568e-03
   4.5302130e-03
   4.7624163e-03
   4.9492390e-03
   5.0938886e-03
   5.2405825e-03
   5.4229242e-03
   5.6402118e-03
   5.8649263e-03
   6.0702372e-03
   6.2487656e-03
   6.3973662e-03
   6.5103257e-03
   6.5866530e-03
   6.6318341e-03
   6.6565446e-03
   6.6795481e-03
   6.7214735e-03
   6.7836835e-03
   6.8497755e-03
   6.9002979e-03
   6.9103473e-03
   6.8534787e-03
   6.7328651e-03
   6.5796116e-03
   6.4092258e-03
   6.2137235e-03
   5.9777275e-03
   5.6983125e-03
   5.3921909e-03
   5.0825520e-03
   4.7848072e-03
   4.4982957e-03
   4.2219438e-03
   3.9675147e-03
   3.7363163e-03
   3.5116293e-03
   3.2826886e-03
   3.0485235e-03
   2.8056031e-03
   2.5498662e-03
   2.2829786e-03
   2.0179013e-03
   1.7749189e-03
   1.5748392e-03
   1.4264452e-03
   1.3184071e-03
   1.2341091e-03
   1.1626963e-03
   1.0923298e-03
   1.0105992e-03
   9.1223881e-04
   8.0314763e-04
   6.9876452e-04
   6.1392546e-04
   5.5548193e-04
   5.2157136e-04
   5.0474961e-04
   4.9590475e-04
   4.8750592e-04
   4.7520296e-04
   4.5796891e-04
   4.3713772e-04
   4.1510954e-04
   3.9414069e-04
   3.7565459e-04
   3.6003326e-04
   3.4684582e-04
   3.3525458e-04
   3.2440603e-04
   3.1372199e-04
   3.0297738e-04
   2.9226787e-04
   2.8185090e-04
   2.7118682e-04
   2.5554003e-04
   2.3061542e-04
   1.9924611e-04
   1.6577124e-04
   1.3120815e-04
   9.8290820e-05
   7.2304831e-05
   5.6593126e-05
   4.9407658e-05
   4.4420948e-05
   4.0123378e-05
   4.2208631e-05
   5.3395554e-05
   6.9600437e-05
   8.2590335e-05
   8.6747763e-05
   8.3717108e-05
   7.8984936e-05
   7.7709487e-05
   8.2688764e-05
   9.4212549e-05
   1.1099300e-04
   1.3285942e-04
   1.6063021e-04
   1.9013350e-04
   2.1459418e-04
   2.3447412e-04
   2.5574514e-04
   2.8352901e-04
   3.1969657e-04
   3.6300885e-04
   4.1038563e-04
   4.5840599e-04
   5.0437861e-04
   5.4688211e-04
   5.8568386e-04
   6.2139300e-04
   6.5493119e-04
   6.8706246e-04
   7.1743853e-04
   7.4422779e-04
   7.6668065e-04
   7.8638025e-04
   8.0429711e-04
   8.1999072e-04
   8.3295859e-04
   8.4258813e-04
   8.4770920e-04
   8.4675932e-04
   8.3949759e-04
   8.3111390e-04
   8.2858778e-04
   8.3368820e-04
   8.4320073e-04
   8.5249299e-04
   8.6016083e-04
   8.6807646e-04
   8.7780237e-04
   8.8960698e-04
   9.0317369e-04
   9.1749066e-04
   9.3127763e-04
   9.4472044e-04
   9.5929897e-04
   9.7639673e-04
   9.9627530e-04
   1.0181362e-03
   1.0420483e-03
   1.0688444e-03
   1.0972581e-03
   1.1254102e-03
   1.1539891e-03
   1.1850597e-03
   1.2200261e-03
   1.2590124e-03
   1.3011304e-03
   1.3450037e-03
   1.3893381e-03
   1.4332733e-03
   1.4767817e-03
   1.5203521e-03
   1.5640877e-03
   1.6077132e-03
   1.6512423e-03
   1.6946612e-03
   1.7376053e-03
   1.7796476e-03
   1.8204785e-03
   1.8595886e-03
   1.8969504e-03
   1.9336514e-03
   1.9705658e-03
   2.0076729e-03
   2.0449521e-03
   2.0825548e-03
   2.1201988e-03
   2.1574229e-03
   2.1939862e-03
   2.2299920e-03
   2.2657982e-03
   2.3020656e-03
   2.3392553e-03
   2.3770576e-03
   2.4149356e-03
   2.4525934e-03
   2.4901135e-03
   2.5277231e-03
   2.5655942e-03
   2.6036856e-03
   2.6417977e-03
   2.6797445e-03
   2.7174711e-03
   2.7549775e-03
   2.7922842e-03
   2.8294257e-03
   2.8663814e-03
   2.9030273e-03
   2.9392258e-03
   2.9748944e-03
   3.0100398e-03
   3.0447240e-03
   3.0789402e-03
   3.1126815e-03
   3.1459615e-03
   3.1787942e-03
   3.2111588e-03
   3.2430347e-03
   3.2743944e-03
   3.3052172e-03
   3.3355031e-03
   3.3652796e-03
   3.3945468e-03
   3.4232978e-03
   3.4515118e-03
   3.4791752e-03
   3.5062949e-03
   3.5328983e-03
   3.5590199e-03
   3.5846803e-03
   3.6098520e-03
   3.6345213e-03
   3.6586880e-03
   3.6823730e-03
   3.7055761e-03
   3.7283249e-03
   3.7506126e-03
   3.7724598e-03
   3.7938664e-03
   3.8148394e-03
   3.8353787e-03
   3.8554775e-03
   3.8751427e-03
   3.8943812e-03
   3.9131859e-03
   3.9315709e-03
   3.9495221e-03
   3.9670398e-03
   3.9841307e-03
   4.0007879e-03
   4.0170046e-03
   4.0327877e-03
   4.0481372e-03
   4.0630461e-03
   4.0775145e-03
   4.0915355e-03
