   6.9423354e-04
   2.1417043e-03
   2.2860815e-03
   6.2825314e-04
  -5.2846570e-04
  -2.0806487e-03
  -1.6817100e-03
  -4.0066900e-05
   1.8578038e-04
   8.2578493e-05
  -1.6477343e-03
  -2.6163189e-03
  -1.7575635e-03
  -9.0183178e-04
   1.8030223e-04
  -2.0400830e-03
  -4.3741784e-03
  -2.6208865e-03
  -3.5643247e-04
   1.0231786e-05
   4.7147841e-04
  -2.1641773e-04
  -1.8632789e-03
  -2.4696728e-03
  -1.8665739e-03
   4.7676320e-05
   1.8532460e-03
   2.1967225e-03
   7.1888173e-04
  -7.2930431e-06
   5.8672658e-04
  -2.0322105e-03
  -4.4670197e-03
  -3.5616907e-04
   4.1895512e-04
   1.5059320e-04
  -2.5198373e-05
   1.0648689e-03
   2.4084987e-03
  -2.4252399e-03
  -2.3092351e-03
   2.6709721e-03
   1.9859921e-03
  -2.3252562e-04
   9.1586699e-04
   3.0111339e-03
   1.3057967e-03
  -2.5670127e-03
  -1.5313447e-03
   2.1980543e-03
   1.8571724e-03
   3.6714312e-04
   2.8910350e-03
   9.4416432e-04
  -2.5634119e-03
  -7.6000282e-04
  -6.6493292e-05
   2.5167988e-04
   2.2321781e-03
  -5.3583204e-04
   6.0040764e-04
   1.5917394e-03
  -2.5407515e-03
  -1.3300651e-03
  -2.4012971e-04
  -2.8657801e-05
  -2.7402751e-04
   3.5710035e-03
   5.9428826e-03
   1.2287200e-04
   2.1526153e-03
   3.2183622e-03
  -3.2023904e-03
  -3.6168470e-03
  -2.0902475e-03
   2.4198831e-03
   2.5226291e-03
  -1.9012007e-04
   4.6238763e-03
   4.1631125e-03
  -4.0517443e-04
   9.2718533e-04
   1.3539192e-03
   3.2785793e-05
  -4.6020545e-04
   1.4970138e-03
   1.1489204e-03
  -2.0644401e-04
  -1.0496272e-03
  -3.0137778e-03
  -2.7873321e-03
  -3.8408363e-03
   7.1585213e-03
   1.2833830e-02
   1.3213246e-03
  -4.8912429e-03
  -1.5746233e-03
   2.9011863e-03
  -1.1227974e-03
  -4.1023034e-03
   6.0396897e-03
   4.1831586e-03
  -9.2895318e-03
  -5.5855454e-03
   8.0420876e-03
   1.9582709e-03
  -6.2316171e-03
   4.8632553e-03
   1.0899759e-02
   3.0448926e-03
  -3.3689939e-03
   6.5022687e-03
   6.8373006e-03
  -1.7360080e-03
  -1.9755547e-03
  -3.7366796e-04
   1.2543695e-03
  -1.6728807e-03
  -2.4699095e-03
   3.9780612e-03
   2.8429224e-03
  -5.1628909e-03
  -6.1491145e-03
  -2.0739009e-03
   5.2011876e-03
   4.4031228e-03
  -3.0824889e-03
  -1.0178711e-02
  -1.0007748e-02
  -5.2905564e-03
   2.3155587e-03
  -2.1895505e-03
  -4.5463260e-03
   4.8277505e-03
   2.1540062e-03
  -4.2871476e-03
  -3.5577742e-03
   4.9197237e-03
  -4.1859011e-04
  -3.9537139e-03
  -6.4935578e-04
   1.3971879e-03
  -6.3742580e-03
  -1.6918909e-02
  -6.7751105e-03
   1.9227167e-03
  -4.5265266e-03
  -5.6386301e-03
   2.1354498e-03
   4.8873461e-03
   4.9283952e-03
   9.3244841e-03
   1.6123676e-03
  -1.0909624e-02
  -8.1567508e-03
   2.1379654e-03
   1.1451618e-02
   1.2495849e-02
   5.9972299e-03
  -6.6073035e-03
  -7.2022438e-03
   1.0477528e-03
   1.1379700e-02
   1.0434516e-02
  -3.0967638e-03
  -1.2033565e-02
  -5.0876589e-03
   5.5461143e-03
  -1.8073433e-04
  -9.9325748e-03
  -1.0695648e-02
  -5.9936883e-03
   1.0266216e-03
   1.5585726e-02
   4.1081634e-03
  -1.4534886e-02
  -1.0354213e-02
   3.2992272e-03
   1.0359738e-02
  -4.3258192e-04
  -4.2596730e-03
  -9.8968628e-04
   1.7198193e-03
   3.6605400e-03
   1.7473136e-03
   5.2879717e-03
  -7.1767916e-03
  -1.2738730e-02
  -2.6081111e-03
   2.1651835e-03
  -1.0390714e-03
  -3.5590863e-03
   7.0725856e-03
   1.8497833e-03
  -3.7926350e-03
  -4.2448161e-03
   3.2201675e-03
   1.1032347e-02
   9.1753914e-03
   1.3232187e-02
   6.4939622e-03
  -5.9758915e-03
  -1.1599201e-02
  -6.4063593e-03
   1.0450892e-02
   7.9157835e-03
   1.6031633e-03
   2.7307453e-03
  -2.6712187e-03
  -4.4225277e-03
   6.6397600e-03
   1.0949085e-02
  -2.8440076e-03
  -7.3373477e-03
  -4.1811855e-03
  -7.3211293e-03
  -1.8360115e-02
  -1.7144033e-02
   4.7288321e-05
   8.3836109e-03
   2.5257663e-03
   5.4504712e-03
   1.0668420e-02
   9.2571838e-03
   5.5094355e-03
   5.6830333e-03
   7.5461248e-03
  -6.4211078e-03
  -1.2404793e-02
  -5.4510532e-03
  -9.7071649e-04
   5.9608372e-03
   6.7874814e-03
  -4.0161211e-03
  -1.5185989e-02
  -4.8130809e-03
   1.6081157e-02
   5.7122639e-03
  -7.4530270e-03
  -6.9514311e-03
   1.2590456e-03
  -1.6404932e-03
  -7.2025694e-03
   2.9459348e-03
   4.9709734e-03
   4.7027782e-03
  -3.5943051e-03
   2.5845332e-03
   8.8549304e-03
  -6.2987399e-03
  -8.3832458e-03
  -4.0629610e-03
  -1.0881903e-02
  -4.3388018e-03
   1.6016046e-02
   1.2071941e-02
  -1.5290560e-03
  -3.7051405e-03
  -3.4511413e-03
   6.9398099e-03
   1.3272535e-02
   4.9211048e-03
  -1.0667335e-02
  -1.4720056e-02
  -3.0521928e-03
   4.1992487e-03
   4.6695620e-03
   1.2688417e-03
   3.5353112e-03
   6.2716994e-03
   5.2436967e-03
   2.3521290e-03
   5.5735198e-03
   5.6060947e-03
  -3.3945644e-04
  -1.0464703e-03
  -2.4236615e-03
   1.1549382e-03
  -1.3049779e-03
  -2.8069441e-03
   2.1417931e-04
   5.1461694e-03
  -3.2788062e-03
  -1.3430477e-02
   1.7501251e-03
   2.5898407e-02
   2.4551413e-02
  -1.7455576e-03
  -6.3679245e-03
  -1.3713214e-02
  -1.6581717e-02
   6.7092899e-03
   5.1760905e-03
  -8.0114957e-03
  -9.7821700e-03
  -5.0162447e-03
   5.0163829e-03
   8.8585608e-03
  -4.7768263e-03
  -1.1529454e-02
  -6.5572672e-03
  -5.0113615e-03
   4.0814090e-03
   1.0422086e-02
  -3.8391888e-03
  -1.0806138e-02
   1.0276180e-03
   9.9573364e-03
   3.7128650e-03
  -1.7165736e-03
   4.7662410e-05
  -3.3803487e-03
   9.6991544e-03
   1.7845054e-02
   1.7828184e-02
   1.4316174e-03
  -9.1367593e-03
  -7.3423493e-03
  -1.0861975e-02
  -3.1558366e-03
  -1.3403052e-03
   7.3660258e-03
   1.4696478e-03
  -1.5152348e-02
  -1.3535048e-02
  -8.3264420e-05
   5.7813992e-03
   4.8739985e-03
  -5.0819272e-04
   1.5910785e-03
  -2.0925757e-03
  -8.8523260e-03
  -9.9328707e-04
  -2.4954012e-03
  -8.6765677e-03
  -1.3147149e-02
  -4.0353089e-03
   7.4361575e-03
   7.4333459e-03
  -5.7493274e-03
  -3.1529954e-03
   7.5879236e-03
   1.4701312e-03
  -9.4686146e-03
  -1.0512944e-02
  -9.4058325e-03
   4.2652765e-03
   1.5984280e-02
   5.4047263e-03
  -3.7942232e-03
   7.7818635e-03
   2.1459957e-02
   6.8172250e-03
  -1.0212746e-03
   9.9248799e-03
   1.7223349e-02
   9.2834647e-04
  -1.9288036e-02
  -1.0328268e-02
   6.9492410e-03
   5.8395052e-03
   4.9551792e-03
   5.2209870e-03
   1.5593915e-03
  -1.1500549e-02
  -2.0245650e-03
   2.5058780e-02
   2.6086339e-02
  -7.9448365e-04
  -1.7660081e-02
  -2.0781725e-03
   1.3850932e-02
   1.1260923e-02
   5.0635878e-03
   6.3175134e-03
  -5.6889327e-03
   1.9473797e-04
   1.4658694e-02
   5.3983040e-03
  -5.4569921e-03
   8.4796880e-03
   9.2183938e-03
   1.0205841e-03
  -2.3955161e-03
  -8.8555322e-03
   7.0596819e-04
   9.0430696e-04
   4.6184801e-03
  -1.9190173e-03
  -1.4175003e-02
   2.5851548e-03
   1.2650732e-02
  -8.4220161e-03
  -6.2348726e-04
   7.1921517e-03
  -7.3450524e-03
  -5.3978700e-03
   1.1166711e-03
   1.1604923e-02
  -1.5968299e-02
  -2.8230342e-02
  -6.2266056e-03
   1.6938343e-02
   2.1170710e-02
   1.4069643e-02
   9.6986020e-03
  -1.0076113e-02
  -7.2545688e-03
   1.7884613e-02
   3.5532264e-02
   9.4544088e-03
  -1.8618879e-02
  -3.4788034e-03
   6.2365892e-03
   2.9160235e-03
   1.6421604e-03
   5.3232200e-04
   2.5287752e-03
  -4.5139287e-03
   4.2747076e-03
  -1.0776740e-02
  -1.4001771e-02
   4.5907983e-03
   6.3759252e-03
   1.8111907e-02
   8.2546629e-03
  -3.1320220e-03
  -1.5179774e-02
  -1.2050336e-02
  -2.7254082e-03
  -4.0737634e-03
  -3.6561401e-03
  -1.1922483e-02
  -1.2951818e-02
  -4.4530210e-03
   7.9550668e-03
   1.1984141e-02
  -2.2291593e-03
   4.4473189e-03
   1.9728221e-02
   1.7304243e-02
   1.5841136e-02
   1.0614654e-02
   1.6289904e-02
   4.9726307e-03
  -2.3448189e-03
   1.9690042e-02
   1.3185623e-02
  -3.1246724e-03
  -1.0407880e-02
   4.0750360e-03
   2.7543330e-04
  -3.7797609e-03
   8.2922098e-03
   3.4300002e-03
  -1.0223795e-02
  -1.8146041e-02
  -1.0758193e-02
   9.4120871e-03
   2.5784760e-02
   6.1709166e-03
  -1.8173269e-02
  -1.9744104e-02
   3.1601477e-03
   9.5165990e-03
   5.3839009e-03
  -1.3097034e-03
  -2.6852766e-03
  -3.7066499e-03
  -1.7857582e-03
  -2.9168226e-03
   7.6990847e-03
   1.1991737e-02
   8.9145557e-03
  -2.5386305e-03
  -4.0369761e-03
   5.7920339e-03
  -2.3645887e-04
  -1.3882303e-02
  -2.1628455e-02
   5.1387803e-03
   2.1109940e-02
   1.6487208e-02
  -1.0268090e-02
  -2.4645429e-02
  -2.9239058e-02
  -2.9721072e-02
  -1.7353274e-02
  -3.8011881e-03
   5.7795051e-04
   2.7282395e-03
   7.5461051e-03
   4.8523049e-03
   7.0659857e-03
   1.6043669e-02
   2.2485641e-02
   2.2978605e-02
   1.6471128e-02
   9.6506867e-03
   2.1047493e-03
  -1.2632481e-03
  -1.0009622e-02
  -9.0024743e-03
  -7.3422408e-03
  -6.1086573e-03
  -6.7517299e-03
  -2.8190980e-02
  -3.2145641e-02
  -2.7962699e-02
  -3.5954692e-03
   3.1903944e-02
   1.3458297e-02
  -2.1013952e-02
  -6.9279322e-04
   3.0876188e-02
   5.3166597e-02
   2.7195088e-02
  -2.1536610e-02
  -4.2007877e-02
  -5.6806854e-02
  -6.1495091e-02
  -5.2230686e-02
  -1.5204831e-02
  -2.9165760e-03
  -1.8305265e-02
  -1.2210547e-02
   7.6920015e-03
  -1.0917713e-02
  -2.9705485e-02
  -5.1531046e-03
   3.0373457e-02
   2.3575055e-02
   1.4109203e-02
   2.6214291e-02
  -5.6839606e-03
  -4.3583447e-02
  -5.3700403e-02
  -4.0239935e-02
  -2.6550003e-02
  -1.4476188e-02
  -5.6232897e-03
   3.3257942e-04
   1.1928501e-02
  -1.2151159e-02
  -8.0287203e-03
   1.5700557e-02
   9.2966643e-04
  -9.8312987e-03
  -9.6975957e-03
  -5.1971922e-04
  -2.5414519e-02
  -3.1341430e-02
  -3.2168627e-03
   2.0776990e-02
   3.1666587e-02
   1.7698654e-02
  -9.4501174e-03
  -1.4908185e-02
  -5.6922967e-04
   7.8529423e-03
   3.7382185e-02
   4.4619983e-02
   2.7875886e-02
   1.8312368e-02
   4.3535009e-03
  -8.7349302e-03
  -1.3089141e-02
  -2.9760829e-02
  -3.4031472e-02
  -1.1183778e-02
   4.9905854e-03
   7.9669247e-03
  -1.3322453e-02
  -2.5404654e-02
  -3.4303159e-03
  -5.2356763e-03
  -2.4706790e-02
   2.3209451e-03
   4.1020173e-02
   4.9469516e-02
   4.6815877e-02
   3.7951604e-02
   2.3709024e-02
   2.7597983e-02
   7.8431461e-03
   7.3483967e-04
   2.7750499e-02
   1.7988691e-02
   1.8714177e-03
  -8.8251869e-03
  -3.8774658e-05
   6.0820805e-03
   1.7339068e-03
   3.1082765e-03
  -2.8383450e-02
  -4.3653490e-02
  -1.7569617e-02
   2.5833494e-03
   7.9776877e-03
  -5.1681392e-03
  -1.4406737e-02
   1.4575136e-02
   1.5670764e-02
   5.9210509e-03
   2.0623191e-02
   2.4457793e-02
   1.9152685e-02
   5.7613630e-03
   1.8389612e-02
  -3.9220663e-04
  -4.2947734e-02
  -7.1491197e-02
  -8.1686680e-02
  -7.3621784e-02
  -7.5190646e-02
  -5.1295465e-02
  -1.2571120e-02
   2.8786542e-02
   6.7189972e-02
   5.3432267e-02
   1.3120710e-02
   6.8415624e-03
   2.5524418e-02
   3.2405983e-02
   3.1218411e-02
   5.2296092e-02
   3.4436043e-02
   6.0370163e-04
   6.9407471e-04
   4.6806505e-03
   1.9560907e-02
   2.9666221e-03
  -2.1006454e-02
  -2.4433919e-02
  -2.9471384e-02
  -2.0249300e-02
  -1.5431632e-02
  -2.3659896e-02
  -3.7800963e-02
  -4.5510021e-02
  -3.0445670e-02
  -1.8670672e-02
  -6.2758921e-03
  -8.9044143e-03
  -2.5415210e-02
  -2.3384755e-02
  -3.6076724e-02
  -4.0516555e-02
  -2.9633173e-02
  -1.0164407e-02
   1.4009564e-02
   3.0813741e-02
   4.8038471e-02
   4.5729916e-02
   3.6268010e-02
   4.4476741e-02
   4.5369146e-02
   3.3946927e-02
   2.0109806e-02
   9.6697758e-03
   1.0651254e-03
   2.5491369e-03
   1.4035312e-02
   1.7266164e-02
   2.5201234e-02
   2.8006402e-02
  -1.1313998e-02
  -4.7077305e-02
  -5.8568877e-02
  -5.8011592e-02
  -1.7762876e-02
   9.8867016e-03
   1.3827946e-02
  -1.2893219e-02
  -3.0020875e-02
  -1.0220047e-02
   9.7930612e-04
  -1.5918677e-03
  -8.2230055e-04
   3.7678634e-02
   6.4426534e-02
   6.2085819e-02
   4.6256323e-02
   2.0501060e-02
  -2.4247072e-02
  -6.4474084e-02
  -6.1993875e-02
  -7.3378903e-02
  -5.8241056e-02
  -1.7296943e-02
  -3.0617325e-03
  -1.8608521e-02
  -4.0267262e-02
  -1.6447550e-02
  -1.4334622e-02
  -3.3133542e-02
  -2.4457891e-02
   5.9487425e-03
   2.8912126e-02
   1.9347523e-02
   1.4472045e-02
   6.9631904e-03
  -2.1635656e-02
  -3.9137598e-02
  -5.8378281e-02
  -7.0612504e-02
  -3.8206422e-02
   1.6676225e-02
   5.3806651e-02
   4.3112976e-02
  -5.8885747e-03
  -7.0670117e-02
  -1.1506863e-01
  -1.3083518e-01
  -9.2086865e-02
   7.0134832e-03
   7.7647967e-02
   5.0814044e-02
  -8.0024394e-03
  -1.7975570e-02
   1.7830552e-02
   6.6581191e-02
   7.1111091e-02
   3.4225717e-02
   1.9659066e-02
   4.1036648e-02
   7.2587319e-02
   8.3848144e-02
   6.6704407e-02
   2.3501855e-02
  -3.6097638e-03
   1.8854559e-02
   3.5966628e-02
   1.3914464e-02
  -2.3667196e-02
  -2.3471174e-02
   2.3962264e-03
   1.7422330e-02
   3.3678199e-03
  -4.7969217e-02
  -1.1592789e-01
  -1.4948533e-01
  -1.2488450e-01
  -9.9671030e-02
  -8.1333604e-02
  -4.8745411e-02
   9.7819037e-03
   8.3650446e-02
   1.2850404e-01
   1.3266222e-01
   1.2177400e-01
   1.2837579e-01
   1.3674838e-01
   1.2223865e-01
   7.0393596e-02
  -1.1334222e-02
  -9.0055424e-02
  -1.2823472e-01
  -8.3980042e-02
  -1.3950373e-02
   1.6734726e-03
  -1.3842152e-02
  -3.4025651e-02
  -3.0154844e-02
   1.0351451e-02
   5.1945582e-02
   7.3358383e-02
   5.9561512e-02
   4.5268521e-02
   3.4686521e-02
   1.1555695e-02
  -8.0936234e-04
   7.1176498e-03
   7.1959202e-03
  -1.9683235e-02
  -1.7645777e-02
   1.8472283e-02
   6.8629797e-03
  -3.6655515e-02
  -6.0509952e-02
  -5.8815605e-02
  -4.3986736e-02
  -4.1813434e-02
  -5.7119679e-02
  -7.4243291e-02
  -7.8747542e-02
  -9.2373350e-02
  -1.0119915e-01
  -1.0113897e-01
  -6.8602372e-02
  -7.6925440e-04
   4.7287039e-02
   4.1743391e-02
   9.7735774e-03
   6.1830606e-03
   3.2576750e-02
   5.2373534e-02
   4.5971515e-02
   2.2271073e-02
  -3.9912115e-03
  -2.8283318e-02
  -4.9911871e-02
  -5.6991037e-02
  -2.7468946e-02
   4.3476509e-02
   8.5919934e-02
   1.0208406e-01
   1.2448989e-01
   1.3869084e-01
   1.4526303e-01
   1.0182263e-01
   2.6176606e-02
  -2.7618799e-02
  -6.7425158e-02
  -8.3262743e-02
  -4.1982622e-02
   2.9451851e-02
   6.5139294e-02
   6.3817851e-02
   6.6293029e-02
   5.9661644e-02
   2.2891101e-02
  -1.4808349e-02
  -3.2130054e-02
  -2.8672796e-02
   5.3794516e-03
   4.3747505e-02
   5.9417678e-02
   7.5146154e-02
   9.2402156e-02
   1.0043756e-01
   7.9848695e-02
   4.1818268e-02
   1.1907686e-03
  -5.5801393e-02
  -9.9832819e-02
  -1.1662535e-01
  -1.2449088e-01
  -1.2384668e-01
  -1.1245336e-01
  -1.1700418e-01
  -1.3364479e-01
  -1.4576517e-01
  -1.4299305e-01
  -1.0716167e-01
  -4.5628502e-02
   1.1540404e-02
   3.6432759e-02
   3.4949329e-02
   2.4419713e-02
   1.6866623e-02
   2.6094725e-02
   4.4725245e-02
   4.7024329e-02
   4.8369547e-02
   5.0227854e-02
   1.9515922e-02
   4.7439358e-03
   2.0228879e-02
   1.8969883e-02
   1.7223842e-02
   1.2159149e-02
   2.9430246e-02
   6.4500917e-02
   8.3497732e-02
   9.4818833e-02
   1.0519653e-01
   1.1974868e-01
   1.2925478e-01
   1.1769770e-01
   7.0906290e-02
   2.6833332e-02
   5.2571528e-03
   2.2273638e-02
   7.4574268e-02
   1.1382956e-01
   1.3769544e-01
   1.3562572e-01
   1.1647738e-01
   8.5669259e-02
   4.7071287e-02
   1.6772904e-02
  -2.4415076e-02
  -5.1711776e-02
  -5.7167920e-02
  -3.8555453e-02
   5.2202373e-03
   3.9243353e-02
   6.6376685e-02
   7.8905385e-02
   6.9563144e-02
   5.6801724e-02
   6.1436294e-02
   6.2241097e-02
   3.3426932e-02
  -1.6899869e-02
  -6.4799537e-02
  -8.1831501e-02
  -6.1687561e-02
  -3.0135805e-02
  -1.6725650e-02
  -1.4165927e-02
  -1.2975790e-02
  -4.1541450e-03
   5.8427607e-03
   2.2808924e-02
   4.8926043e-02
   6.5076157e-02
   4.7908349e-02
   6.1829817e-03
  -1.4515747e-02
  -2.5138886e-02
  -2.5356413e-02
  -2.2266437e-02
  -3.7908789e-02
  -5.4085441e-02
  -6.4113906e-02
  -5.8626983e-02
  -5.3246702e-02
  -6.4576287e-02
  -7.5169238e-02
  -8.0373721e-02
  -7.2179985e-02
  -6.7206348e-02
  -8.1600853e-02
  -8.1910028e-02
  -5.1435847e-02
  -1.5693060e-02
  -1.1554512e-02
  -3.8036149e-02
  -5.8870751e-02
  -4.4633499e-02
   1.3056981e-03
   3.6066464e-02
   4.0844968e-02
   2.8138892e-02
   3.2573297e-02
   6.1126428e-02
   8.5323583e-02
   1.0194298e-01
   1.0168649e-01
   8.0825152e-02
   5.0589117e-02
   2.6794167e-02
   2.3704881e-02
   4.8064022e-02
   6.4800819e-02
   6.6368399e-02
   7.4613433e-02
   5.9602058e-02
   4.2519782e-02
   3.1534393e-02
   2.4269072e-02
   2.0844665e-02
   1.2915218e-02
   2.4080449e-02
   2.6023399e-02
   1.6762644e-02
   1.2799894e-02
   1.6044951e-02
   7.3066373e-04
  -3.4154195e-02
  -4.9771292e-02
  -4.4591276e-02
  -2.4758287e-02
  -1.2695125e-03
   1.4351393e-03
  -2.0240619e-02
  -4.9074908e-02
  -6.9272515e-02
  -8.7696064e-02
  -1.0269669e-01
  -8.7185145e-02
  -6.9453147e-02
  -7.3096955e-02
  -7.0265546e-02
  -4.6295784e-02
  -2.9509661e-02
  -3.6385505e-02
  -5.3149727e-02
  -7.1530066e-02
  -7.7538562e-02
  -7.2824380e-02
  -5.6650096e-02
  -1.7550380e-02
   1.6744492e-02
   4.4248263e-02
   6.6561658e-02
   6.4126434e-02
   5.0772314e-02
   3.1335511e-02
  -3.5292046e-03
  -4.6348267e-02
  -7.0665481e-02
  -6.3314923e-02
  -4.0187452e-02
  -1.5891646e-02
  -2.4261771e-02
  -4.5770462e-02
  -4.7926008e-02
  -5.0262579e-02
  -3.4737326e-02
  -1.4573163e-02
  -1.2746030e-02
  -1.8448508e-02
  -3.3587637e-02
  -5.8044739e-02
  -7.9029193e-02
  -7.3088373e-02
  -3.8997808e-02
  -8.7470151e-03
  -1.4729526e-03
  -2.2826681e-02
  -4.7487006e-02
  -5.9015671e-02
  -6.1813243e-02
  -5.5733521e-02
  -3.9464629e-02
  -2.0102506e-02
   4.9429661e-03
   3.3033311e-02
   4.5787431e-02
   1.3765401e-02
  -1.5007429e-02
   2.1208789e-03
   1.3358560e-02
  -4.5366877e-03
  -2.1315037e-02
  -6.1811270e-03
   8.1145574e-03
   9.1911462e-03
   8.4303127e-03
  -4.5785951e-03
  -2.0348643e-02
  -5.0628085e-03
   2.2512376e-02
   3.8708857e-02
   2.8830442e-02
   1.5106081e-03
   2.1393268e-06
   2.3013232e-03
  -2.1434209e-02
  -5.9355823e-02
  -7.9076448e-02
  -7.0652163e-02
  -5.2186588e-02
  -4.6196540e-02
  -5.0979286e-02
  -4.2466510e-02
  -1.4333833e-02
   2.2108396e-02
   4.8102792e-02
   5.1586291e-02
   4.8045179e-02
   5.0514438e-02
   3.2691679e-02
   1.2303970e-02
   4.0918562e-03
  -1.9527760e-03
  -3.4471459e-03
  -1.5567476e-02
  -4.4863555e-02
  -7.1254531e-02
  -7.1964036e-02
  -6.9467649e-02
  -6.9148707e-02
  -5.7705771e-02
  -3.7535490e-02
  -9.3555792e-03
   1.5409139e-02
   2.2110665e-02
   8.3592142e-03
  -6.7054326e-03
  -3.6787018e-03
  -2.6433495e-03
  -1.4737517e-02
  -1.9404642e-02
  -1.6417165e-02
  -1.1253130e-02
  -7.8591080e-03
   8.1422095e-03
   3.1359286e-02
   4.3587196e-02
   5.3720034e-02
   5.1461003e-02
   3.3313187e-02
   2.2540196e-02
   2.8801044e-02
   4.1297583e-02
   3.7469788e-02
   3.0118047e-02
   3.4260739e-02
   4.2720144e-02
   4.0836385e-02
   3.7074983e-02
   3.0792925e-02
   1.7324171e-02
   2.3768216e-02
   3.3638442e-02
   3.9087187e-02
   4.0630794e-02
   3.7448973e-02
   3.8765088e-02
   4.4104132e-02
   4.6989998e-02
   4.6546261e-02
   4.7012096e-02
   2.9690391e-02
   8.9133225e-03
   1.9018025e-02
   3.1814466e-02
   2.0455877e-02
  -5.2820328e-03
  -6.4956097e-03
   1.9533975e-02
   3.1851461e-02
   2.9184898e-02
   1.6872345e-02
   1.2009790e-03
  -1.1105547e-02
  -1.5352908e-02
  -1.5336828e-02
  -1.3362605e-02
   6.2501439e-03
   1.9515527e-02
   1.2645800e-02
   9.4609691e-03
   1.5283062e-02
  -3.1031367e-03
  -2.1894914e-02
  -1.4255503e-02
  -3.1595755e-03
  -3.5349462e-03
  -9.0663317e-03
   8.4594939e-03
   1.9969918e-02
   1.1495320e-02
   3.0719528e-03
   1.2546358e-03
   7.4531157e-03
   9.8107298e-03
   2.0733583e-02
   2.0751636e-02
   1.3646525e-02
   2.8278386e-02
   2.1484127e-02
  -3.8764102e-03
  -2.0169590e-02
  -2.3063643e-02
  -1.3991314e-02
  -1.1915380e-02
  -2.4959241e-03
   4.8506870e-03
  -4.7328473e-03
  -2.1094452e-02
  -1.1680983e-02
   2.3136251e-02
   3.8040786e-02
   1.1131591e-02
  -3.7434076e-02
  -5.7852861e-02
  -4.2842670e-02
  -1.9921283e-02
  -1.7340251e-02
  -1.0214029e-02
  -6.1639123e-04
  -1.4985627e-02
  -1.2233040e-04
   4.2577888e-02
   4.2369634e-02
   8.7839799e-03
  -1.8613158e-02
   2.0038678e-03
   3.6337165e-02
   2.1416452e-02
   3.1441759e-02
   6.0396601e-02
   5.6447070e-02
   4.3939383e-02
   5.3768374e-02
   2.9645603e-02
  -1.1945765e-02
  -2.1891263e-03
  -2.5881242e-02
  -7.1988601e-02
  -4.6683486e-02
  -9.7409828e-03
  -2.2270778e-02
  -1.9891983e-02
   2.3671537e-02
   1.3026497e-02
  -2.1458675e-02
   3.0555766e-03
   7.1178273e-03
  -2.0035817e-02
  -2.5719058e-02
  -3.5324700e-02
  -4.4473584e-02
  -4.4864936e-02
  -5.2753936e-02
  -5.7356444e-02
  -5.9776475e-02
  -4.1991007e-02
  -1.7889250e-02
  -2.6247142e-02
  -4.2886471e-02
  -5.3893859e-02
  -5.0928381e-02
  -3.6459494e-02
  -2.8006008e-02
  -1.2946392e-02
  -1.0903705e-02
  -1.7654557e-02
  -7.5527937e-03
   2.3686236e-02
   4.1018990e-02
   2.8029289e-02
   1.5480366e-02
   1.4070728e-02
   1.7992045e-02
   6.0318272e-03
  -1.4112261e-02
  -9.3798180e-03
   1.6626801e-02
   3.8318491e-02
   3.3916246e-02
   2.9527023e-02
   5.0936076e-02
   6.5300294e-02
   5.6322571e-02
   1.9248378e-02
  -7.7452735e-03
  -1.4410683e-03
  -1.0485815e-03
  -1.2663656e-02
  -1.8381128e-02
  -1.9708293e-02
  -1.6815324e-02
  -5.0491748e-03
   7.9838238e-03
   1.6110358e-02
   3.7486263e-03
  -8.6161236e-03
  -8.6009707e-03
  -1.3379573e-02
  -2.0138514e-02
  -2.1539175e-02
  -1.5374809e-02
  -8.8783997e-03
   2.1763213e-03
   2.3269431e-02
   4.1656676e-02
   3.7916484e-02
   2.6390976e-02
   1.7163664e-02
   1.7186946e-02
   3.6688070e-02
   4.8455275e-02
   4.3857798e-02
   4.7185526e-02
   4.7723968e-02
   1.8295202e-02
   3.4219009e-03
   4.4885949e-03
  -6.6988130e-03
  -2.2420630e-03
   4.7790460e-04
  -1.2003575e-02
  -2.7753261e-02
  -2.1533551e-02
   4.5374178e-03
   6.6667216e-03
  -8.4903424e-03
  -2.4311492e-02
  -3.1462871e-02
  -3.2994344e-02
  -3.5188856e-02
  -3.2432619e-02
  -3.0698811e-02
  -2.1763213e-02
  -3.6999514e-03
  -7.9180131e-04
  -2.1169526e-03
   2.7050859e-03
   2.2778736e-04
  -6.5361360e-03
  -1.8036537e-03
   1.2719690e-02
   1.9809806e-02
   2.0527302e-02
   2.0668275e-02
   2.4626981e-02
   3.3311016e-02
   3.6271463e-02
   2.6947669e-02
   1.6879152e-02
   1.6828938e-02
   1.5500886e-02
   2.4096135e-03
  -7.5652436e-03
  -9.0956511e-03
  -2.3466341e-03
  -2.1452854e-03
  -1.0838200e-02
  -5.4425593e-03
   5.0034200e-03
   1.2175032e-02
   1.6953832e-02
   1.2894698e-02
   9.8559715e-03
   1.7861824e-02
   3.9130002e-02
   5.2210363e-02
   5.1827101e-02
   4.1223298e-02
   2.2143911e-02
   9.1895776e-03
  -6.9435192e-03
  -1.8242621e-02
  -1.1650500e-02
   1.5354782e-03
   4.6589866e-03
  -2.6447899e-04
  -1.7183987e-03
  -1.0353917e-02
  -2.9525840e-02
  -3.3682638e-02
  -2.4139246e-02
  -2.4471111e-02
  -4.3385453e-02
  -6.6847157e-02
  -8.0816767e-02
  -7.8478124e-02
  -6.5025450e-02
  -6.5682373e-02
  -7.7334649e-02
  -7.8142510e-02
  -6.0463586e-02
  -3.7615596e-02
  -2.8046060e-02
  -3.6487313e-02
  -4.4418437e-02
  -4.7212655e-02
  -3.3716772e-02
  -2.2612607e-02
  -2.3154896e-02
  -2.9155993e-02
  -3.6650484e-02
  -3.3590300e-02
  -3.0299764e-02
  -2.4478411e-02
  -7.5280419e-03
   1.4021896e-02
   3.0797266e-02
   3.1505784e-02
   9.5616434e-03
  -1.4335708e-02
  -1.0982725e-02
   4.3375982e-03
   1.0212253e-02
   1.7364816e-02
   2.1218852e-02
   2.9840539e-02
   3.3331339e-02
   3.3726933e-02
   3.3028773e-02
   2.3242105e-02
   1.0706401e-02
  -5.4427566e-03
  -6.4418148e-03
   1.4294076e-02
   3.2280005e-02
   4.2920210e-02
   4.5141162e-02
   4.0942238e-02
   3.7026052e-02
   3.3136994e-02
   4.4366941e-02
   5.8888213e-02
   5.5362491e-02
   4.4844318e-02
   4.5631363e-02
   3.9949208e-02
   3.8936052e-02
   3.4172643e-02
   1.7386519e-02
   1.1116793e-02
   1.2241918e-02
   2.5033526e-02
   4.0774431e-02
   4.9822789e-02
   4.7506540e-02
   3.7992644e-02
   3.0006176e-02
   3.2584346e-02
   2.5748062e-02
   8.0059909e-03
  -7.1469691e-03
  -2.9537875e-02
  -3.6582513e-02
  -1.0310116e-02
   1.2516861e-02
   9.8363201e-03
  -2.5061740e-03
  -1.0863948e-02
  -1.1879077e-02
  -1.1873848e-02
  -9.3027314e-03
  -1.1537445e-02
  -1.1519194e-02
  -7.6621888e-04
   1.1475985e-02
   2.1742891e-02
   2.4125928e-02
  -1.3563361e-04
  -3.1644193e-02
  -3.6552522e-02
  -3.4376754e-02
  -3.3689347e-02
  -3.5657453e-02
  -4.1874894e-02
  -4.6251884e-02
  -4.9682999e-02
  -4.9493686e-02
  -4.9480368e-02
  -4.4887725e-02
  -3.0276778e-02
  -2.2865550e-02
  -2.0947460e-02
  -1.8844299e-02
  -1.9075539e-02
  -9.9486551e-03
  -6.6419402e-03
  -1.5716144e-02
  -1.7826014e-02
  -1.0970295e-02
   2.9463294e-03
   2.1140522e-02
   3.1852250e-02
   2.8891014e-02
   1.6545511e-02
  -5.9879270e-04
  -7.0567223e-03
   4.4304100e-04
   1.1453591e-02
   1.3808413e-02
  -1.1231426e-03
  -1.3992892e-02
  -2.9597658e-02
  -4.1409849e-02
  -1.7213385e-02
   1.4608283e-03
  -1.0274404e-03
  -1.8798623e-02
  -2.0795832e-02
   1.4293780e-03
   3.3012002e-03
  -8.5109903e-03
  -3.5266989e-02
  -4.1537702e-02
  -9.4472368e-03
   2.8297425e-02
   3.8691099e-02
   2.6792391e-02
   2.1934473e-02
   3.7975281e-02
   6.2731200e-02
   6.6539067e-02
   4.8889640e-02
   1.4920812e-02
  -3.6185438e-02
  -9.0789394e-02
  -1.1062041e-01
  -8.7093004e-02
  -3.4314997e-02
   5.3253115e-02
   1.0726723e-01
   1.0819160e-01
   8.3438147e-02
   6.3865796e-02
   5.3422105e-02
   1.4552840e-02
  -3.9941414e-02
  -3.2967905e-02
   2.0373602e-02
   2.8729718e-02
   1.2252573e-02
  -1.5860867e-02
  -2.6827709e-02
  -2.4770717e-02
  -5.9083346e-05
   5.4644206e-03
  -1.9697639e-02
  -1.8221312e-02
  -2.8884306e-02
  -4.9461920e-02
  -4.1363384e-02
  -4.8331171e-04
   2.0907802e-02
   1.7381093e-02
   1.8033281e-02
   5.1072216e-03
   1.5142779e-02
   5.0843738e-02
   6.7740845e-02
   2.7242540e-02
  -4.7599174e-02
  -6.8872087e-02
  -4.8214565e-02
   6.4715288e-04
   3.3990432e-02
   2.4017706e-02
  -4.0413464e-03
   3.6164228e-03
   3.4050610e-02
   5.6872655e-02
   6.7639726e-02
   5.7464665e-02
   3.2723248e-02
   1.7735353e-02
   1.7932755e-02
   1.3647413e-02
   7.7861845e-03
  -1.3946624e-02
  -2.5296926e-02
  -2.4170716e-02
  -1.9725853e-02
  -1.4556491e-02
  -2.3706459e-03
  -1.7848013e-03
  -1.0443395e-02
  -1.0192621e-04
   1.1766021e-02
   2.5274138e-02
   2.9970464e-02
   1.9756238e-02
  -5.1059490e-03
  -2.5182391e-02
  -3.3773595e-02
  -3.9743420e-02
  -4.8223937e-02
  -4.2587654e-02
  -1.5105785e-02
   1.6179710e-02
   2.0511813e-02
   4.8145706e-03
   2.0194253e-03
  -4.8158234e-03
   8.1811178e-03
   3.4159719e-02
   3.6707702e-02
   9.7142777e-03
  -2.1648284e-02
  -4.4778714e-02
  -5.6687485e-02
  -4.1151775e-02
  -1.6079874e-02
  -4.3387228e-03
  -1.1157832e-02
  -9.2860197e-03
   3.2591054e-03
   8.8632369e-05
  -1.3707886e-02
  -1.7023184e-02
  -9.0394195e-03
  -1.3635772e-02
  -2.0402605e-02
  -1.8753145e-02
  -1.8486193e-02
  -1.7414339e-02
  -5.6822836e-03
   1.4831335e-02
   3.0044058e-02
   3.0898582e-02
   2.0185275e-02
   8.6538383e-03
   4.6552181e-03
   1.1279569e-02
   1.0943757e-02
   9.5100189e-03
   1.5096906e-02
   1.4124099e-02
   4.8034327e-03
   5.3268998e-03
   1.5141102e-02
   1.7517036e-02
   1.4843666e-02
   1.2117913e-02
   1.4705258e-02
   2.6843789e-02
   4.2265852e-02
   4.2616263e-02
   3.8516979e-02
   2.9748694e-02
   7.4212709e-03
  -1.3907953e-02
  -2.2838224e-02
  -1.3043170e-02
   4.3188642e-03
   5.6342499e-03
  -8.8042135e-03
  -2.1636741e-02
  -2.1610303e-02
  -8.3618186e-03
  -5.0902830e-03
  -1.5244095e-02
  -1.4719661e-02
  -4.5331856e-03
  -2.4968119e-05
  -5.5188765e-03
  -2.2191165e-02
  -3.4086914e-02
  -1.8297570e-02
   7.8349185e-03
   3.7235983e-03
  -1.4220679e-02
  -2.8230441e-02
  -1.8066133e-02
  -2.2507345e-04
  -4.9713384e-03
  -1.6426241e-02
  -2.6420177e-02
  -3.0217488e-02
  -3.0304795e-02
  -1.6637751e-02
   2.1863937e-03
   1.7247124e-02
   1.4181317e-02
  -3.0937648e-03
  -1.9850648e-02
  -1.6657580e-02
  -5.7818234e-03
  -1.9883203e-02
  -3.8474460e-02
  -3.9840789e-02
  -1.8768633e-02
   1.6886058e-02
   2.9334553e-02
   1.1401404e-02
   1.0600646e-02
   1.4833111e-02
   1.8627857e-02
   2.5860032e-02
   2.6756778e-02
   1.9528056e-02
   1.8453637e-02
   3.1035017e-02
   3.4658701e-02
   3.0521238e-02
   2.9799993e-02
   2.5148258e-02
   6.5418972e-03
  -5.4513887e-03
  -1.5778295e-02
  -2.3014021e-02
  -1.5117820e-02
  -8.8436348e-03
  -5.1957716e-03
  -7.4761707e-05
  -3.2301511e-03
  -5.5644537e-03
   1.0119126e-02
   3.2177407e-02
   3.6450122e-02
   2.4273708e-02
   1.1787330e-02
  -1.2374507e-02
  -2.4132340e-02
  -1.2901407e-02
  -1.4400127e-03
   1.8385568e-03
   7.7818635e-05
  -3.7296259e-03
   4.5556486e-04
   2.0929308e-03
  -7.2438552e-03
  -2.0866270e-03
   1.2087627e-02
   1.2815284e-02
  -1.0294726e-03
   2.3406557e-03
   1.6934496e-02
   1.4340541e-02
   4.0136449e-03
   4.8963136e-03
   7.1001982e-03
  -9.9706544e-03
  -2.5702188e-02
  -2.8133071e-02
  -2.4028361e-02
  -2.7051945e-02
  -3.9374264e-02
  -4.8827785e-02
  -4.3172463e-02
  -2.0152325e-02
  -4.7693386e-04
   4.0755293e-03
  -4.1091104e-03
  -3.7537168e-03
   2.0263703e-03
   7.1232137e-03
   1.0828433e-02
  -1.2755698e-03
  -1.8919965e-02
  -2.8240701e-02
  -3.3876489e-02
  -3.6822631e-02
  -3.0323046e-02
  -9.1503733e-03
   9.5457407e-04
   4.2884597e-03
   1.2775330e-02
   1.1898116e-02
   9.7891743e-03
   9.7148894e-03
   8.5166331e-03
   1.3021762e-02
   1.9389549e-02
   1.0479403e-02
  -3.4721147e-03
   1.1920313e-03
   1.0333003e-02
   6.8404674e-03
   1.3314265e-03
  -2.3532832e-03
  -7.0693991e-03
  -1.0819555e-02
  -7.6748163e-03
  -3.4665113e-03
  -3.8748712e-03
   3.6973273e-03
   1.8372644e-02
   2.4677984e-02
   1.3871057e-02
   8.5934238e-03
   9.7739227e-03
   9.6664217e-03
   8.3443770e-03
   9.7442383e-03
   1.6652351e-02
   1.5516374e-02
   1.6070995e-02
   1.7389380e-02
   1.5321734e-02
   1.2970266e-02
   1.8244199e-02
   2.7703047e-02
   3.4630289e-02
   3.0835839e-02
   2.6838166e-02
   2.7805349e-02
   2.3295475e-02
   1.5932883e-02
   1.3611701e-02
   1.5276157e-02
   7.3168675e-03
  -5.8396926e-03
  -1.0420014e-02
  -8.7947429e-03
  -1.0359343e-02
  -6.2898809e-03
  -3.3192831e-03
  -7.5584662e-03
  -3.1620122e-03
   6.4649290e-03
   7.0587644e-03
   3.0832090e-03
   1.9231508e-03
  -1.5905260e-03
  -2.6851878e-03
   2.2999224e-03
   2.1028355e-03
  -9.8965668e-03
  -1.7241008e-02
  -9.1788245e-03
  -2.4549243e-03
  -1.1608474e-05
   2.9851391e-03
  -4.0981206e-04
  -2.8448067e-03
   5.1218122e-04
   1.8626969e-03
  -4.8659584e-03
  -8.6171299e-03
  -1.8258208e-03
   6.5573757e-03
   4.0599916e-03
  -4.1567988e-04
   9.1596466e-05
   1.2931890e-03
   1.8598261e-03
   2.8088382e-03
   9.0336286e-03
   1.2289962e-02
   5.9114718e-03
  -3.5199807e-03
  -7.6042407e-03
  -8.6717535e-03
  -1.1594762e-02
  -1.7129038e-02
  -2.2053546e-02
  -2.2188206e-02
  -2.1260384e-02
  -2.5642504e-02
  -2.4103829e-02
  -1.9252521e-02
  -1.0425637e-02
  -5.4124014e-03
  -6.2907491e-03
  -1.1537247e-02
  -1.1125573e-02
   4.3355660e-03
   1.2341360e-02
   9.9043603e-03
   7.3747368e-03
   2.8185357e-03
  -4.0691465e-03
  -6.2596540e-03
  -9.5590588e-03
  -8.4832789e-03
  -6.5189902e-03
  -1.3262769e-02
  -2.3526420e-02
  -2.6411299e-02
  -2.0126183e-02
  -2.1071959e-02
  -2.3492878e-02
  -2.2155453e-02
  -2.5673283e-02
  -2.6472167e-02
  -2.2846510e-02
  -2.1822108e-02
  -2.3494456e-02
  -2.4204750e-02
  -2.0155482e-02
  -1.6508813e-02
  -1.5823478e-02
  -1.3837022e-02
  -1.5504339e-02
  -1.9170048e-02
  -1.6204570e-02
  -8.4130979e-03
   1.1030768e-03
   9.5636855e-03
   1.4336398e-02
   1.6420421e-02
   1.8432921e-02
   1.9172613e-02
   1.9690930e-02
   2.1606850e-02
   1.6860408e-02
   1.0018994e-02
   5.2001123e-03
   3.3446367e-03
   7.4884233e-03
   1.1889830e-02
   8.8962656e-03
   7.2822802e-03
   8.3278232e-03
   1.0633201e-02
   2.2932633e-02
   2.2428522e-02
   7.7846060e-03
   9.5063392e-03
   1.8644134e-02
   1.9440157e-02
   2.0054956e-02
   2.0508854e-02
   1.7014108e-02
   1.6281617e-02
   1.9124273e-02
   1.6212265e-02
   7.1952593e-03
   2.2334704e-03
   5.4192774e-03
   4.5831035e-03
   5.8469731e-03
   9.5771614e-03
   4.2168778e-03
  -6.7411643e-03
  -9.9712464e-03
  -1.4070136e-03
   3.9532897e-03
   4.0428558e-03
   5.7665718e-03
   8.7098627e-03
   4.3719192e-03
   1.9861006e-03
   5.2322629e-03
   9.0097252e-03
   6.8945878e-03
   8.2689477e-04
  -2.5380090e-03
  -8.3350248e-03
  -1.0563849e-02
  -1.3067438e-02
  -1.6498750e-02
  -1.3955996e-02
  -1.4064711e-02
  -1.5819630e-02
  -1.4189505e-02
  -1.2503050e-02
  -1.0959443e-02
  -7.7344514e-03
   1.4535872e-03
   4.5618637e-03
  -7.7978155e-05
  -4.5635803e-04
   7.3420435e-03
   8.3281389e-03
   1.5640873e-03
  -5.7453419e-03
  -9.5590686e-03
  -3.2026272e-03
   1.6293357e-03
  -1.0926099e-03
  -2.3243091e-03
   6.4911408e-04
   2.2570482e-03
   4.8138800e-03
   2.3263808e-03
  -3.7444928e-04
  -4.6607426e-04
  -1.0991998e-04
   1.4607790e-03
  -8.5869227e-04
   8.0356950e-04
   5.2782939e-03
   2.2162063e-03
   2.1638221e-03
   7.2875679e-03
   2.4202679e-03
  -5.8733132e-03
  -7.0245421e-03
  -1.0354213e-03
   1.1279371e-03
   1.7957517e-05
   1.7264881e-03
   4.1766180e-03
   8.7499352e-03
   7.1468902e-03
   8.7286263e-03
   9.5033401e-03
   1.1234978e-02
   1.4912723e-02
   1.2590258e-02
   1.2653494e-02
   1.4513972e-02
   1.3418047e-02
   4.7118739e-03
   2.7636655e-03
   8.3472379e-03
   1.4222652e-02
   1.8012071e-02
   1.6981553e-02
   1.4815945e-02
   1.2548726e-02
   1.0633694e-02
   9.6203216e-03
   3.0352839e-03
  -6.8099938e-03
  -1.2783222e-02
  -1.0048392e-02
  -8.3549821e-03
  -9.5666451e-03
  -3.4518023e-03
  -3.7986725e-04
  -1.7153010e-03
  -7.3745987e-03
  -1.0293838e-02
  -5.5012671e-03
  -5.7680713e-03
  -9.4772664e-03
  -1.0519949e-02
  -1.0288610e-02
  -1.0714392e-02
  -9.4155202e-03
  -1.1038759e-02
  -1.8703523e-02
  -1.8717827e-02
  -1.6082834e-02
  -1.7159521e-02
  -1.7900299e-02
  -1.4012228e-02
  -1.3766091e-02
  -1.7230057e-02
  -1.6444294e-02
  -9.2420703e-03
  -1.3135804e-04
   3.3376324e-03
   2.5691238e-03
   2.7313668e-03
   6.5026535e-03
   1.2612061e-03
  -7.5552600e-03
  -1.0422184e-02
  -1.0585256e-02
  -9.6605124e-03
  -8.1750606e-03
  -6.4898879e-03
  -4.8511606e-03
  -2.8291605e-03
   1.4046164e-03
   1.1639451e-03
  -1.9030357e-03
   2.6561842e-03
   7.3831123e-03
   6.2602558e-03
   2.4766376e-03
  -1.7905724e-03
  -4.7028374e-05
   5.1554032e-03
   9.0907579e-03
   9.8397729e-03
   8.1652053e-03
   7.6995878e-03
   9.5551028e-03
   1.2480952e-02
   1.0000053e-02
   7.9648234e-03
   7.4127178e-03
   1.2873094e-02
   1.9719145e-02
   1.8103423e-02
   1.3113311e-02
   1.1338562e-02
   1.2532448e-02
   1.0281309e-02
   9.6832517e-03
   1.0450695e-02
   9.4413670e-03
   4.0089787e-03
   2.6633266e-03
   8.9244801e-03
   1.2692856e-02
   1.3757706e-02
   8.9217178e-03
   3.3923053e-03
   2.3713069e-03
   7.4586698e-04
  -6.6615029e-04
  -2.1387152e-03
  -1.8229895e-03
  -3.6242262e-03
  -6.2582433e-03
  -3.3915457e-03
  -1.9656797e-03
  -3.9763545e-03
  -8.7466106e-03
  -1.1237839e-02
  -8.9693470e-03
  -5.7423330e-03
  -2.5332441e-03
  -2.9356454e-03
  -3.4514866e-03
  -1.8312762e-03
  -4.7322159e-03
  -6.7896123e-03
  -6.7526573e-03
  -5.3324341e-03
  -3.1497498e-03
  -2.7570361e-03
  -2.2798960e-03
  -3.2807990e-03
  -5.0299376e-03
  -8.3593129e-03
  -8.7291886e-03
  -8.5186851e-03
  -9.0569696e-03
  -9.1357432e-03
  -1.0682330e-02
  -1.0862764e-02
  -1.1432775e-02
  -1.1259246e-02
  -9.5524885e-03
  -7.3158317e-03
  -4.9152547e-03
  -1.1523634e-03
   2.8494433e-03
   4.4543528e-03
   3.0258330e-03
  -1.1134353e-03
  -7.7991473e-04
   2.7342475e-03
   2.8742740e-03
   1.8933875e-03
   3.7353379e-03
   6.6482539e-03
   5.6580250e-03
   4.0629512e-03
   1.5337617e-03
   5.7847533e-04
   3.2226240e-03
   6.0098870e-03
   7.3735036e-03
   6.0282264e-03
   3.6264755e-03
   1.7322395e-03
   2.7181968e-03
   4.7883094e-03
   3.4910658e-03
   2.3979627e-03
   3.1078523e-03
   2.7628960e-03
   1.1926627e-03
   6.0756780e-05
  -1.6168562e-03
  -3.6076231e-03
  -3.0152082e-03
  -2.5071408e-03
  -1.7740088e-03
  -6.0494464e-04
  -4.7699601e-04
  -1.7259949e-03
  -1.9488003e-03
  -2.9927846e-04
   2.1168145e-03
   2.3790610e-03
  -3.0745375e-04
  -8.0910683e-04
  -1.1895354e-03
  -1.2303675e-03
  -7.2603202e-04
  -6.9168634e-04
  -1.2827714e-03
  -1.6952549e-03
  -5.0235055e-04
   7.7335339e-04
   1.3897693e-03
   7.7206894e-04
  -3.3967644e-04
  -5.4660582e-04
  -3.6463834e-04
  -1.2037216e-04
   2.6142867e-04
  -5.3511287e-04
  -1.4323179e-03
  -1.2050435e-03
  -5.0201908e-04
  -2.4290775e-04
  -2.9381808e-04
  -9.2813042e-05
   4.1280911e-04
   3.3047714e-04
   7.6388971e-05
   4.0819318e-04
   8.9449306e-04
   1.4292893e-03
   1.7116805e-03
   1.6594344e-03
   1.4328999e-03
   1.5386351e-03
   1.4362245e-03
   9.7019167e-04
   9.8421405e-04
   1.0394661e-03
   9.7115352e-04
   6.5461590e-04
   3.3331141e-04
   5.1832625e-04
   7.6266741e-04
   8.0692564e-04
   5.0445480e-04
   5.9904821e-05
   5.8542240e-05
   2.1498530e-04
   1.9820559e-04
   4.4572038e-05
  -1.5697302e-04
  -1.6820158e-04
  -4.6320940e-05
   1.3746657e-04
   1.5209961e-04
  -5.2307536e-05
  -7.9534489e-05
  -2.5601662e-05
  -6.6449885e-05
  -9.9262611e-05
  -1.0710840e-04
  -8.5305529e-05
  -9.8621176e-06
   1.3474377e-05
  -3.1182502e-05
  -8.0581285e-05
  -1.2140702e-04
  -1.5741498e-04
  -1.9796488e-04
  -2.0225920e-04
  -2.0074292e-04
  -2.2995968e-04
  -2.5424976e-04
  -2.6252666e-04
  -2.4955590e-04
  -2.2714317e-04
  -2.0216647e-04
  -1.6835351e-04
  -1.3324130e-04
  -9.7942056e-05
  -6.2421926e-05
  -2.8310842e-05
