  -3.3105130e-04
   2.9167930e-04
   9.4560365e-04
  -2.7209492e-04
  -1.6729300e-03
   1.5378755e-03
   3.2614435e-03
   2.0407341e-03
   6.6807400e-04
   1.9136802e-03
   3.8767357e-03
   1.8208389e-03
   2.1547856e-03
   3.4557385e-03
   2.6334942e-03
   7.9394502e-04
   5.1810428e-04
   2.5485943e-03
   4.1373347e-03
   1.8691191e-03
  -2.0956339e-03
  -1.6882309e-03
   2.0518817e-03
   2.1302410e-03
   2.2901164e-03
   1.5493881e-03
  -1.5531567e-04
  -4.7139949e-04
   3.6668636e-04
   2.2039833e-03
   2.9701637e-04
  -1.5073131e-03
  -8.6600632e-05
   1.6551036e-03
   2.7850039e-03
   3.0344355e-03
  -9.8766391e-04
  -1.7273661e-03
  -8.5204312e-04
  -8.4387573e-05
   1.9088857e-03
  -8.8055551e-04
  -3.3822034e-03
   1.7477871e-04
   3.4480042e-03
   2.2957296e-03
  -1.5804536e-03
  -3.0124558e-03
   2.2742827e-03
   4.4305678e-03
   1.1229157e-03
   9.0445395e-04
   2.3442960e-03
  -4.5721235e-04
  -2.2564958e-03
  -1.8229007e-03
   5.8596006e-04
   4.0252168e-03
   1.9109870e-03
  -1.0333990e-03
   1.0091898e-03
   1.1539911e-03
   5.0385105e-04
  -2.7307157e-04
   3.2185200e-03
   3.6380276e-03
  -2.1590770e-03
  -1.5775631e-03
  -1.3009332e-03
   2.3154304e-03
   2.6333166e-03
  -1.4098943e-03
   3.9019610e-04
   3.2307430e-03
   3.2447417e-03
  -1.6910030e-03
  -2.8975855e-03
  -2.0926743e-03
  -1.7405855e-03
  -2.3152331e-03
   3.1989278e-03
   2.9110515e-03
   1.1148066e-03
  -7.2655981e-05
  -3.4799083e-03
   1.0099001e-03
   4.3121953e-04
  -1.1386113e-03
  -2.4800312e-03
   2.0329208e-03
   3.0068820e-03
   6.4934591e-03
   4.6066616e-03
  -1.1642608e-03
  -1.0456022e-03
   4.1840760e-04
  -5.6377126e-04
  -7.3692419e-04
  -8.8977552e-05
   7.2801986e-04
   4.3675490e-03
   4.2155263e-03
   2.1476136e-03
  -2.1894026e-03
  -1.8765378e-03
  -8.5123911e-04
  -6.8427462e-04
  -1.6261986e-03
  -1.7168301e-03
  -4.3482428e-03
  -2.5592093e-03
   1.8008027e-03
   8.3162020e-03
   4.1814519e-03
  -5.0730979e-03
   3.0170826e-03
   6.8377446e-03
   4.2868319e-03
   2.2654830e-04
  -6.5425582e-03
  -8.8710896e-03
   2.1855157e-03
   8.2209436e-03
   5.6126747e-03
  -4.5205483e-04
  -1.7380304e-02
  -1.5180661e-02
   6.2936593e-03
   1.0882100e-02
   3.5474750e-03
  -7.3049898e-03
  -5.6326616e-03
  -6.5379610e-04
   4.4327382e-03
   8.8430725e-03
  -3.5914146e-04
  -1.1547705e-02
  -1.1014392e-02
   7.4129644e-03
   8.5791489e-03
   2.5740761e-04
  -3.5442589e-03
  -2.7976807e-03
   4.5547509e-04
   7.8553790e-03
   3.2195361e-03
  -1.9685800e-02
  -2.5658880e-02
  -7.8161648e-03
   1.2396309e-02
   9.2587918e-03
  -4.7995755e-03
  -1.5934757e-02
  -1.2060793e-02
   7.0448446e-03
   1.8575374e-02
   9.6670333e-03
  -4.3239152e-03
  -1.9708490e-02
  -1.2409232e-02
   1.6843440e-02
   1.5229396e-02
  -8.2615981e-03
  -1.7239429e-02
   6.1042180e-04
   1.2708542e-02
   8.3011082e-03
  -4.7645639e-04
  -3.3402861e-03
  -3.8454631e-03
  -1.2640571e-04
   1.5670764e-03
  -1.8139727e-03
  -2.4680647e-03
  -1.3481579e-03
   6.9966433e-03
   1.9090041e-03
  -4.4917912e-03
  -2.7661120e-03
   6.0264605e-03
   7.4804621e-03
  -1.6995956e-03
  -2.5881439e-03
  -1.2629522e-03
   6.9973141e-03
   7.4189032e-03
  -2.9948070e-03
   4.4433531e-03
   9.3940732e-03
   1.7737128e-03
  -1.2393349e-02
  -7.1326745e-03
   3.2055078e-03
   1.7111971e-03
   6.1899860e-03
  -8.5278795e-04
  -2.2766602e-03
  -2.6540335e-03
  -8.3073726e-04
   7.2081629e-03
   5.9030272e-03
  -2.7366546e-03
  -5.8409652e-03
  -2.5545825e-03
   8.6765184e-04
  -3.1553631e-03
   2.5430106e-03
   1.1643496e-02
   6.4401673e-03
   5.9128628e-03
   3.0772307e-03
  -7.2831384e-03
  -8.6878929e-03
  -1.7639068e-03
  -3.5198327e-03
  -1.4994111e-02
  -7.8708969e-03
  -1.7569420e-03
  -6.4239490e-03
  -7.2299749e-03
   1.0625112e-03
   2.7952538e-03
  -2.7733531e-03
  -1.1983549e-02
  -1.7533116e-02
  -3.1916176e-04
   9.6781514e-04
  -1.4934919e-03
  -2.8931955e-03
  -3.3532589e-04
   4.6023307e-03
   6.1353723e-04
  -9.6804105e-03
  -1.1683844e-02
  -3.5714967e-03
   3.9159992e-03
   1.3248267e-04
  -1.3034488e-03
   4.2731785e-03
  -3.1086809e-03
  -8.9680842e-03
  -1.6587044e-03
   7.0825790e-03
   1.7655444e-03
  -5.3335588e-03
   4.3918371e-03
   1.0077100e-02
   3.8353710e-03
  -1.0210872e-02
  -4.9454126e-04
   1.6299769e-02
   1.1889336e-02
   1.0623533e-02
   3.4730717e-03
  -9.2016526e-03
  -1.3172305e-02
   6.1456617e-03
   8.5254329e-03
  -2.7858227e-03
  -9.6351194e-04
   4.5547608e-03
   3.8694947e-03
   3.0453760e-03
   5.8135696e-03
  -1.5481550e-03
  -6.6166360e-03
  -8.7247394e-03
  -7.7758458e-03
   1.8106974e-03
   6.8801847e-03
   3.9157723e-03
  -7.3974958e-03
  -6.4838208e-03
  -6.8017958e-03
  -8.9612082e-03
   1.0348886e-03
   2.0372319e-04
  -1.8369487e-03
   3.6239697e-03
   3.9781795e-03
   1.3166485e-03
  -9.7349947e-03
  -7.3209912e-03
   3.6612207e-03
  -1.2965728e-03
  -1.7332754e-03
   3.6411154e-03
   8.5284714e-03
   5.0378002e-03
   6.6870439e-03
   8.9128786e-03
   9.8899571e-03
   1.3637252e-02
   6.6629234e-03
  -6.6668597e-03
  -5.0337061e-03
   2.8703970e-03
  -2.6951615e-03
  -4.4903016e-03
   6.1742905e-04
  -6.9877942e-03
  -1.7835188e-02
  -1.1442443e-02
  -5.4944897e-03
  -6.1505548e-03
   2.0493858e-03
   6.9528517e-03
   5.7584429e-03
   3.2669877e-03
   3.4934038e-03
  -3.6454561e-04
  -5.7368973e-03
  -1.0685585e-02
  -1.4318147e-02
  -9.4861451e-03
  -5.6130792e-03
   2.5707713e-03
   6.3774247e-03
   1.2687628e-02
   7.9140078e-03
  -4.9871128e-03
  -1.7892308e-03
   4.5240011e-03
   3.9484360e-03
  -6.0607125e-03
  -1.8576459e-02
  -2.5231717e-02
  -1.8112696e-03
   1.7203816e-02
   4.7042382e-03
  -1.3520941e-02
  -7.4029216e-03
   5.5797348e-03
   3.0047610e-03
   5.0092306e-03
  -6.1669310e-04
  -3.2480170e-03
  -4.2280847e-03
  -8.4865147e-03
  -1.4034918e-02
  -1.4465632e-04
   1.5569350e-03
  -1.0071279e-02
  -9.0660062e-03
  -5.2392080e-03
   6.7935485e-03
   2.5864372e-03
  -1.1226297e-02
  -1.0887230e-02
   8.2859454e-04
  -4.7409762e-03
  -9.2831588e-03
  -2.0592708e-03
   8.6683894e-03
   1.8361595e-02
   4.8195327e-03
  -1.6447550e-02
  -9.1280484e-03
   2.0613721e-02
   1.6324136e-02
  -1.1127349e-02
  -1.7652879e-02
   2.4938030e-05
   1.4436431e-02
   2.6951221e-04
  -9.9942323e-03
  -1.0482165e-02
  -7.6355035e-03
  -7.9242676e-03
   6.7569486e-03
   2.1709842e-02
  -5.6389852e-03
  -2.9075493e-02
  -1.2992561e-02
   1.5219629e-02
   2.9872700e-02
   1.6647616e-02
   1.4210518e-04
  -1.6952747e-03
   1.6616047e-03
   9.3081276e-03
   1.3185327e-03
   8.2224530e-03
   8.2526701e-03
  -1.0520836e-04
   2.1078667e-04
  -3.1832618e-03
  -2.9487760e-03
  -1.9053737e-02
   1.5170303e-03
   1.7201448e-02
   2.8855993e-03
  -5.8536420e-03
  -2.1916420e-02
  -3.5299445e-02
  -2.4091794e-02
  -4.7395852e-03
   8.8548910e-03
  -4.2323662e-03
  -9.4608014e-03
   6.1210184e-03
   1.4737517e-02
   2.3060289e-02
   3.7685145e-03
  -1.2499499e-02
  -9.1516656e-03
  -6.3894701e-03
  -3.4924371e-03
   1.0328465e-02
   1.0416068e-02
   6.3306933e-03
   1.0984599e-02
   3.6370411e-03
  -1.0182756e-02
  -2.3684559e-02
  -1.2685260e-02
  -5.9006299e-04
  -1.1393117e-02
   1.6168562e-04
   2.2619216e-02
   2.3486663e-02
   1.6027589e-03
  -8.8632073e-03
   5.6107313e-03
   1.0919785e-02
   5.3200040e-03
  -1.9742525e-03
  -6.2870003e-03
  -7.3888045e-03
  -1.4358003e-02
   3.0138961e-03
   6.9906354e-03
  -1.3773293e-02
  -2.4692091e-02
  -1.4741167e-02
   1.7271096e-03
  -1.0998904e-02
  -1.4962443e-02
  -2.0249300e-02
  -7.7616497e-03
   1.9833778e-02
   3.0363197e-02
   1.8481457e-02
   8.1077208e-04
  -9.3543165e-03
  -1.0861679e-02
   2.3856904e-03
  -1.0174075e-03
  -1.5540544e-02
  -2.8899400e-03
   1.6824499e-02
   7.0186920e-03
  -2.6412581e-03
   2.0911748e-03
   1.2338893e-02
   1.2964840e-02
   3.5191816e-03
  -2.8181312e-03
  -6.8632066e-03
  -7.1298136e-03
  -6.4002330e-03
  -5.9634811e-03
  -3.5101944e-03
  -1.1759412e-02
  -6.6999081e-03
   2.5143720e-03
  -5.5565023e-04
   1.5223082e-03
  -6.7630256e-04
  -6.2438302e-03
   4.7052247e-03
   8.9536514e-03
  -4.9114172e-03
  -1.2077860e-02
  -8.5770871e-03
  -2.6572693e-03
  -1.3287235e-02
  -8.3444855e-03
  -1.1477859e-02
  -6.0652307e-03
   1.2278716e-02
   6.1033005e-04
  -1.3858528e-02
   7.5605970e-03
   3.2848733e-02
   2.3553056e-02
   6.4278457e-04
  -4.0362264e-03
   7.9824723e-03
   7.7118404e-03
   8.8650620e-03
   1.1484370e-02
  -8.1496183e-04
  -2.6020045e-03
   7.6495515e-04
  -8.3043243e-03
  -1.6672279e-02
  -1.4250176e-02
  -1.0738265e-02
  -2.1603693e-02
  -1.2103608e-02
   1.8903096e-03
  -8.2667181e-03
  -9.0213563e-03
   2.4408861e-03
   8.4864950e-03
   1.2092954e-02
   1.2976481e-02
   4.6749780e-03
  -8.2190495e-03
  -1.4928704e-02
  -1.6209601e-03
   2.0302276e-02
   3.3464026e-02
   1.8749692e-02
  -1.5879315e-02
  -2.3977555e-02
  -2.6862533e-03
   6.8822267e-03
  -7.4738820e-03
  -7.3973478e-03
   5.7312445e-03
   4.6928538e-03
   6.6389905e-03
   1.9474784e-02
   3.0973261e-02
   2.4396431e-02
  -7.3587256e-03
  -3.2357940e-02
  -3.0824395e-02
  -1.8908324e-02
  -1.9831115e-03
   4.6843598e-03
  -6.0271215e-03
   1.2549318e-02
   3.4964621e-02
   3.6338152e-02
   5.3397048e-03
   5.8221523e-04
   5.1887870e-04
  -9.4338793e-03
  -9.3754675e-03
  -1.9387575e-02
  -2.3424611e-02
  -2.6892128e-02
  -2.7181869e-02
  -1.2431133e-02
   1.7156660e-02
   2.0585013e-02
   4.9439329e-03
  -1.0396239e-02
   5.1694512e-03
   1.0680751e-02
   1.6397336e-02
   6.8349626e-03
   1.8637327e-02
   3.3034791e-02
   3.2317394e-02
   8.1211868e-03
  -2.2997053e-02
  -1.7833906e-02
  -1.4813084e-02
  -2.8507258e-03
  -1.0707486e-02
   6.4712920e-03
   1.1659576e-02
  -1.3514726e-02
  -1.7370636e-02
  -1.3862770e-02
  -5.0761363e-03
   4.7408973e-03
  -1.1628698e-02
  -1.9424077e-02
  -7.4399260e-04
   1.3735016e-02
  -6.9152061e-03
   9.2656087e-04
   1.4319825e-02
  -1.0398705e-02
  -2.2044963e-02
  -3.2112395e-02
  -9.7977472e-03
  -4.9244195e-03
  -2.6451055e-02
  -2.6576837e-02
  -1.0255364e-02
  -1.4439292e-02
  -3.1186251e-02
  -3.8694848e-02
  -1.9680670e-02
  -4.8031960e-03
  -4.2295645e-03
   1.5571521e-02
   3.5277939e-02
   3.5522497e-02
   4.7115582e-02
   2.0730722e-02
  -1.5784017e-02
   7.1827403e-03
   1.6297402e-02
   2.7860299e-02
   2.4207611e-02
   2.3516456e-02
   3.2104799e-02
   4.3910183e-02
   2.2336282e-02
   5.1133676e-03
   2.6482131e-02
   2.7829618e-02
  -1.5256821e-03
  -2.2980874e-02
  -1.8216182e-02
  -2.2713133e-02
  -3.4441864e-02
  -5.9380683e-02
  -5.0375733e-02
   2.0509544e-03
   4.9481650e-02
   4.2216526e-02
   2.9066911e-02
   3.2419795e-02
   2.0831939e-02
   9.4847442e-04
  -1.5725023e-02
  -9.6009266e-03
  -7.2965551e-03
   4.9606346e-03
   3.6134337e-02
   2.9156092e-02
   2.8326035e-03
  -1.5319070e-02
  -3.6731970e-02
  -1.6712628e-02
   2.5022674e-02
   5.6678310e-02
   6.0247538e-02
   3.3614174e-02
   1.4915189e-02
   5.4524245e-03
   3.4188624e-03
   1.1133860e-02
   1.7541699e-02
   2.4970882e-02
   4.9606938e-02
   4.8397564e-02
   2.9199302e-02
   4.1914355e-02
   5.6470845e-02
   5.6610833e-02
   6.3636529e-02
   7.7160528e-02
   8.0815287e-02
   7.3091431e-02
   6.3157771e-02
   5.5016222e-02
   3.2788260e-02
  -8.4538412e-03
  -3.5352816e-02
  -3.0473490e-02
  -1.2382103e-02
   2.5829548e-03
   1.1282035e-02
   2.6800481e-02
   4.5783484e-02
   5.3293167e-02
   4.4624423e-02
   2.8009263e-02
   1.1502818e-02
  -1.2636033e-02
  -3.6608951e-02
  -4.0284723e-02
  -3.8137267e-02
  -2.7446848e-02
  -1.4462673e-03
   1.0676115e-02
  -8.6458672e-03
  -5.2039301e-02
  -7.7536589e-02
  -8.1191250e-02
  -7.5113500e-02
  -6.0816563e-02
  -6.2891411e-02
  -7.1578307e-02
  -7.8924918e-02
  -7.9584900e-02
  -6.8245449e-02
  -4.4817879e-02
  -1.3059546e-02
   4.2288936e-03
  -1.1270295e-02
  -2.8491178e-02
  -9.4488744e-03
   4.2276506e-02
   1.0231786e-01
   1.3772010e-01
   1.3922257e-01
   8.2708813e-02
   2.1510763e-02
  -5.6126254e-03
   2.5722708e-03
   4.3090977e-02
   7.4256609e-02
   1.0963290e-01
   1.3648301e-01
   1.4411078e-01
   1.4677438e-01
   1.1978912e-01
   8.8103003e-02
   4.9248733e-02
   5.2555448e-03
  -9.8817690e-04
   3.5571133e-03
  -1.8280503e-02
  -6.6192996e-02
  -1.0523007e-01
  -1.1702490e-01
  -1.0894037e-01
  -4.9978067e-02
   1.4834590e-02
   1.0699988e-02
  -2.7031326e-02
  -4.8017655e-02
  -9.8233375e-03
   5.4465054e-02
   8.4503686e-02
   9.0703271e-02
   7.8310317e-02
   6.0801666e-02
   5.3937069e-02
   6.6292831e-02
   1.0293049e-01
   1.1807751e-01
   8.1289211e-02
   8.7879162e-03
  -5.4486067e-02
  -8.8884622e-02
  -1.0611596e-01
  -1.1383548e-01
  -1.2127679e-01
  -1.2965925e-01
  -1.2323306e-01
  -1.1220081e-01
  -1.1989271e-01
  -1.2315710e-01
  -9.6588945e-02
  -7.6274732e-02
  -9.9648340e-02
  -1.3864053e-01
  -1.5067606e-01
  -1.1464442e-01
  -3.3487702e-02
   5.0765704e-02
   9.4217648e-02
   7.9056520e-02
   3.3189675e-02
   6.7918122e-03
  -3.0764316e-03
  -9.4932283e-03
  -2.2783570e-03
   2.1080838e-02
   6.7480009e-02
   8.1299964e-02
   4.4837511e-02
   8.2412758e-03
  -2.6255922e-02
  -2.4681141e-02
   1.4935018e-02
   5.1459918e-02
   7.0636082e-02
   8.6844796e-02
   1.0331721e-01
   8.1956591e-02
   2.2827372e-02
  -1.3527353e-02
  -1.0402947e-02
  -1.1442344e-02
  -2.3419678e-02
   3.4935716e-03
   7.3499455e-02
   1.0380356e-01
   8.2851661e-02
   7.0281626e-02
   6.8753211e-02
   6.4828836e-02
   6.7755149e-02
   4.1386370e-02
   1.4504501e-02
   2.4578049e-02
   4.4034977e-02
   3.8673737e-02
   2.9177795e-02
   4.3003768e-02
   6.7841075e-02
   9.5012882e-02
   9.8376815e-02
   9.3067958e-02
   6.6453634e-02
   4.3811136e-02
   3.8190243e-02
   3.6755351e-02
   2.1656669e-02
  -1.5561458e-02
  -1.4863101e-02
   5.9754180e-03
   1.9234862e-02
   3.6606781e-02
   3.6493134e-02
  -4.2914291e-04
  -6.3432418e-02
  -1.1893184e-01
  -1.5231566e-01
  -1.7828579e-01
  -2.0124900e-01
  -2.1944042e-01
  -2.2699815e-01
  -2.3796035e-01
  -2.4150295e-01
  -2.2279360e-01
  -1.9642788e-01
  -1.7864093e-01
  -1.6741237e-01
  -1.4701706e-01
  -1.1801832e-01
  -9.3102881e-02
  -7.2638717e-02
  -5.0292865e-02
  -4.7977504e-02
  -5.2079946e-02
  -5.7557891e-02
  -6.5962051e-02
  -7.2683702e-02
  -7.3502711e-02
  -5.7447993e-02
  -3.5626378e-02
  -1.5696513e-02
   2.4461739e-03
   2.0862620e-02
   4.2570489e-02
   6.5687108e-02
   8.8924478e-02
   1.1046553e-01
   1.3710254e-01
   1.5540642e-01
   1.6640020e-01
   1.6587537e-01
   1.3473785e-01
   8.7474886e-02
   3.9448648e-02
   2.5750528e-02
   2.8193841e-02
   1.4120449e-02
   7.8173289e-03
   1.2471284e-02
   2.9346096e-02
   5.6742336e-02
   6.9749201e-02
   7.7797228e-02
   7.9110384e-02
   5.9237046e-02
   2.8722517e-02
   5.3232694e-03
  -9.8227554e-03
  -2.1358346e-02
  -4.5833304e-02
  -6.9519441e-02
  -7.7239252e-02
  -8.0014529e-02
  -8.8531350e-02
  -1.1108111e-01
  -1.2384076e-01
  -1.3138961e-01
  -1.1962733e-01
  -9.7126500e-02
  -9.1740991e-02
  -9.7398089e-02
  -1.1004034e-01
  -1.1068256e-01
  -1.0514917e-01
  -1.0106202e-01
  -9.7059811e-02
  -8.4247093e-02
  -6.6406281e-02
  -3.7637595e-02
  -4.6667209e-03
   1.8566594e-02
   2.6106464e-02
   1.6420421e-02
  -8.0056062e-05
  -1.2058426e-02
  -1.2186180e-02
  -2.0962653e-02
  -2.9973522e-02
  -4.4827744e-02
  -6.6805230e-02
  -8.4378300e-02
  -7.2874791e-02
  -2.4176339e-02
   1.1176280e-02
   2.0701521e-02
   1.4590624e-02
   7.5871246e-03
   1.7660081e-03
  -1.0221428e-02
  -3.2802564e-02
  -6.4074839e-02
  -6.9579914e-02
  -6.2604629e-02
  -6.9427892e-02
  -7.9546721e-02
  -7.8708476e-02
  -6.8858275e-02
  -7.3602744e-02
  -8.1291381e-02
  -8.7758510e-02
  -8.5219702e-02
  -5.2887905e-02
  -4.5214263e-03
   3.6236737e-02
   5.2509871e-02
   6.5684741e-02
   9.3667565e-02
   1.1141653e-01
   1.2597559e-01
   1.3734128e-01
   1.4360765e-01
   1.3808117e-01
   1.1403574e-01
   8.8859959e-02
   6.8800465e-02
   5.8274104e-02
   4.2321097e-02
   1.7344000e-02
  -8.2600295e-03
  -2.9851095e-02
  -4.3458554e-02
  -5.2788464e-02
  -5.5814218e-02
  -4.7905093e-02
  -3.4414241e-02
  -2.3452135e-02
  -1.0832675e-02
   1.4394011e-02
   4.5749746e-02
   7.3130892e-02
   7.8934981e-02
   6.2509036e-02
   3.5962189e-02
   1.1851454e-02
  -1.1522746e-02
  -2.0424999e-02
  -6.2166911e-03
   1.2557506e-03
  -1.0189267e-02
  -2.6991668e-02
  -3.5067810e-02
  -4.0235792e-02
  -4.2618631e-02
  -3.9840296e-02
  -3.5708654e-02
  -2.0553444e-02
  -3.2831371e-03
   1.4752907e-02
   3.7404678e-02
   5.1005132e-02
   5.8497748e-02
   5.5202280e-02
   4.8677736e-02
   5.0495102e-02
   5.9936785e-02
   6.3401343e-02
   6.1533762e-02
   5.9101696e-02
   4.5245634e-02
   2.2406819e-02
   1.9039926e-02
   3.8427403e-02
   5.0386683e-02
   5.0171425e-02
   4.5137216e-02
   4.0934050e-02
   4.0206591e-02
   4.4967238e-02
   4.7041100e-02
   4.2219189e-02
   3.1168592e-02
   2.7291570e-02
   2.8850271e-02
   3.4853538e-02
   4.6998975e-02
   6.4759385e-02
   7.8226068e-02
   7.4936617e-02
   7.1907805e-02
   7.6465130e-02
   7.2176533e-02
   6.3491609e-02
   5.6548583e-02
   5.0597601e-02
   6.1248757e-02
   7.7709033e-02
   7.8862274e-02
   6.0796043e-02
   2.6323005e-02
  -2.0509939e-02
  -5.8681932e-02
  -7.6932247e-02
  -7.8616730e-02
  -6.0153030e-02
  -3.1303844e-02
  -1.9736902e-02
  -1.9360545e-02
  -1.5274184e-02
  -5.8516295e-03
  -1.4311538e-03
   6.9811155e-03
   2.1579819e-02
   3.1928113e-02
   2.8579373e-02
   1.4019923e-02
   4.9264715e-03
  -3.9989458e-03
  -1.4004040e-02
  -2.1326481e-02
  -1.7162678e-02
  -1.5305062e-02
  -1.7337686e-02
  -8.5420360e-03
   1.5108843e-02
   3.6117369e-02
   2.9707556e-02
   7.2581893e-03
  -2.5328199e-02
  -4.6214889e-02
  -3.0545605e-02
  -9.1546844e-03
  -1.7815458e-02
  -3.5461037e-02
  -3.9907675e-02
  -7.6723993e-03
   4.8328409e-02
   6.9609609e-02
   6.7753078e-02
   6.7859819e-02
   7.6759113e-02
   7.9734653e-02
   7.2265221e-02
   7.6157435e-02
   8.4031341e-02
   8.5701716e-02
   7.0432859e-02
   4.1655196e-02
   1.8451072e-02
   1.1140667e-02
   1.6813943e-02
   2.1760648e-02
   1.4637484e-02
  -4.6563723e-03
  -2.5877197e-02
  -4.8650606e-02
  -6.4636860e-02
  -7.4727475e-02
  -7.3990939e-02
  -5.3620396e-02
  -2.1834933e-02
   1.3877864e-02
   4.0223559e-02
   4.3717219e-02
   3.4890434e-02
   2.4219154e-02
   1.7755971e-02
   2.5286765e-02
   4.3523072e-02
   6.4315254e-02
   6.6308616e-02
   3.5321149e-02
   5.0622363e-03
  -1.0620179e-02
  -2.1378964e-02
  -1.3719330e-02
   6.4886844e-04
   1.2336427e-02
   3.1081680e-03
  -5.8776440e-03
   1.0893543e-02
   3.2195855e-02
   4.5447180e-02
   3.3249458e-02
   4.6882369e-04
  -2.0084847e-02
  -2.7302619e-02
  -1.5693553e-02
   3.5248344e-03
  -3.5189054e-03
  -2.6501664e-02
  -4.7977011e-02
  -6.2827287e-02
  -7.1281759e-02
  -6.7416773e-02
  -5.8053617e-02
  -5.9230930e-02
  -6.6131733e-02
  -5.9298309e-02
  -5.1051104e-02
  -5.1674979e-02
  -5.1868140e-02
  -4.7891479e-02
  -4.9146234e-02
  -5.1616577e-02
  -5.0911216e-02
  -5.7750657e-02
  -7.2971174e-02
  -7.6613799e-02
  -6.2329094e-02
  -3.9354337e-02
  -1.6391220e-03
   1.8822990e-02
   1.9378401e-02
   1.9404544e-02
   1.8156794e-02
   1.0525473e-02
   1.1196602e-02
   3.0778226e-02
   5.7436845e-02
   7.4937505e-02
   7.5468844e-02
   6.4324626e-02
   5.2758770e-02
   5.2585734e-02
   5.7445921e-02
   5.0912301e-02
   3.1765338e-02
   8.0933373e-03
  -6.3292431e-03
   2.7270064e-03
   2.1392972e-02
   3.4000298e-02
   2.9240637e-02
   1.8445647e-02
   1.3474279e-03
  -2.6834614e-02
  -4.4732743e-02
  -5.9582032e-02
  -7.1515170e-02
  -7.3510504e-02
  -6.3475233e-02
  -3.8163016e-02
  -1.5584740e-02
  -3.8891264e-03
   4.4277266e-04
  -2.5317051e-03
  -2.8235275e-03
  -1.1313209e-02
  -2.1801392e-02
  -1.2724031e-02
  -2.3657035e-03
   8.5380110e-03
   1.8773566e-02
   9.4899136e-03
  -9.2092389e-03
  -1.7985731e-02
  -2.5653356e-02
  -3.4056628e-02
  -3.2896382e-02
  -2.7412320e-02
  -5.9379697e-03
   1.2778486e-03
   2.0144137e-03
   1.1739780e-02
  -1.5517558e-03
  -1.7306611e-02
  -1.4842285e-02
   2.4691894e-03
   1.1543561e-02
  -1.8174551e-03
   5.9377033e-03
   3.5630127e-02
   3.3014863e-02
   1.1180226e-02
  -6.8920328e-03
  -2.2138781e-02
  -4.3844579e-02
  -4.3850597e-02
  -3.8178405e-02
  -4.4224981e-02
  -2.3443947e-02
  -4.6622717e-03
  -1.5751067e-03
   7.6773418e-03
   2.0000697e-03
  -2.0261237e-02
  -4.8117195e-02
  -4.8241990e-02
  -3.2550607e-02
  -3.6329076e-02
  -3.9885183e-02
  -4.3840732e-02
  -3.4131505e-02
  -1.3112917e-02
  -1.1480819e-02
  -2.8016563e-02
  -4.1730764e-02
  -4.4200121e-02
  -2.4806626e-02
  -2.1949961e-02
  -3.1412756e-02
  -2.1382417e-02
  -6.2434257e-03
   7.8591573e-03
   2.4842634e-02
   3.2026272e-02
   1.2940670e-02
  -2.7125835e-03
  -1.8140220e-03
   2.1396129e-02
   3.9062820e-02
   4.2721525e-02
   4.5009757e-02
   3.6139565e-02
   1.8057254e-02
  -5.3944073e-03
  -2.0274851e-02
  -1.0645532e-03
   3.3572543e-02
   4.8973198e-02
   4.2646846e-02
   3.4682377e-02
   3.8271631e-02
   3.2985761e-02
   1.6730780e-02
   1.0965954e-02
   2.8242279e-02
   3.8032006e-02
   9.7513709e-03
  -1.7756464e-02
  -1.2112487e-02
   8.4542456e-03
   1.5697203e-02
   1.1823141e-02
   6.9790043e-03
  -6.1418537e-04
   7.0705237e-03
   1.6315948e-02
   1.7295957e-02
   1.2779868e-02
  -2.5292092e-03
  -4.3213700e-03
   4.5889437e-03
   1.6815818e-02
   3.3005393e-02
   4.0912446e-02
   3.8015432e-02
   2.2427634e-02
   7.2583571e-03
   1.5011473e-02
   2.9032580e-02
   3.3781981e-02
   2.7716267e-02
   7.1465153e-03
  -2.4883575e-03
   2.1282778e-03
   7.8095354e-03
   1.0828236e-02
   6.1743200e-03
  -4.1991402e-03
  -1.9310824e-03
   1.3864940e-02
   1.9830029e-02
   1.7512596e-02
   3.0498252e-02
   5.1395005e-02
   6.1090125e-02
   5.8853191e-02
   5.7739312e-02
   6.6854852e-02
   6.6418119e-02
   4.5245535e-02
   2.3310273e-02
   1.6455639e-02
   2.1857229e-02
   2.9868951e-02
   2.6401335e-02
   8.3642849e-03
   8.9921454e-03
   2.1623522e-02
   1.7456661e-02
   6.5629496e-03
  -6.7507829e-03
  -2.7031820e-02
  -5.3133943e-02
  -6.7245612e-02
  -7.0139666e-02
  -7.0683041e-02
  -6.2355336e-02
  -4.7288815e-02
  -3.9207641e-02
  -3.8862557e-02
  -4.0726191e-02
  -4.6391378e-02
  -5.0462744e-02
  -4.4972664e-02
  -3.0599469e-02
  -1.8283956e-02
  -1.4572965e-02
  -1.1995979e-02
  -6.8702307e-03
  -7.5454638e-03
  -1.0080257e-02
  -3.0023341e-03
   6.0528696e-03
   8.7425363e-03
   6.8990370e-03
   5.8796664e-03
   2.7994860e-03
  -4.5451718e-03
  -6.1692987e-03
   1.2336328e-03
   4.9657645e-03
   2.4490940e-03
   4.8681978e-06
  -2.4021258e-03
  -4.8956625e-03
  -1.2393251e-02
  -1.7170965e-02
  -2.4370782e-02
  -3.7401718e-02
  -3.7122040e-02
  -3.3686782e-02
  -3.6560711e-02
  -4.0621916e-02
  -3.7993630e-02
  -2.4634774e-02
  -1.8192802e-02
  -1.8332690e-02
  -1.7080994e-02
  -1.6244820e-02
  -1.4098548e-02
  -1.3130575e-02
  -1.8204147e-02
  -3.0243927e-02
  -4.0096199e-02
  -3.6614673e-02
  -1.9110955e-02
  -5.7258680e-03
  -9.3222645e-03
  -1.6354028e-02
  -1.4195622e-02
  -6.3197626e-03
  -1.7896747e-03
  -3.5657651e-03
  -7.3905704e-03
  -8.9412509e-03
  -1.7293194e-02
  -2.6993444e-02
  -3.4326046e-02
  -3.8236413e-02
  -3.0101967e-02
  -1.6565932e-02
  -6.2277795e-03
  -6.8285601e-03
  -1.4715616e-02
  -1.9061629e-02
  -2.2998138e-02
  -4.0135660e-02
  -6.0165065e-02
  -6.8221181e-02
  -5.4801950e-02
  -3.7056733e-02
  -1.8268073e-02
   1.4791184e-02
   3.6288628e-02
   2.7150794e-02
   4.4165592e-03
   6.4306080e-04
   9.5110843e-03
   1.5745740e-02
   2.6056744e-02
   3.6400894e-02
   4.4807027e-02
   4.4392492e-02
   4.5845438e-02
   5.7511821e-02
   6.1367731e-02
   5.5741709e-02
   4.8064910e-02
   4.2725767e-02
   3.6289714e-02
   2.9934160e-02
   3.1668856e-02
   3.4781128e-02
   3.7869230e-02
   4.6595390e-02
   5.5270251e-02
   6.0982594e-02
   6.4162344e-02
   6.8060477e-02
   6.3632879e-02
   5.1836571e-02
   4.7810486e-02
   4.3811629e-02
   3.7727763e-02
   2.5337768e-02
   5.8123956e-03
  -4.6939291e-03
   3.3725453e-04
   1.3267504e-02
   2.1176530e-02
   1.8595499e-02
   1.3092200e-02
   1.1862503e-02
   1.7556792e-02
   1.7245842e-02
   1.0673944e-02
   6.6206807e-03
  -5.9333528e-03
  -1.8025488e-02
  -1.4093122e-02
   4.4559707e-03
   1.3467866e-02
   1.0491339e-02
   7.3225696e-03
   2.3697383e-03
   3.1968067e-03
   8.9635462e-03
   9.7966521e-03
   1.2888779e-02
   2.4590381e-02
   3.3725059e-02
   2.6145925e-02
   7.7878221e-03
  -4.0497713e-03
  -1.1892592e-02
  -2.3464466e-02
  -2.7785422e-02
  -2.4152958e-02
  -2.4593735e-02
  -3.3881521e-02
  -4.3963159e-02
  -4.5445503e-02
  -4.5232217e-02
  -4.6679244e-02
  -4.5181017e-02
  -3.7162290e-02
  -2.9309595e-02
  -2.4385086e-02
  -2.7870854e-02
  -2.8436426e-02
  -2.4842141e-02
  -1.8583365e-02
  -8.9727406e-03
  -5.4922010e-03
  -7.4584923e-03
  -2.2585477e-02
  -3.5440419e-02
  -3.6182084e-02
  -2.6169996e-02
  -1.8468238e-02
  -1.9489680e-02
  -1.8923221e-02
  -1.5578525e-02
  -8.0880989e-03
  -4.4067828e-04
  -4.7042382e-03
  -2.0656437e-02
  -2.1549040e-02
  -7.1164561e-03
   8.0164579e-03
   1.3942185e-02
   8.3906151e-03
   1.0439054e-03
  -7.5596105e-03
  -1.0368123e-02
   2.5208337e-03
   1.9641111e-02
   1.9478039e-02
  -3.6658277e-03
  -3.9673574e-02
  -6.6117921e-02
  -5.7940168e-02
  -3.0133536e-02
  -1.2095618e-02
   5.0176061e-03
   3.0371977e-02
   5.8449310e-02
   6.7959260e-02
   3.6827860e-02
  -1.0635075e-02
  -3.5043739e-02
  -1.4486152e-02
   2.1592841e-02
   3.6226675e-02
   3.6806157e-02
   1.0816694e-02
  -2.2329278e-02
  -4.9001018e-02
  -6.7728415e-02
  -4.3395417e-02
  -1.2621334e-02
   3.1938274e-03
   1.9558342e-02
   2.6923993e-02
  -7.1973901e-04
  -1.8376492e-02
  -2.1165876e-03
  -1.2829193e-02
  -3.0063295e-02
  -3.2426108e-02
  -2.3887190e-02
   1.3008937e-02
   4.0544868e-02
   2.6208668e-02
  -2.9031889e-03
  -9.8091711e-03
   1.1562502e-02
   3.0479903e-02
   3.8380839e-02
   4.3958423e-02
   4.5066186e-02
   3.2138834e-02
   1.4414629e-02
  -8.0698976e-04
  -1.2008607e-02
  -7.6708011e-03
   4.9112495e-03
   2.2903926e-02
   3.9188009e-02
   4.6877633e-02
   4.6661191e-02
   2.7117745e-02
   2.1998498e-03
  -1.0261678e-02
  -3.3286748e-03
   1.8802668e-02
   3.6567912e-02
   4.2827675e-02
   3.8899255e-02
   2.7214523e-02
   6.3820613e-03
  -6.3913642e-03
  -3.5719505e-03
   1.0553688e-02
   1.4206276e-02
   6.2638467e-03
   4.9002892e-03
   5.7222968e-03
   9.3950104e-03
   1.2908707e-02
   2.5160885e-03
  -1.9583301e-02
  -3.1107921e-02
  -2.1664364e-02
  -7.5538493e-03
  -1.0103045e-03
   1.1791967e-03
  -1.8587804e-03
  -2.4757103e-03
  -4.3927151e-03
  -1.0674832e-02
  -1.4566060e-02
  -2.2268015e-02
  -3.0664283e-02
  -3.9723689e-02
  -5.4460319e-02
  -6.7092899e-02
  -6.5960966e-02
  -5.8763320e-02
  -4.9514008e-02
  -3.3224893e-02
  -1.8285239e-02
  -9.4413867e-03
  -3.6404643e-03
  -6.7112136e-04
  -4.3188839e-03
  -1.2676875e-02
  -1.9497375e-02
  -1.9795304e-02
  -1.2414559e-02
  -9.3738003e-03
  -1.7888756e-02
  -2.4549243e-02
  -2.1678570e-02
  -1.3858035e-02
  -1.0220540e-02
  -5.4148381e-03
   2.3402217e-03
   5.8660228e-03
   4.7348894e-03
   3.9529246e-03
   6.6495660e-03
   7.9948136e-03
   7.8799926e-03
   6.3886217e-03
   7.3545131e-03
   1.0500909e-02
   1.1431591e-02
   1.9883006e-02
   2.7889598e-02
   2.3740790e-02
   1.3169937e-02
  -2.6735272e-03
  -9.0371603e-03
   5.1126178e-03
   2.4327868e-02
   3.3837818e-02
   2.8993612e-02
   1.7390465e-02
   1.2698184e-02
   1.3503085e-02
   1.0595911e-02
   8.3810360e-03
   1.4206079e-02
   2.7797457e-02
   3.7464362e-02
   4.1928955e-02
   3.0177830e-02
   3.9880842e-03
  -2.0948052e-03
   8.2090758e-03
   1.9273731e-02
   2.7786408e-02
   4.0418791e-02
   5.5603004e-02
   6.4314958e-02
   6.8437525e-02
   6.4609632e-02
   4.9331601e-02
   2.4565619e-02
   2.8154380e-03
   2.5718170e-03
   1.4358891e-02
   2.4650756e-02
   2.3239836e-02
   6.0076969e-03
  -1.6083623e-02
  -3.2637618e-02
  -3.9922966e-02
  -3.5541833e-02
  -2.9153231e-02
  -1.7321902e-02
  -3.0966651e-03
   7.8533073e-04
   1.4724791e-03
   1.0457107e-03
  -7.3445197e-03
  -2.1206718e-02
  -1.9591785e-02
  -7.5189561e-03
  -5.3656996e-03
  -1.5849916e-02
  -2.5611725e-02
  -3.1422917e-02
  -3.3501908e-02
  -2.4244507e-02
  -1.6637455e-02
  -1.7263402e-02
  -1.3072469e-02
  -5.6807249e-03
  -4.3998871e-03
  -7.9118276e-03
  -1.0228333e-02
  -8.5661268e-03
  -2.6726393e-03
  -7.4534610e-03
  -2.0797509e-02
  -2.9043826e-02
  -2.6462894e-02
  -1.4841792e-02
  -1.0337936e-02
  -6.4640411e-03
  -4.6096408e-03
  -1.0562763e-02
  -1.8734598e-02
  -1.7296845e-02
  -6.1517090e-03
   4.8595558e-03
   5.0475963e-03
   7.3582224e-05
   1.4369249e-03
  -7.8377992e-03
  -2.2028094e-02
  -2.0097179e-02
  -7.0522929e-03
  -8.9924710e-03
  -1.0945730e-02
  -8.6222401e-04
  -3.4312432e-04
  -1.0132049e-02
  -1.2420380e-02
  -2.9134685e-03
   6.5843965e-03
   1.2835113e-02
   1.3362210e-02
   1.0332313e-02
   8.7443120e-03
   1.1487231e-02
   1.1540404e-02
   9.8910423e-03
   1.1342903e-02
   8.4830520e-03
   4.8122818e-04
  -1.1515445e-02
  -2.4243619e-02
  -3.3789972e-02
  -3.9877981e-02
  -3.6446767e-02
  -2.8821563e-02
  -2.1155024e-02
  -1.7552846e-02
  -1.4223244e-02
  -1.1095977e-02
  -1.5682603e-02
  -1.5704898e-02
  -1.8404706e-02
  -2.3297251e-02
  -2.4823890e-02
  -2.2062819e-02
  -1.4908579e-02
  -3.8872224e-03
   7.6252338e-04
  -2.0461501e-04
  -3.6272745e-04
  -3.8847364e-03
  -6.8573270e-03
  -5.0451991e-03
   4.8883622e-03
   1.4511999e-02
   1.6567609e-02
   1.0355890e-02
   4.0294983e-03
   2.4948389e-03
   5.8153256e-03
   1.0145071e-02
   1.1871678e-02
   1.5390396e-02
   1.9793627e-02
   2.2215532e-02
   2.5695973e-02
   2.5378906e-02
   2.5850660e-02
   2.6623400e-02
   2.4408467e-02
   2.6277921e-02
   3.0924724e-02
   3.6130884e-02
   4.0866178e-02
   4.4737083e-02
   4.5508739e-02
   3.8678176e-02
   2.4947797e-02
   1.5688127e-02
   1.6845117e-02
   1.7378331e-02
   1.6851924e-02
   2.0349531e-02
   2.0296061e-02
   1.5369284e-02
   1.0127610e-02
   8.0264316e-03
   6.7453373e-03
   5.4823555e-03
   1.0221625e-02
   1.5277932e-02
   1.2464280e-02
   1.1703476e-02
   1.2397591e-02
   3.4639957e-03
  -7.1470481e-03
  -7.1330987e-03
  -1.6401282e-03
   1.2838960e-03
  -6.2518408e-06
  -4.7096049e-03
  -1.2261649e-02
  -1.8597176e-02
  -1.6108779e-02
  -1.6011311e-02
  -1.9681262e-02
  -2.0166433e-02
  -1.8429764e-02
  -1.7579680e-02
  -1.7036403e-02
  -1.3138369e-02
  -1.1946061e-02
  -9.9639461e-03
  -4.3049050e-03
   8.8116814e-04
  -1.9163438e-03
  -7.7839352e-03
  -3.7701423e-03
  -2.0294680e-03
  -2.9543597e-03
  -3.1597728e-03
  -2.8258458e-03
  -6.2381775e-03
  -1.3214627e-02
  -1.3060828e-02
  -1.3383026e-02
  -2.0563704e-02
  -2.4219548e-02
  -2.1352920e-02
  -2.0963639e-02
  -2.3282157e-02
  -2.6272890e-02
  -2.7358752e-02
  -2.3525137e-02
  -1.5005357e-02
  -7.3026419e-03
  -5.7692551e-03
  -6.7102468e-03
  -5.9989761e-03
  -2.0153707e-03
   5.1972809e-03
   7.0848579e-03
   3.6242262e-03
   5.1254031e-03
   9.6785361e-03
   1.4486250e-02
   1.8543312e-02
   1.8396222e-02
   1.7471360e-02
   1.5796842e-02
   1.1656912e-02
   4.5214953e-03
   3.9799849e-03
   6.1110841e-03
   4.1417050e-03
  -3.1009368e-04
  -4.6330904e-03
  -5.2893134e-03
  -1.0120507e-02
  -1.7227788e-02
  -2.1584949e-02
  -1.6818481e-02
  -6.0396996e-03
   3.0496082e-03
   9.7480660e-03
   1.2203148e-02
   1.1325540e-02
   1.4430709e-02
   2.1083896e-02
   2.5890614e-02
   2.4709059e-02
   1.8347488e-02
   1.3220447e-02
   9.8906477e-03
   1.0448919e-02
   8.4604509e-03
   4.2229844e-03
   2.4951052e-03
   1.7171261e-03
   2.0228781e-03
   4.2676737e-03
   8.9335067e-03
   1.1089762e-02
   5.5733323e-03
   3.4208157e-03
   4.3061677e-03
   2.3045886e-03
   4.0432405e-03
   5.5917013e-03
   1.0474865e-02
   1.2201471e-02
   6.2111074e-03
   4.0384658e-03
   5.9431391e-03
   4.1488474e-03
   8.6468735e-05
   1.2948266e-03
   4.7511373e-03
   7.0231017e-03
   6.2582038e-03
  -2.0394812e-03
  -1.0402553e-02
  -1.3179013e-02
  -1.4552643e-02
  -1.5691876e-02
  -1.4409105e-02
  -9.8146758e-03
  -6.1400089e-03
  -4.3832445e-03
   1.2737447e-03
   7.3010240e-03
   5.2078762e-03
  -3.3671293e-04
  -5.5834540e-03
  -6.3543895e-03
  -8.4334597e-03
  -1.3321960e-02
  -1.2338005e-02
  -8.2789510e-03
  -8.3465177e-03
  -1.4044092e-02
  -1.7873959e-02
  -1.5939098e-02
  -9.1138918e-03
  -1.0660626e-03
   3.5756204e-03
   5.3746374e-03
   4.7626895e-03
   1.0494694e-03
  -1.7830453e-04
   7.9358000e-04
  -7.0387381e-04
  -6.8792672e-04
  -1.5111901e-03
  -1.9510792e-03
  -2.6002584e-03
  -4.0242599e-03
   3.5679946e-04
  -1.7202533e-03
  -9.8106607e-03
  -1.3129391e-02
  -1.1520575e-02
  -6.1694960e-03
  -6.7905100e-03
  -9.0969927e-03
  -9.0065782e-03
  -6.8875737e-03
  -5.4095405e-03
  -6.1070295e-03
  -4.6340375e-03
  -6.4876978e-03
  -7.9982369e-03
  -7.8384010e-03
  -6.5626339e-03
  -4.2645070e-03
  -4.4679273e-03
  -3.7516352e-03
  -3.5213519e-03
  -3.5919473e-03
   1.2660696e-03
   7.3970025e-03
   1.1469178e-02
   1.4027913e-02
   1.5917493e-02
   1.5248139e-02
   1.5000424e-02
   1.6710951e-02
   1.4084441e-02
   1.3028766e-02
   1.2938007e-02
   1.4555899e-02
   1.6268398e-02
   1.5405884e-02
   1.7432294e-02
   1.8007731e-02
   2.0552359e-02
   2.3306327e-02
   2.1818952e-02
   1.6393094e-02
   1.4070531e-02
   1.6492437e-02
   1.4676945e-02
   1.3058757e-02
   1.2201274e-02
   1.1869113e-02
   1.1984634e-02
   8.6809577e-03
   4.2673876e-03
   1.6469549e-03
   1.8842721e-03
   2.3993142e-03
   4.3925474e-03
   8.0843205e-03
   7.5699690e-03
   3.3465801e-03
  -2.4022836e-03
  -7.8603411e-03
  -9.1414552e-03
  -3.8376597e-03
   3.9726945e-03
   3.9916554e-03
  -2.0309083e-03
  -7.2182846e-03
  -9.4090486e-03
  -9.5933502e-03
  -9.4234419e-03
  -1.1000384e-02
  -1.4166223e-02
  -1.3490162e-02
  -1.0825770e-02
  -1.1382463e-02
  -1.4459516e-02
  -1.4932157e-02
  -1.5712691e-02
  -1.6961527e-02
  -1.4809730e-02
  -9.9070239e-03
  -5.0573333e-03
  -7.0152392e-03
  -1.3150996e-02
  -1.4228276e-02
  -9.5574113e-03
  -5.3857160e-03
  -2.2713232e-03
   3.2789049e-03
   7.3276009e-03
   7.1070940e-03
   1.0007846e-03
  -4.9775140e-03
  -5.4224146e-03
  -4.4868784e-03
  -2.9541723e-03
  -1.7323185e-03
  -2.4280416e-03
  -2.3717212e-03
  -2.4093866e-03
  -2.2294454e-03
  -4.4050071e-04
   1.9854002e-03
   5.1443936e-03
   5.2374520e-03
  -1.5075597e-03
  -8.1833572e-03
  -9.2328759e-03
  -7.0258739e-03
   3.0780594e-04
   5.2783926e-03
   1.7791485e-03
  -3.8228027e-03
  -7.2369496e-03
  -7.3960160e-03
  -8.8082187e-03
  -1.3257639e-02
  -1.4251656e-02
  -7.3276502e-03
   3.4910165e-04
   1.3085393e-03
   1.5356459e-03
   3.1419563e-03
   1.7461100e-03
  -5.0790860e-04
  -9.5167272e-04
  -9.4680326e-04
   9.3643198e-04
   5.3277383e-03
   8.6509576e-03
   1.0232279e-02
   1.2576743e-02
   1.2276447e-02
   7.9962244e-03
   5.1851961e-03
   4.6496344e-03
   5.7901101e-03
   7.6823928e-03
   9.2899066e-03
   1.0387064e-02
   9.4602884e-03
   8.9912477e-03
   9.7542811e-03
   1.1866942e-02
   1.2993153e-02
   1.1244350e-02
   9.0957892e-03
   8.9844309e-03
   9.6615088e-03
   9.6207656e-03
   9.8437584e-03
   1.0729288e-02
   1.1642115e-02
   8.6914247e-03
   4.8563497e-03
   1.4034622e-03
   4.9427392e-04
   1.9516612e-03
   2.2713823e-04
  -3.3215719e-03
  -6.3366617e-03
  -6.6658830e-03
  -5.7733689e-03
  -6.8980012e-03
  -8.9340394e-03
  -9.6779146e-03
  -8.2066490e-03
  -7.7986837e-03
  -8.9706492e-03
  -7.1400931e-03
  -5.7878411e-03
  -5.2690502e-03
  -7.7017088e-03
  -9.8177439e-03
  -9.2162827e-03
  -9.0512873e-03
  -8.2574843e-03
  -8.4384712e-03
  -8.1236334e-03
  -7.9462078e-03
  -9.5261781e-03
  -9.7979149e-03
  -9.3610840e-03
  -8.7301850e-03
  -6.8572481e-03
  -5.9773811e-03
  -4.8682175e-03
  -4.1502976e-03
  -4.1289000e-03
  -4.0770485e-03
  -3.0960634e-03
  -2.5405641e-03
  -3.8679064e-03
  -6.0487953e-03
  -6.3970959e-03
  -5.4200272e-03
  -5.5482254e-03
  -5.9490483e-03
  -4.3663059e-03
  -1.8099576e-03
  -1.1160693e-03
  -1.4488717e-03
  -2.2268706e-03
  -2.2800243e-03
  -1.2662965e-03
  -8.6403920e-04
  -4.3881277e-04
   1.0316824e-03
   2.1526646e-03
   1.9733844e-03
   5.9867136e-04
  -5.9116296e-04
   2.9102327e-04
   1.1347737e-03
   7.0208919e-04
   1.0759377e-03
   2.0381395e-03
   3.0910124e-03
   3.9353251e-03
   4.9647780e-03
   5.2645714e-03
   5.2219045e-03
   4.6401046e-03
   4.1490842e-03
   4.6900619e-03
   4.3239547e-03
   4.0539837e-03
   4.1135991e-03
   4.1091400e-03
   4.5208640e-03
   4.6410714e-03
   4.2884597e-03
   3.7643120e-03
   3.4597241e-03
   3.4330683e-03
   3.7794748e-03
   3.7280475e-03
   3.3378494e-03
   3.3491944e-03
   3.4473827e-03
   3.5220622e-03
   3.1999537e-03
   2.5308370e-03
   1.8929238e-03
   1.4145408e-03
   9.9427359e-04
   4.7920286e-04
   2.7096831e-04
   3.1965996e-04
   4.5246029e-04
   4.5400222e-04
   5.9287063e-04
   7.2721782e-04
   6.2791476e-04
   3.0431465e-04
  -1.5848141e-04
  -2.9007424e-04
  -3.9791365e-04
  -5.0325618e-04
  -7.9415712e-04
  -1.1020903e-03
  -1.3025116e-03
  -1.3629655e-03
  -1.2060004e-03
  -1.1661648e-03
  -1.0694562e-03
  -1.0054015e-03
  -1.0697719e-03
  -1.0546486e-03
  -1.0294430e-03
  -1.0451583e-03
  -1.0315344e-03
  -9.8524299e-04
  -8.6026478e-04
  -6.5565175e-04
  -5.3725460e-04
  -4.9669188e-04
  -4.2777066e-04
  -3.7379028e-04
  -3.1386711e-04
  -2.3793076e-04
  -1.7718187e-04
  -1.3156619e-04
  -6.8620130e-05
   1.0362599e-05
   6.9227431e-05
   1.1661253e-04
   1.6037750e-04
   1.9895041e-04
   2.3287583e-04
   2.5647733e-04
   2.6543591e-04
   2.5846516e-04
   2.3771274e-04
