   1.3033957e-03
   4.2924739e-03
   5.7004287e-03
   2.6857520e-03
   5.1679588e-04
   2.0817839e-03
   7.9436759e-03
   7.8405730e-03
  -2.4587729e-03
  -5.1365982e-03
   2.8615417e-03
   6.6816850e-03
   4.1829005e-03
  -2.6123252e-03
  -7.4239502e-04
   3.9106988e-03
  -2.5802797e-03
  -1.5718584e-03
  -6.0169163e-03
  -2.9653372e-03
   2.2494185e-03
   3.0533580e-03
   4.2420796e-03
  -2.7306519e-03
   1.0580206e-02
   1.2250413e-02
  -6.6829130e-03
  -4.4947202e-03
   2.6497470e-03
  -2.9861341e-03
  -2.1407346e-03
  -1.0301393e-03
   6.8264919e-03
   5.6124630e-03
  -2.8635017e-04
  -4.0260185e-03
  -1.4577037e-02
   3.5486265e-03
   1.1641620e-02
   3.5548215e-04
   1.4071205e-03
   2.7619338e-03
   5.0936819e-03
   5.5805828e-04
  -1.5297135e-03
  -4.4314636e-03
  -3.8809833e-03
  -8.0572638e-03
  -7.4029171e-03
  -3.2949154e-03
   1.1852029e-02
   9.0113078e-03
  -7.0342326e-03
  -2.3473891e-03
  -8.2637372e-03
  -5.9464729e-03
   8.5804137e-03
   1.2311655e-02
  -1.5964651e-03
  -4.4004257e-04
   9.1049804e-03
   1.5588859e-03
   6.5720408e-03
   7.9985413e-03
   3.1226207e-03
  -8.7111618e-03
  -7.4752733e-03
  -2.0978420e-02
  -1.4900247e-02
   5.5820548e-03
   8.2810548e-04
   1.7463728e-02
  -4.8332562e-03
  -2.1250779e-02
   1.2170831e-02
   4.1725493e-03
  -9.9825907e-03
  -7.7396033e-03
  -1.0200242e-02
   1.0212128e-02
   1.7123909e-02
   1.6309744e-02
  -1.7407446e-02
  -2.3159182e-02
   2.4178561e-04
  -2.3165322e-03
   7.5630658e-03
  -3.1109392e-03
  -3.6408114e-04
  -7.2417844e-03
  -3.5059622e-03
   1.1655789e-03
  -3.0609306e-03
   1.8607715e-02
   1.1233947e-02
   9.4507033e-03
  -1.6423647e-02
  -4.2126317e-02
   9.6755176e-03
   4.3631928e-02
   2.5781623e-02
   5.4030456e-03
  -6.5664834e-03
  -2.6654825e-02
  -3.5423686e-02
  -7.4962828e-03
   3.0327973e-02
   8.9207051e-03
  -3.2434033e-02
   6.8633863e-03
   2.3891954e-02
  -5.9734963e-03
  -1.7044878e-02
  -1.6891223e-02
  -2.0270838e-02
  -1.6504961e-03
   1.1830775e-02
   6.9077037e-03
   3.4003010e-03
  -3.2902868e-02
  -3.9367619e-02
  -1.7241984e-03
   2.8546933e-02
   2.4443363e-02
  -2.9291906e-02
  -2.7716002e-02
   5.2646305e-03
  -3.4597950e-03
   2.4327886e-04
  -6.5973245e-03
   1.7997033e-02
   2.7105398e-02
   1.6245276e-02
   5.4992057e-03
  -1.8647861e-02
   1.2944063e-02
   1.7727035e-02
   1.5116402e-02
  -1.6692779e-02
  -4.6496185e-02
  -1.2227349e-03
   3.8049275e-03
  -3.2654990e-02
  -1.9050023e-02
   2.3499631e-03
   2.2439320e-03
   5.7066001e-03
   2.0445431e-02
  -1.3764210e-02
  -3.4925883e-02
   1.9642050e-03
   2.7370358e-02
   1.4966447e-02
  -2.3737276e-02
  -3.6426140e-02
   9.4307880e-03
   3.8723875e-02
   1.8037965e-03
   2.8504348e-03
  -1.7942718e-02
  -4.0906133e-02
   6.1623529e-03
   7.6631224e-03
  -4.9137045e-03
  -6.8454783e-03
   3.9600147e-03
   3.5789324e-02
   1.7289922e-02
   1.5729919e-02
  -3.1793910e-02
  -2.2075571e-02
   1.7702712e-02
  -9.1136392e-03
  -1.1893670e-02
  -2.0294059e-02
  -2.6042332e-02
  -1.3823090e-02
   3.3712625e-02
   3.2725284e-03
  -3.5270740e-02
  -2.4768856e-02
  -1.1941608e-02
   8.9065361e-03
   1.2696185e-02
   1.5008639e-02
   1.8267896e-02
   9.9652731e-03
   1.1122012e-02
  -2.3867001e-03
  -1.6139008e-02
  -2.5325618e-03
   1.3598433e-02
   1.6116495e-02
   3.0492727e-03
  -1.2381161e-02
  -4.4221514e-03
  -6.6878958e-03
  -3.1750695e-03
   1.4917013e-02
   2.2382801e-02
  -1.0444657e-03
  -3.3911227e-03
   3.2193082e-03
   1.2049607e-02
  -9.8293297e-03
  -1.5594999e-02
   2.5582391e-02
   3.1361127e-02
  -9.9259936e-03
  -3.7466221e-02
  -1.8962648e-02
   1.2395409e-02
   1.1973489e-02
   2.9323629e-03
   1.8582998e-04
  -2.7063285e-02
  -2.4058440e-03
   3.4603538e-02
   2.8832359e-02
   1.5310045e-02
   2.8860855e-02
   1.2455863e-02
  -7.1363122e-03
  -1.9812629e-02
  -1.9015703e-02
   8.6212675e-03
   5.8412762e-03
   2.8736404e-02
   2.9501371e-02
  -8.2561017e-03
  -1.3904168e-02
  -9.3788351e-04
   1.3749569e-02
   5.4085794e-03
  -4.0877401e-03
  -1.1175303e-02
  -7.1928700e-03
  -8.1710091e-04
  -6.4988738e-03
   1.4263588e-02
   2.7073124e-02
   3.1637815e-02
   2.1833990e-02
   1.5597281e-02
   7.6788814e-03
  -8.4567500e-03
  -1.7366041e-02
   6.3030114e-03
   2.2530237e-02
   3.2060681e-02
   4.0730752e-02
   2.9223502e-02
   9.8745130e-03
  -8.5778160e-03
  -3.1479989e-02
  -1.2322045e-02
   2.6026195e-02
   2.6255024e-02
   2.6164893e-03
   1.9136926e-02
   2.8592982e-02
  -1.2550244e-02
  -2.5543033e-02
  -6.7714376e-03
  -1.2187755e-02
  -2.0179448e-02
  -1.0100272e-02
   1.2754671e-02
   2.6139153e-02
   3.0827587e-02
   2.5081439e-02
   2.0296814e-03
  -3.9032759e-02
  -7.1636426e-02
  -6.4317523e-02
  -2.2142322e-02
   3.5600404e-02
   1.8564421e-02
   6.4742592e-03
   1.2008124e-02
   2.0783361e-02
   9.9529146e-03
  -8.6449612e-02
  -1.2251043e-01
  -3.6588769e-02
   3.8255984e-02
   7.1271889e-02
   6.9204086e-02
  -6.3754542e-02
  -1.9465883e-01
  -2.2301409e-01
  -1.5921593e-01
  -1.1949008e-01
  -1.1003544e-01
  -5.6877081e-02
  -1.7250722e-02
   1.6945538e-02
   1.3599535e-01
   1.5474720e-01
   6.9862392e-02
   2.4352682e-02
  -1.5663718e-02
   3.5488863e-02
   1.0821079e-01
   1.9422746e-01
   2.4051513e-01
   1.5507623e-01
   2.7436873e-02
  -3.8490166e-02
  -8.6714887e-02
  -2.6916636e-01
  -3.4512385e-01
  -3.2249128e-01
  -2.8098328e-01
  -1.0117747e-01
  -2.6701346e-02
  -1.1840300e-02
   5.0323224e-02
   1.3341817e-01
   2.2713726e-01
   2.5233913e-01
   2.5003274e-01
   2.4321746e-01
   1.5244789e-01
  -2.8660757e-02
  -1.9936450e-01
  -3.1819572e-01
  -2.8942877e-01
  -4.7964563e-02
   1.6566911e-01
   1.6047304e-01
   1.2961617e-01
   3.5914326e-02
  -6.2943920e-02
   5.2896388e-02
   1.0293363e-01
   6.6032676e-02
   7.4391582e-02
   1.1632646e-01
   9.2306120e-02
   1.3927390e-01
   1.5580279e-01
   1.3273570e-01
   6.9426381e-02
  -6.9439212e-02
  -2.0228409e-01
  -2.9446663e-01
  -2.1646330e-01
  -6.0773784e-02
   6.8992102e-02
   3.2592647e-02
   3.8127991e-02
   8.7180888e-02
  -8.2161137e-03
   3.3608404e-02
   6.8800978e-02
   8.1310999e-03
  -4.7528316e-02
   9.8220878e-02
   1.2358648e-01
   1.6915153e-03
   6.4155918e-03
  -7.6934518e-02
  -1.1981832e-01
  -8.7764965e-02
  -6.8311204e-02
   2.6115223e-02
   4.9494812e-02
   3.4868341e-02
   3.3042354e-02
  -1.1170187e-02
   3.6582629e-02
  -7.0556907e-03
  -3.9175235e-02
   1.3238148e-02
   1.1251265e-02
   2.0483215e-02
   2.9608976e-02
   3.4496090e-02
   1.9562389e-02
   3.1073969e-02
   1.1225603e-01
   1.2293786e-01
   5.4980565e-02
   4.1371898e-02
  -2.3722163e-02
  -9.7746217e-02
  -6.7995472e-02
   4.2559652e-02
   6.1300162e-02
   2.1405221e-02
   8.1035491e-02
   5.6930530e-02
  -3.3578728e-02
  -1.9076630e-03
  -1.8033715e-02
  -1.0801557e-01
  -9.6796109e-02
  -2.0508010e-02
   1.6004403e-02
   4.1775399e-02
   5.8640410e-02
  -2.0072787e-02
  -1.0201265e-01
  -5.2775086e-02
  -3.4760420e-02
  -2.4401486e-02
   7.3388261e-03
  -2.5856797e-02
   2.7407905e-02
   8.1245664e-02
   6.9584759e-02
  -3.4214758e-02
  -1.0950568e-01
  -8.9561275e-02
  -7.8232239e-02
  -7.2537100e-02
  -5.8567676e-02
   2.5804214e-02
   3.8805504e-02
  -4.1407872e-02
  -6.6169092e-02
   4.7986682e-02
   1.1496309e-01
  -9.6071130e-03
  -4.1946293e-02
   1.1082182e-03
   4.8836191e-03
   1.5902544e-02
  -3.9741050e-02
  -6.2519008e-02
  -1.9775081e-02
  -4.0894640e-02
  -1.0184184e-01
  -1.0779517e-01
  -7.9668972e-02
   1.5079720e-01
   2.1289036e-01
   2.1619645e-02
  -5.8206524e-02
  -7.7581096e-02
  -4.6324347e-02
   6.0196084e-02
   6.6603371e-02
   5.9813915e-02
   1.8887710e-01
   1.8923211e-01
   5.2879779e-02
  -9.1840905e-02
  -1.1023538e-01
  -8.9636843e-03
   1.4770207e-01
   2.8936344e-02
  -2.1947893e-01
  -9.1660644e-02
  -5.1015614e-02
  -3.2263376e-02
  -4.5345822e-03
   1.2464916e-01
   2.4809710e-01
   2.1612167e-01
   2.2797874e-01
   1.6000782e-01
   9.0215409e-02
   4.4744113e-03
  -1.8993426e-02
  -1.5944657e-02
  -4.4559602e-02
  -9.4860470e-02
  -2.0907024e-01
  -2.4558840e-01
  -2.0207077e-01
   6.9836651e-02
   1.7262765e-01
   1.3614334e-01
   2.5813109e-01
   2.6690405e-01
   6.0687668e-02
  -1.8421630e-01
  -1.8825524e-01
   2.8858336e-02
  -5.9809743e-02
  -1.4947398e-01
   1.1215685e-01
   4.6274913e-02
   1.0106176e-01
  -3.7089484e-03
  -2.2755681e-01
  -1.0657191e-02
  -1.6754414e-01
  -2.0990149e-01
   1.0017777e-01
   1.6839428e-01
   1.5080980e-01
   9.6156144e-02
  -1.6825259e-01
  -2.7460960e-01
  -1.0448041e-01
   2.6537380e-02
   2.3988067e-01
   8.9003962e-02
  -3.4346529e-01
  -2.5208094e-01
  -5.7445493e-02
  -1.3097245e-01
  -1.6084930e-01
  -1.6732767e-02
  -6.3985654e-03
   3.3565425e-02
   1.1915553e-01
   1.1460729e-01
   1.0725675e-01
   2.1113025e-02
  -1.7320543e-01
  -1.6693645e-01
   1.9391574e-01
   9.0487768e-02
  -1.6002986e-01
  -5.6220035e-02
  -1.0955763e-01
   3.8812274e-02
  -3.4689733e-02
  -1.2489554e-01
   8.2165073e-02
   9.8180732e-02
  -2.6190004e-02
  -1.4665435e-01
  -2.0041694e-01
  -2.7305338e-01
  -2.2891310e-01
  -5.2365051e-02
   6.0678537e-02
   6.7452801e-02
  -6.9496754e-02
  -1.5753298e-01
  -3.5201312e-02
  -3.3451680e-02
  -1.0996538e-01
   5.8208807e-02
   1.1988838e-01
   9.2324224e-03
  -1.1123744e-01
  -1.3206897e-01
   6.1007494e-02
   2.4265228e-01
   4.0504521e-01
   3.8193483e-01
   8.3654389e-02
  -9.9840863e-02
  -1.7066525e-01
  -2.6578627e-01
  -1.4895366e-01
   2.0508010e-01
   2.8298110e-01
   2.1686160e-01
   3.3661617e-01
   2.2777328e-01
  -1.2311418e-01
  -2.1941595e-01
  -2.4355043e-01
  -2.3059527e-01
   6.2291675e-02
   1.3333001e-01
  -2.5076244e-02
   4.9527558e-02
  -5.4328477e-02
  -2.5621749e-01
  -3.2905151e-01
  -2.7958764e-01
  -2.3333618e-01
  -2.1931598e-01
   6.4673085e-02
   2.0705117e-01
   8.9863547e-03
   9.5773582e-02
   2.2181051e-01
   5.5194122e-02
  -1.9330648e-02
   1.4139058e-01
   1.3368817e-01
   1.5813988e-02
   1.7116746e-01
   1.7756475e-01
   8.7316281e-02
   1.1929880e-01
   1.0507945e-01
   1.4073881e-01
   9.2281718e-02
   6.6259774e-02
   8.2855416e-02
   7.1381069e-02
   8.5466443e-02
   8.0988261e-02
   6.0114848e-02
   6.1674852e-02
   1.1451677e-01
   6.5756303e-02
   4.0253730e-02
  -3.9521746e-04
  -7.3744217e-02
  -8.4805224e-02
  -5.9396167e-02
  -5.6689264e-02
  -1.0023838e-01
  -1.6884532e-01
  -1.7403983e-01
  -1.9130157e-01
  -9.2390346e-02
   1.4018307e-01
   1.9188328e-01
   1.7590305e-01
   4.0898969e-02
  -1.4860967e-01
  -2.2490486e-01
  -8.1783298e-02
   6.9934732e-02
   1.3793808e-01
   1.3508067e-01
   1.4183218e-01
   1.2228845e-01
   6.6410358e-02
   5.1305606e-02
   5.5753403e-02
   1.3071269e-01
   5.8425828e-02
  -4.5274505e-02
  -1.1632489e-01
  -1.2775295e-01
  -9.0338994e-03
   2.2013227e-02
  -5.8658672e-02
  -7.8553953e-02
  -6.1296068e-02
  -3.1935915e-02
   1.1124374e-01
   8.7722458e-02
  -1.2657063e-01
  -1.8291590e-01
  -1.6263617e-01
  -2.1296671e-01
  -1.8897943e-01
  -5.9743464e-02
   6.8221625e-02
   9.6470223e-02
   5.5298815e-02
   1.2785134e-01
   1.5249197e-01
   1.2205309e-01
   1.3948328e-01
   1.4323097e-02
  -8.5351517e-02
  -2.4713912e-02
  -1.0097596e-01
  -1.3002864e-01
  -2.7043133e-02
  -4.6763979e-02
  -8.2863288e-03
   1.6788813e-02
  -2.6266359e-02
  -2.6695521e-02
  -1.0155531e-01
  -1.3144711e-01
  -8.3648092e-02
  -7.0593904e-02
   3.8409009e-02
   1.0598311e-01
   6.7962490e-02
   7.0369956e-02
  -5.2209980e-03
  -1.2990506e-01
  -1.2372739e-01
  -7.8987287e-02
  -1.0732523e-01
   4.1033732e-02
   2.3182561e-01
   2.2472538e-01
   1.7863530e-01
   2.8653830e-01
   1.1453172e-01
  -2.3847637e-01
  -5.8484945e-02
   3.8577620e-02
  -4.2138754e-02
   3.9733886e-02
  -5.9015809e-02
  -1.2393835e-01
   5.2889539e-03
   4.3965764e-02
   7.9476904e-02
   1.4271459e-01
  -1.4685902e-02
  -9.4250417e-02
  -2.2483244e-03
   9.6577277e-03
  -3.2235825e-02
  -6.4375458e-02
  -1.0649556e-01
  -4.7028230e-02
  -2.3600310e-02
  -4.1192818e-02
   5.3284854e-02
   8.0223924e-02
   8.9154311e-02
   9.5429591e-02
  -3.4286705e-04
  -2.8953189e-02
   2.3384075e-02
   1.5833588e-02
   7.5648133e-02
   1.8208229e-01
   6.3702274e-02
  -2.1966076e-02
  -2.1359802e-02
  -7.2354635e-02
  -7.8958162e-02
  -2.9877714e-02
   1.7234585e-02
   2.6523919e-02
   2.2807083e-02
   2.2442154e-02
   1.7794653e-02
   6.4201888e-02
   8.4791842e-02
   6.2665342e-02
   6.3429994e-02
   2.7272907e-02
  -9.0133544e-03
  -2.4670460e-02
  -4.8803602e-02
  -7.1700816e-02
  -5.6116129e-02
   3.3625171e-03
   3.6368756e-02
   1.7142172e-02
  -6.1104709e-02
  -1.4411732e-01
  -2.0200308e-01
  -2.1431198e-01
  -1.4235801e-01
   6.4849410e-03
   1.9032863e-01
   2.1808013e-01
   1.6030143e-01
   2.0629313e-01
   1.5870585e-01
  -4.8784395e-02
  -9.0520829e-02
  -1.9727772e-02
  -7.1483401e-02
  -4.6454308e-02
   2.0473375e-02
   2.6688279e-02
   4.9926257e-03
  -4.0859375e-02
  -1.5390808e-02
   4.2540445e-02
   8.0111359e-02
   2.0034688e-02
  -1.4404175e-01
  -3.4728776e-03
   5.9205515e-02
  -1.6290459e-01
  -7.2762544e-02
   2.2255674e-02
  -7.4683305e-02
  -7.4949918e-02
  -1.0232516e-02
  -1.0181822e-01
  -1.3266564e-01
  -1.1344937e-01
  -1.0945608e-01
   6.4453938e-02
   1.0425371e-01
   1.6960651e-02
  -3.3769852e-02
  -3.4938477e-02
   8.5841133e-03
   6.0782286e-02
   8.9085828e-02
   5.4967262e-02
  -1.7443577e-02
  -6.1293471e-02
  -2.6581067e-02
   5.2130161e-02
   5.7513898e-02
   4.6279164e-02
  -7.8177452e-03
  -4.8441191e-02
  -1.2280640e-02
  -2.1880748e-02
  -5.0410127e-02
  -5.7159123e-02
  -2.6335000e-02
  -3.1942133e-03
  -2.6518330e-02
  -3.3014095e-02
   1.9850019e-03
   1.7419411e-02
   6.8465961e-03
   7.4706684e-03
   7.5832487e-03
   2.6631603e-02
   2.7854385e-02
   2.6029658e-03
  -3.2961276e-03
  -6.6655481e-03
  -1.8338898e-02
  -7.2807334e-03
  -9.1349714e-03
  -2.5239030e-02
   6.9787847e-04
  -5.8402214e-03
  -3.9326843e-02
  -2.3855115e-02
  -1.3775703e-02
  -2.1528963e-02
  -3.1481012e-03
   6.1187361e-03
   1.5128052e-03
   3.4396750e-03
  -1.5375931e-02
  -3.8785825e-02
  -3.2065089e-02
  -1.6526215e-02
  -1.9813337e-02
   1.2039453e-02
   2.2605963e-02
   2.5328137e-02
   4.0067251e-02
   8.8714286e-03
   2.5013349e-02
   3.6233678e-02
   1.1855729e-02
  -1.3339850e-02
  -1.7661700e-02
   2.7747882e-02
   7.2963192e-02
   7.9861041e-02
   7.3728238e-02
   5.9386721e-02
  -1.0534944e-02
  -4.7659221e-02
  -4.4771821e-02
  -3.0571286e-02
  -1.8493891e-02
  -4.2731332e-02
  -4.1808460e-02
  -4.5533482e-02
  -4.9042743e-02
  -2.3447836e-02
   9.0816016e-03
   1.7423426e-02
   2.6678440e-02
   1.7322747e-02
   5.8547682e-03
  -3.0258466e-03
  -1.6096816e-02
   1.1729625e-02
   1.1850769e-02
  -1.0431354e-02
  -8.4631261e-03
  -2.2538581e-02
  -1.3746184e-02
  -3.0442820e-05
   1.8720752e-03
   2.8841254e-02
   2.7007790e-02
   2.1569896e-03
   2.3439570e-02
   3.0446126e-02
   1.7866048e-02
   4.6290027e-02
   5.5781348e-02
   2.1339729e-02
  -1.8935963e-02
  -3.4502624e-02
  -1.8536556e-02
  -1.2536705e-02
  -2.2305423e-02
  -1.1875486e-02
   1.9491151e-02
   3.8980884e-02
   1.2285048e-02
  -3.0391418e-02
  -3.8335881e-02
  -1.4590025e-02
   6.5945065e-03
  -2.0435355e-03
  -2.8602901e-02
  -2.7468124e-02
  -5.9436391e-03
   1.1441208e-02
  -9.1405603e-03
  -2.3932100e-02
  -2.4853476e-03
   2.2278345e-03
  -7.8038911e-03
  -4.6270741e-03
   1.1251973e-02
   9.8996235e-03
   2.8866680e-03
   2.9182097e-02
   5.1053949e-02
   5.5258198e-02
   4.8877674e-02
   5.1150298e-02
   3.3125794e-02
   7.8994372e-03
   1.9178961e-02
   3.5049467e-02
   3.6569247e-02
   1.0705208e-02
  -3.6489428e-03
   1.1266299e-02
   2.7252362e-02
   3.2410024e-02
   1.7619115e-02
   8.7948374e-03
   2.3713819e-02
   1.0861382e-02
  -4.1866868e-03
   1.2413199e-02
   2.5737777e-02
   1.2480344e-02
  -2.2104302e-02
  -3.3396185e-02
  -3.4876449e-02
  -4.7681892e-02
  -4.3843990e-02
  -3.0379532e-02
  -1.2678946e-02
   2.0447163e-02
   2.8972868e-02
   2.8945396e-02
   1.9698096e-02
   7.5649235e-03
  -6.7209724e-03
  -2.0126472e-02
  -3.9945083e-02
  -4.7938665e-02
  -3.1801152e-02
  -4.0166434e-02
  -2.0915604e-02
  -1.1448292e-02
  -3.3473169e-02
  -5.2222338e-02
  -4.9121380e-02
  -1.2530014e-02
   2.6731180e-02
   2.1601225e-02
  -8.3221448e-03
  -4.5194844e-03
  -1.1215527e-02
   1.5672456e-03
   2.1472051e-02
   1.1301722e-02
   8.1592017e-03
  -9.0318528e-03
  -2.9640384e-02
  -2.7906496e-02
  -1.9717539e-02
   1.5931984e-03
   1.1852974e-02
   1.2856766e-02
   3.1685518e-02
   5.2869939e-02
   4.7607977e-02
   2.8072666e-02
   1.1273856e-02
  -1.0741260e-02
  -1.7414845e-02
  -1.2647932e-02
  -1.4528154e-02
  -2.1592330e-03
  -8.3814971e-03
  -6.7917937e-03
   7.2822447e-03
   1.0252510e-02
   1.1173571e-02
  -1.0298559e-02
   8.8093212e-03
   4.8295015e-02
   2.0631123e-02
  -3.2672465e-02
  -2.4274753e-02
   2.5027204e-02
   3.1201647e-02
   3.5547507e-03
  -1.4477618e-02
  -1.3776805e-02
  -1.1676570e-02
   2.7717261e-02
   3.3968375e-02
   9.1696067e-03
   2.5334355e-02
   9.1844841e-03
  -7.0065480e-03
   5.0017174e-03
  -6.4249512e-03
  -1.3119680e-02
   5.2296883e-03
   1.8865118e-02
   3.4703981e-02
   2.5177473e-02
  -1.1441522e-02
  -2.7236933e-02
  -4.5149424e-02
  -4.6715174e-02
  -1.6489218e-02
   1.0867679e-02
   6.1861646e-03
  -3.5868749e-02
  -5.5287953e-02
  -4.2511320e-02
  -4.6972656e-02
  -2.8222700e-02
   4.8690408e-03
  -6.5799754e-03
  -1.9588995e-02
  -1.2857632e-03
  -7.3293093e-03
  -3.1766281e-02
  -8.4868985e-03
   3.3761036e-03
  -2.3168235e-02
  -3.1797374e-02
  -1.6657120e-02
  -4.5640379e-04
  -1.1133898e-02
  -2.6377428e-02
   2.2399725e-03
   1.0713159e-02
  -2.9364325e-03
   8.1161437e-03
   2.1602721e-03
   2.5665594e-03
   1.5419697e-02
   3.0462657e-02
   1.9473203e-02
   2.3862278e-03
   3.3177825e-02
   5.0023550e-02
   4.0787586e-02
   1.6895238e-02
   1.6704114e-02
   2.4070404e-02
   1.0068549e-03
   3.4331179e-03
   3.1952209e-02
   2.3295362e-02
   2.5178969e-03
   7.1534252e-03
   3.8365479e-03
  -4.2644036e-03
  -7.5011159e-03
  -4.2343181e-03
   2.0830433e-02
   4.7063180e-02
   4.0986109e-02
   1.2581101e-02
   4.5423594e-03
   2.2769772e-02
   1.5409385e-02
  -1.4904734e-02
  -1.1623515e-02
   1.6009598e-02
   1.3701631e-02
  -1.6361934e-02
  -1.6873827e-02
   3.0905122e-04
  -7.8631568e-03
   3.0201397e-03
   2.1091064e-02
   9.6919694e-03
   1.8305995e-03
   1.2369905e-02
   8.1864376e-03
  -1.8757434e-03
   1.4024053e-02
   1.0521484e-02
  -1.8347242e-02
  -2.3541823e-02
  -9.5308367e-03
  -2.9989256e-03
  -7.9234457e-03
  -2.2265593e-02
  -2.8264735e-02
  -5.8257926e-03
   3.6329555e-02
   4.3995598e-02
   2.3732868e-04
  -1.4599707e-02
  -1.4223836e-02
   1.1579670e-03
   4.7370725e-02
   3.6456367e-02
   8.9536086e-03
  -1.1243629e-02
  -2.7988676e-02
  -3.3554956e-02
  -4.4233637e-02
  -1.3774286e-03
   3.7409860e-02
   2.2806454e-02
  -5.3926236e-03
  -4.0644085e-02
  -2.8536307e-02
  -2.8410754e-02
  -3.8972383e-02
  -1.1560620e-02
  -1.0698045e-02
  -1.1282043e-02
  -9.2765037e-03
   5.8942287e-04
  -5.5975305e-03
  -1.1716164e-02
   8.6533839e-03
  -5.8149534e-03
  -1.1014643e-02
   3.4209405e-03
   2.3322913e-03
  -3.9869436e-03
  -1.0787310e-02
  -6.2220672e-03
   1.6683648e-03
  -1.3334418e-02
  -1.4802638e-02
   2.3962799e-02
   3.9086128e-02
   1.1366742e-02
  -2.8335894e-02
  -2.9705010e-02
   6.6859987e-03
   1.6378543e-02
   2.5177316e-02
   2.0663948e-02
  -5.3532811e-03
  -1.1954911e-02
  -1.5507466e-02
  -1.1260553e-02
  -1.8743737e-03
   1.5591929e-02
   3.0547120e-02
   1.9258150e-02
   8.9913925e-03
  -4.9146412e-03
  -1.0865318e-02
  -4.8939309e-03
  -8.2055657e-03
  -9.4973822e-03
  -3.2122158e-03
   2.8675635e-02
   4.7000915e-02
   2.6605155e-02
  -7.5086255e-03
  -2.5865692e-02
  -1.4889069e-02
  -2.9600239e-03
   8.9113378e-03
   8.9396758e-03
  -1.0767473e-02
  -9.9874711e-03
  -2.3054804e-03
   2.2840774e-03
  -9.8542041e-04
  -1.9246342e-02
  -5.4661527e-03
   1.5369555e-02
   2.5017836e-02
   1.5196851e-02
  -2.5597347e-03
  -1.7658945e-02
  -1.4870728e-02
   1.9380397e-03
  -7.1452859e-03
  -5.1903851e-03
   1.9567742e-02
   1.7077624e-02
  -3.4377543e-03
  -3.8874775e-03
  -1.2051182e-02
  -1.3483665e-02
   1.3324342e-02
   3.8042584e-02
   2.6296035e-02
  -1.2469639e-02
  -5.7156761e-02
  -6.9315942e-02
  -2.6494086e-02
   2.7142316e-03
  -6.0109811e-03
   1.0761727e-03
   2.6371839e-02
   1.8899203e-02
  -8.4323479e-03
  -8.7912165e-03
  -1.3135108e-02
  -2.9390695e-02
  -5.4125467e-02
  -6.1433192e-02
  -2.8361005e-02
   1.1283696e-02
   3.8387756e-02
   3.2689625e-02
  -3.6540279e-03
  -1.2737904e-02
   1.9964158e-02
   2.5668035e-02
  -1.2243171e-02
  -1.5656004e-02
   2.1236610e-02
   2.0098999e-02
  -6.5819591e-03
  -1.3374800e-02
  -6.3355528e-03
   4.1820897e-03
   1.3522157e-02
   2.4553094e-02
   1.8436979e-02
   1.4196206e-03
  -7.2710040e-03
  -3.0848210e-02
  -3.9916745e-02
  -1.4658115e-02
   1.6447026e-02
   3.5780665e-02
   2.2632884e-02
  -1.3621812e-02
   4.5058113e-04
   3.4153201e-02
   2.1834777e-02
   2.5777293e-02
   3.3253314e-02
   1.2486641e-02
   6.3583019e-03
   1.0825251e-02
   2.2354149e-02
   1.4775639e-02
  -1.6807154e-02
  -6.9394186e-03
   1.0114677e-02
  -1.6467807e-02
  -9.1410326e-03
   2.6776993e-02
   2.3390294e-02
   1.4641506e-02
   3.8497408e-02
   2.4813567e-02
  -4.2278870e-02
  -4.3701592e-02
   6.7140611e-03
   3.6501866e-02
   1.9202891e-02
  -1.6099886e-02
   9.2438363e-03
  -9.1211960e-03
  -6.3968415e-02
  -5.2479977e-02
  -2.1954347e-02
  -9.4147299e-03
  -1.3183440e-02
  -3.0023576e-02
  -1.8470119e-02
   1.8568121e-02
   1.7945710e-02
   2.1734335e-02
   1.5807533e-02
  -1.7874471e-02
  -9.1585864e-03
  -5.6845831e-03
  -2.9376212e-02
  -4.8211496e-02
  -3.9797017e-02
   5.4509131e-03
   3.1928988e-02
   2.4728868e-02
   2.7640749e-02
   2.0682131e-02
   1.1976401e-02
   1.8667461e-02
  -1.0054223e-02
  -1.2119271e-02
   3.2787234e-02
   2.1524949e-02
  -1.3502950e-02
   1.1528898e-02
  -7.7755532e-03
  -4.8145375e-02
  -4.4345178e-02
  -1.3841825e-04
   5.0533791e-02
  -7.9312387e-03
  -5.5600300e-02
  -3.9186334e-02
   1.6512754e-02
   6.6405478e-02
   4.7249187e-02
   6.2498778e-03
   9.0449197e-03
   1.3591979e-02
  -1.2927690e-02
  -1.2795525e-02
  -5.0853695e-03
  -1.9783740e-02
  -2.4081031e-02
   3.3728762e-03
  -7.1745684e-03
  -3.0704710e-02
  -4.8056346e-04
   4.2041539e-02
   5.5585580e-02
  -7.9561918e-03
  -4.7982746e-02
  -1.1982620e-02
   2.7200724e-02
   4.0361178e-02
  -1.0045879e-03
  -3.4224676e-02
  -2.2753399e-02
  -1.2290952e-02
   1.6844544e-02
   3.5728791e-02
   5.3333264e-02
   4.7053734e-02
  -1.2908168e-02
  -2.5086949e-02
   7.9671334e-03
   1.8502157e-03
  -7.2495301e-03
   2.1332566e-02
   3.5848912e-02
   6.2179031e-03
  -2.0296814e-02
  -3.0220053e-02
  -2.8165394e-02
  -3.7119633e-03
  -4.8053749e-03
  -3.3944524e-02
  -2.7589504e-02
  -8.3163198e-03
  -5.3923323e-03
   1.8938325e-02
   1.3452808e-02
  -2.5152205e-02
  -8.7132084e-03
   2.7858794e-02
   9.5110002e-03
   1.8180363e-03
   3.4130610e-02
   3.8143734e-02
  -3.7428752e-03
  -1.9094892e-02
   1.3436277e-02
   2.2194039e-02
  -1.3377948e-02
  -5.2400946e-02
  -2.8361477e-02
   1.3787668e-02
   2.3186261e-03
   7.1609505e-03
   1.9509334e-02
   2.5800829e-02
   1.8103379e-02
  -1.9921809e-02
  -1.6465131e-02
   2.0745734e-02
   4.5224284e-03
  -5.4620830e-02
  -5.6724765e-02
  -6.0983879e-03
   1.8513334e-04
  -8.6437804e-03
  -5.9852801e-03
  -6.3671339e-04
   3.6043736e-02
   4.6296088e-02
   1.3734377e-02
  -2.6973548e-02
  -1.8033951e-02
   1.0922702e-02
   5.7612923e-03
   6.4602004e-03
   1.4121819e-02
   7.8837726e-04
  -1.4404254e-02
  -1.0186781e-02
  -1.7715228e-02
   4.8726617e-03
   4.6753745e-02
   6.8248467e-02
   2.7615796e-02
  -2.0243838e-02
  -3.2450485e-02
  -1.2860230e-02
   5.9396560e-03
  -1.7617383e-02
  -1.9974942e-02
  -3.2285731e-02
  -4.6713049e-02
   3.4823157e-03
   3.2536364e-02
   7.5209761e-03
   3.8375004e-03
   1.5288398e-03
  -4.6192497e-02
  -5.3642227e-02
  -2.3075270e-02
  -1.0110899e-02
   9.4996650e-03
   1.1936019e-02
  -9.0892371e-03
  -3.1247618e-02
  -1.9593325e-02
   3.8857142e-02
   6.0485052e-02
   3.5418569e-02
   2.3124390e-02
   9.2816203e-03
  -2.2258508e-02
  -9.6630804e-03
   3.1212431e-02
   1.0723313e-02
  -1.0717488e-02
   1.0934273e-03
   1.0845402e-02
   3.8307465e-02
   2.2223951e-02
  -3.7763849e-03
   1.2816385e-02
   2.7418139e-02
   2.2489698e-02
   4.1615762e-03
  -1.2203970e-02
   1.6050452e-02
   1.4167239e-02
  -1.6588794e-02
  -4.4003470e-02
  -3.0994938e-02
   1.1269920e-02
   2.1649164e-02
   1.2558746e-02
  -3.9102580e-02
  -4.8891056e-02
  -4.1881037e-02
  -5.1233974e-02
  -4.6110632e-02
  -3.7190478e-02
  -3.5016800e-02
  -5.9863979e-02
  -4.0716977e-02
  -1.6795819e-04
   7.3889134e-03
  -3.8099181e-03
  -1.9975808e-02
  -1.0248180e-02
  -3.9527256e-03
  -8.8859124e-03
  -5.1118969e-03
  -1.4533349e-03
  -2.7053445e-03
  -1.5976852e-02
  -1.4424799e-02
  -5.8734869e-03
   5.2884502e-03
   2.4139754e-02
   4.1853722e-02
   3.7970794e-02
   3.9690435e-03
  -3.3382409e-02
  -4.4599432e-02
  -3.9969249e-02
  -1.9034044e-02
   3.1786826e-02
   6.2045292e-02
   3.6246116e-02
   1.6508268e-02
   4.3826830e-02
   3.1256434e-02
  -4.6049941e-03
  -2.0829725e-02
  -1.8235544e-02
   1.6430417e-02
   3.0794289e-02
   3.0530117e-02
   5.3208420e-02
   4.4197506e-02
  -1.4287439e-02
  -2.7143497e-02
   2.2227258e-02
   3.6100962e-02
   1.6635552e-02
   7.9006967e-03
  -1.0689780e-02
  -4.9095247e-02
  -2.9473899e-02
   1.7892261e-02
   6.2796956e-03
  -4.0282777e-02
  -3.3572116e-02
   2.7514724e-02
   1.7848416e-02
  -1.7627774e-02
  -1.7918552e-02
  -1.1642800e-02
   2.1384125e-03
  -1.2737983e-02
  -3.0547985e-02
  -1.5521005e-02
   1.4655202e-02
   2.3771124e-02
   1.0941200e-02
  -1.4024919e-02
  -8.4172343e-03
   2.0388834e-02
   4.9861394e-02
   3.2677424e-02
  -5.6183982e-02
  -7.6967894e-02
  -2.4783655e-02
  -1.0823677e-02
   2.0690003e-03
   4.7274927e-02
   3.9872979e-02
  -1.7777650e-02
  -3.8520786e-02
  -2.9595673e-02
  -2.5240761e-02
   1.4940471e-02
   5.1892359e-02
   6.3762729e-02
   4.5977994e-02
  -1.0349803e-02
  -1.6604774e-02
   8.2157201e-03
  -1.3666917e-02
  -1.0191740e-02
   3.0656614e-02
   2.4967222e-02
  -5.7758076e-03
  -1.1131773e-02
   3.9214909e-03
  -7.1995924e-03
  -3.1809575e-02
  -2.2337225e-02
  -2.0698898e-02
  -4.2366324e-02
  -3.0216038e-02
  -4.9414993e-03
   1.9704000e-03
   1.0671124e-02
  -5.0859913e-04
  -1.8744839e-02
  -2.2996082e-02
  -1.0113811e-02
   9.2750868e-03
   2.3887625e-02
   2.7391847e-02
   2.9803406e-02
   5.2790120e-02
   6.3157005e-02
   5.9646958e-02
   6.6376195e-02
   6.3854748e-02
   5.7157312e-02
   5.9559897e-02
   5.4802744e-02
   4.9984743e-02
   5.7461236e-02
   4.3036595e-02
  -3.9204833e-03
  -9.1793675e-03
   2.7647991e-02
   4.1843489e-02
   5.0571811e-02
   4.9080999e-02
   3.1478100e-02
   1.5966147e-02
  -1.0479922e-02
  -3.3132170e-02
  -5.5352264e-02
  -3.6326170e-02
   3.5182577e-02
   5.6179968e-02
   2.7225047e-03
  -3.3142009e-02
   8.7499690e-04
   5.1072763e-03
  -1.1210017e-02
  -6.1940048e-03
  -5.1057728e-02
  -7.5251560e-02
  -5.8568542e-02
  -4.8017381e-02
  -5.4926565e-02
  -9.0537360e-02
  -1.1030544e-01
  -9.5505946e-02
  -7.8778689e-02
  -8.8240412e-02
  -9.8797083e-02
  -9.5872764e-02
  -6.6938389e-02
   2.4121649e-02
   1.1122878e-01
   1.1202382e-01
   5.0073142e-02
   1.0229367e-02
  -3.2284944e-03
  -2.4795226e-03
   3.6448575e-02
   2.8032678e-02
   1.7717589e-02
   5.6179574e-02
   6.2385820e-02
   9.0246109e-02
   9.8806528e-02
   7.0025650e-02
   4.5538441e-02
   8.4912279e-03
  -2.1651919e-02
  -3.0669524e-02
  -3.8095560e-02
  -2.1285415e-02
   2.8359431e-03
   1.6504804e-02
   5.6366998e-02
   3.0300107e-02
  -4.5336219e-02
  -4.7439917e-02
  -1.7289214e-02
   1.5421193e-02
   7.3542310e-02
   9.9888880e-02
   5.8297678e-02
  -1.2959098e-02
  -2.3055591e-02
   2.3563549e-02
   3.7275964e-02
   5.9431668e-03
  -8.4323479e-04
   2.9004197e-02
   2.7082098e-02
   1.6369805e-02
   1.2123443e-03
  -4.5522619e-02
  -9.3038970e-02
  -9.3984356e-02
  -5.7392832e-02
   9.2796524e-03
   9.7081063e-02
   5.7901970e-02
  -1.2951226e-02
   1.2612273e-02
   5.0721766e-03
  -4.5585986e-02
  -3.7998030e-02
  -3.2328002e-02
  -5.5386033e-02
  -4.5997437e-02
  -1.9806253e-02
   1.6266608e-02
   1.5586104e-02
  -1.1772447e-02
  -2.4705096e-02
   4.3166005e-03
   2.5950233e-02
   2.5511074e-02
  -1.7814725e-02
  -6.4533285e-02
   2.6811392e-03
   6.2831040e-02
   9.5779879e-02
   9.4750267e-02
   2.0937488e-02
  -5.0330466e-02
  -6.0439397e-02
  -6.4848308e-02
  -6.1519466e-02
  -3.3511741e-02
  -5.9996144e-04
   8.0004305e-02
   8.0379782e-02
  -9.9930600e-03
  -4.4248435e-02
   8.7852340e-04
   1.4865139e-02
  -1.8891567e-02
  -4.1134725e-02
  -5.2783666e-02
  -3.4421231e-02
  -2.8286224e-02
  -2.5987230e-02
   1.7194597e-03
   1.9993441e-03
  -1.9740525e-02
  -2.2302274e-02
  -1.6393892e-02
  -1.6215285e-02
  -1.3112910e-03
   1.6515352e-02
   2.0963464e-02
   2.5253592e-02
   4.9206709e-02
   7.8077403e-02
   1.1221116e-01
   9.4551902e-02
   2.5737148e-02
   1.9808457e-02
   1.3505154e-02
  -4.2817527e-02
  -8.3814183e-02
  -1.1607850e-01
  -1.5437723e-01
  -1.8650301e-01
  -1.8191699e-01
  -1.2415875e-01
  -5.2546965e-02
   1.3483507e-02
   1.0605789e-01
   1.1949323e-01
   6.5710332e-02
   8.5378280e-02
   9.2806757e-02
   1.1741826e-01
   7.9190376e-02
  -3.8806921e-02
  -9.5860170e-02
  -1.1073680e-01
  -1.0353818e-01
  -9.3826923e-02
  -5.7408103e-02
  -4.3946715e-03
   2.7234650e-02
   2.6636326e-02
   2.4921645e-02
   7.2607236e-02
   8.0797767e-02
   1.3583713e-02
  -1.6994421e-02
  -2.2477182e-02
  -4.9180733e-02
  -3.3874938e-02
  -3.9452475e-02
  -8.0029494e-02
  -8.1406246e-02
  -5.7249883e-02
  -6.2093781e-02
  -5.1907236e-02
   9.7428990e-03
   1.6412942e-02
  -1.3907474e-04
   2.7730328e-02
   3.2893659e-02
   9.5758626e-03
  -1.3758779e-03
   1.6247322e-03
   1.3502635e-02
   1.2657299e-02
   1.0815647e-02
   1.5468108e-02
  -2.1721583e-03
  -1.3288605e-02
  -8.1617206e-03
  -6.3566803e-03
  -1.1420348e-02
  -4.6231540e-02
  -7.6967422e-02
  -6.7777428e-02
  -1.5339878e-02
   4.8118453e-03
   2.4406052e-02
   7.0615866e-02
   5.0537648e-02
   9.6384422e-03
   1.2702797e-02
   2.2337539e-02
  -3.0288615e-03
  -9.2008571e-04
   2.1209217e-02
   1.9405743e-02
  -1.4404490e-02
  -3.9692482e-02
  -2.2978921e-02
   4.2750539e-03
  -4.4502926e-03
  -9.8796295e-03
   3.5696753e-02
   3.1014538e-02
  -2.2450498e-02
  -2.8162561e-02
  -2.0913007e-02
  -2.5701017e-02
  -1.5956386e-02
  -2.2292356e-02
  -2.1436157e-02
  -4.9918857e-03
   2.0291934e-02
   4.0472877e-02
   2.5528864e-02
   2.1488897e-03
  -4.1363633e-04
   2.1136955e-02
   1.6961360e-02
  -2.3033866e-02
  -6.4008560e-03
   3.2730952e-02
   1.5647975e-02
  -1.2800169e-02
  -9.8301169e-03
   2.6672693e-02
   5.1916446e-02
   4.6260036e-02
   2.3390451e-02
   5.5812047e-03
  -6.3330418e-03
  -1.0474962e-02
   1.4369698e-02
   3.9623605e-02
   2.2440028e-02
  -1.2596687e-02
  -3.9263555e-02
  -5.2787051e-02
  -1.4025785e-02
  -1.2546072e-02
  -3.1687013e-02
   2.3593619e-03
   1.0927189e-02
   1.0350748e-02
   1.5095149e-02
   1.1796062e-02
   3.5090479e-03
   1.0119794e-02
   5.0895336e-02
   5.6298515e-02
   2.4251767e-02
   2.3121634e-03
  -1.8959736e-02
  -3.3319672e-03
   1.7997977e-02
  -1.0294387e-03
  -2.3345977e-02
  -1.1595177e-02
   1.3826554e-02
  -2.6830756e-03
  -1.3694704e-02
   8.5899384e-04
   1.9113862e-02
   1.6766694e-02
   1.6779603e-03
   2.3273557e-02
   3.0247367e-02
  -2.1841940e-03
  -8.9676201e-03
   1.3035689e-02
   2.5027440e-02
   3.1585312e-02
   4.7552167e-02
   5.9036354e-02
   3.3516936e-02
  -1.3373540e-02
  -3.3185539e-02
  -1.1491901e-02
  -3.2901058e-03
  -1.7573302e-02
   1.3580014e-02
   5.0770570e-02
   5.0074401e-02
   3.4533717e-02
   1.5104752e-02
  -1.0915617e-03
  -2.5027676e-02
  -3.6615060e-02
  -1.8606220e-02
  -1.6265585e-02
  -2.8219945e-02
  -2.9057095e-02
  -1.3040018e-02
  -7.8952652e-03
  -1.9777679e-02
  -1.5036662e-02
   9.7362081e-03
   1.3626220e-02
   9.4276394e-03
   5.0721766e-02
   6.0496387e-02
   3.5662590e-02
   3.2393415e-02
   4.5221293e-02
   3.7039184e-02
   1.4130950e-02
   1.4514221e-02
   2.4720445e-02
   3.0733599e-02
   4.1176524e-03
  -3.2686555e-02
  -4.4623519e-02
  -1.0219842e-02
   1.0662308e-02
   2.3625184e-02
   6.7581109e-02
   7.3229175e-02
   3.8037388e-02
   1.5728423e-02
   1.0283052e-02
  -2.2936336e-02
  -1.9148970e-02
   8.1131525e-03
   2.5901350e-03
   3.4932731e-02
   4.0727997e-02
  -4.2558628e-03
  -2.5952752e-02
  -3.7406791e-05
   2.3278202e-02
  -1.0727957e-04
  -3.2093899e-02
  -1.9467221e-02
   3.7869880e-02
   3.8522440e-02
   9.8372013e-03
  -1.7682088e-03
  -4.7761789e-04
   2.2420664e-02
   1.3831749e-04
  -3.3276929e-02
  -3.4874795e-02
  -1.6091385e-02
  -1.4423697e-02
  -2.8024020e-02
  -4.5417769e-03
   2.9758853e-03
  -1.6397750e-02
  -3.5203752e-02
  -4.0486889e-02
  -3.4448467e-02
  -4.0889996e-02
  -5.2852543e-02
  -4.4443967e-02
  -1.5171583e-02
   4.4354624e-03
   3.1298311e-02
   3.4841892e-02
  -4.0245386e-03
  -4.5276237e-02
  -4.5295680e-02
  -9.3077541e-03
   1.4658115e-02
   4.7742661e-02
   7.7229076e-02
   5.8557285e-02
   1.2717281e-02
  -1.7716094e-02
  -8.3374945e-03
   3.5718951e-03
  -2.1834777e-02
  -2.5412521e-02
  -1.3662587e-03
  -2.3889671e-02
  -4.1810743e-02
  -1.7740496e-02
   1.7961138e-02
   3.4346529e-02
   1.5780533e-02
   9.2109328e-03
   2.9864648e-02
   2.1158838e-02
  -3.3314556e-02
  -3.6673704e-02
  -3.4574571e-03
   3.6717391e-03
   2.3919899e-02
   2.6818949e-02
  -9.7255813e-03
  -2.9671241e-02
  -8.2263468e-03
   1.8764440e-02
   3.3988684e-02
   4.0816002e-02
   3.4912658e-02
   1.1283932e-02
  -2.4197217e-03
   1.2975943e-02
   2.0943077e-02
   4.2470859e-03
  -3.1614594e-03
  -4.7077743e-03
  -3.7429303e-02
  -6.6854319e-02
  -6.3806338e-02
  -5.1260974e-02
  -5.2582545e-02
  -5.2509260e-02
  -5.8295238e-02
  -5.1938408e-02
  -2.8600933e-02
  -2.2967508e-02
  -3.0731789e-02
  -2.4976668e-02
   1.5803204e-02
   3.1377028e-02
   2.1529829e-02
   2.1605397e-02
   2.9983509e-02
   4.8618618e-02
   3.2899405e-02
   6.9412133e-03
   1.6808335e-04
  -1.2820714e-02
  -7.7415161e-03
  -4.3664123e-03
  -2.7506380e-02
  -3.7595080e-02
  -3.0643626e-02
  -8.0988261e-03
   1.5849410e-02
   1.9390394e-02
   5.7928025e-03
  -1.5545643e-02
  -2.6188115e-02
  -1.2693587e-02
   8.0837125e-03
   2.1063434e-02
   2.5707865e-02
   3.6136464e-02
   3.0912758e-02
  -1.0019981e-02
  -1.3817029e-02
   1.6799755e-02
   2.5345061e-02
   7.3912277e-03
  -1.6372954e-03
   9.1681111e-03
   2.0416542e-02
   1.7172320e-02
  -1.1673972e-02
  -2.7646180e-02
  -1.9144562e-04
   3.6818385e-02
   1.9467063e-02
  -5.6499242e-03
  -1.9933380e-02
  -1.6544477e-02
  -6.9363408e-03
  -3.3831802e-02
  -2.2223479e-02
   1.3057493e-02
   7.8665731e-03
  -2.7245592e-02
  -4.4144057e-02
  -3.7163714e-02
  -1.3039704e-02
  -1.1665313e-02
  -2.4931642e-03
   3.1151741e-02
   6.7122428e-03
  -1.7982785e-02
  -4.7324047e-03
  -1.2831813e-02
  -2.3373212e-02
  -6.6498678e-03
   8.7862573e-04
  -5.2095054e-03
  -1.1856831e-02
  -1.7505920e-02
  -4.8789197e-02
  -4.3332333e-02
  -2.5194083e-03
  -7.1053687e-04
  -1.6594698e-02
  -3.2690570e-02
  -4.5979096e-02
  -3.1836024e-02
  -1.2050237e-02
   1.5325395e-02
   2.2063449e-02
   8.9030726e-03
   1.8178002e-02
  -8.9011047e-03
  -5.4575883e-02
  -4.2083653e-02
   1.8299462e-02
   5.1518141e-02
   4.1287435e-02
   3.0299163e-02
   2.6968353e-02
   1.1870291e-02
  -1.3528376e-02
  -2.8810948e-02
   1.3277506e-02
   2.9692809e-02
   1.0400497e-02
   1.6982692e-02
   2.0860582e-02
   1.9340172e-02
   3.0983052e-03
   9.9032445e-03
   1.3029549e-02
  -2.3862750e-02
  -3.3472697e-02
   8.5538862e-03
   3.0558848e-02
   7.9414718e-03
  -1.8363615e-02
  -1.3636926e-02
   2.0723851e-03
  -1.4038931e-02
  -1.4519653e-02
   1.3492874e-02
   1.8377548e-02
   1.5672377e-03
   5.1006011e-03
   2.1092874e-02
   1.5567763e-02
  -1.9337339e-03
   1.1805901e-02
   1.5058073e-03
  -3.5583795e-02
  -2.4356775e-02
  -7.2005291e-03
  -1.3381254e-02
  -1.5481253e-02
   1.5813437e-02
   1.8173358e-02
  -1.1562431e-02
  -8.3921238e-03
  -1.8469253e-02
  -2.5744626e-02
  -2.3434375e-02
  -2.5654653e-02
   8.8712711e-03
   4.5284423e-02
   6.4126005e-02
   6.8883473e-02
   5.2539172e-02
   2.5282639e-02
   1.8856538e-03
  -1.2809222e-03
   2.6009428e-02
   3.8843209e-02
   1.1535431e-02
  -1.0628066e-02
  -5.5934451e-03
   2.4342055e-03
  -1.4694797e-03
   3.5104333e-03
  -8.9222007e-03
  -2.3007732e-02
  -5.5234268e-03
   9.0563336e-03
   9.1609479e-03
  -1.3787117e-02
  -3.8918856e-02
  -1.9234928e-02
  -1.2055511e-02
  -1.9778938e-02
   1.8343464e-03
   4.9446480e-03
   3.6486752e-03
   1.7927683e-02
   3.0956524e-02
   3.9055350e-02
   2.5251309e-02
  -2.8780564e-02
  -4.1721006e-02
   3.6153388e-03
   3.0885128e-02
   4.6369058e-02
   7.4809566e-02
   6.0430659e-02
  -2.4460996e-02
  -6.2101259e-02
  -3.3210492e-02
  -7.0845403e-03
  -1.1734663e-02
  -4.1011377e-02
  -3.2821948e-02
  -9.1855861e-03
  -6.0641541e-03
  -3.4122817e-02
  -3.8822349e-02
   2.4458241e-03
   1.9837031e-03
  -2.3729405e-02
  -1.5992281e-02
  -1.8123766e-03
  -1.2802846e-02
  -8.2301252e-03
   2.3527261e-02
   1.6402945e-02
  -7.1239537e-03
   1.3923847e-03
   1.2805601e-02
   6.4923246e-03
   4.9254096e-03
   2.4122672e-02
  -9.8267320e-03
  -4.8646011e-02
  -2.0578540e-02
   1.5971342e-02
  -8.9647863e-04
  -2.9038046e-02
  -1.0713946e-02
   1.2563311e-02
   2.4147704e-02
   3.3948066e-02
   4.5130296e-02
   4.2182521e-02
   4.4020866e-03
  -1.6793851e-02
   6.5399323e-03
   1.5028633e-02
  -3.5904722e-03
  -5.4354296e-03
  -4.6628429e-03
  -1.6351307e-02
   3.8893824e-03
   4.3584225e-02
   3.9005680e-02
  -1.0447333e-02
  -3.3373436e-02
  -7.9535941e-03
  -3.6179600e-03
  -1.9860646e-02
   2.7519840e-03
   3.8104219e-02
   4.4230016e-02
   2.9336381e-02
   3.2165610e-02
   2.9200831e-02
  -1.2474834e-02
  -3.8830300e-02
  -3.6164644e-02
  -2.1074848e-02
   8.8388399e-03
   1.2091485e-02
   8.3441854e-03
  -7.0984968e-03
  -1.6815498e-02
  -7.4849476e-03
  -8.1783298e-03
   1.1368237e-02
   2.6279111e-02
   1.3124088e-02
  -7.9720925e-03
  -1.5373648e-02
  -1.3280419e-02
  -1.8136597e-02
  -1.2857632e-02
   9.5421719e-03
   5.0440433e-03
  -3.2517236e-02
  -1.9905436e-02
   1.3398493e-02
   1.3167382e-02
   9.0549167e-03
   5.9191425e-03
   1.7352974e-02
   2.9424386e-02
   3.2298404e-02
   3.0575772e-02
   4.4135162e-02
   3.9793790e-02
  -8.9473900e-03
  -2.9036550e-02
   1.2530250e-02
   3.5053639e-02
   2.0840509e-02
   2.5915519e-02
   1.2499157e-02
  -3.1792415e-02
  -3.2362086e-02
  -4.1847188e-03
  -1.3270185e-02
  -1.7432242e-02
   9.7767471e-03
   1.4254299e-02
  -5.2998955e-04
   6.3142049e-03
   2.4887088e-02
   3.2834228e-02
   2.8516785e-02
  -1.8621569e-03
  -2.7371224e-02
   3.9065111e-03
   3.5510038e-02
   3.6422677e-02
   1.0153484e-02
  -3.2670104e-02
  -2.3074011e-02
   1.3663138e-02
   6.5356738e-03
   1.4111114e-02
   2.8656428e-02
  -7.3400541e-03
  -2.3234357e-02
   1.1536061e-02
   9.9548825e-03
  -1.0045800e-02
  -1.5860195e-02
  -1.4814839e-02
  -2.1076265e-02
  -1.7669257e-02
   9.0178413e-03
  -5.8740773e-03
  -2.1926010e-02
  -1.5432685e-03
   6.3424248e-03
  -1.7060385e-02
  -2.2490171e-02
   6.3292240e-03
   1.4483285e-02
  -2.5581919e-03
  -1.8378178e-02
  -2.5924887e-02
  -2.5842549e-02
  -1.4233361e-02
   9.4357472e-03
   1.0258964e-02
  -2.2752297e-02
  -1.8106527e-02
   2.3522301e-02
   2.2368003e-02
  -1.0154429e-02
  -1.9273185e-02
  -6.5758979e-04
   2.0328852e-03
  -1.0956471e-02
  -1.9434553e-02
  -3.1117421e-02
  -3.7425919e-02
  -2.4749177e-02
  -2.5784692e-03
   6.6850620e-03
  -4.5005295e-03
  -1.2629591e-02
  -2.0234549e-03
  -4.2072947e-03
  -2.9038518e-02
  -2.8537251e-02
  -2.0753763e-02
  -2.4769879e-02
  -1.8175326e-02
  -5.1713121e-03
   3.5592218e-03
   8.4861900e-03
   3.7254081e-03
  -9.8105164e-03
  -8.7437504e-03
   1.0473231e-02
   2.8406582e-02
   1.5681114e-02
   4.7067509e-03
   7.3674396e-03
  -1.2510807e-02
  -2.3674382e-02
  -1.6656018e-02
  -1.3165965e-02
  -3.0483202e-02
  -3.6258946e-02
   4.0905896e-05
   2.2414839e-02
   3.5911649e-02
   4.8071145e-02
   2.6844059e-02
   4.0881652e-03
  -1.5397499e-02
  -3.1134423e-02
  -1.5072557e-02
  -5.8362777e-03
   4.8527937e-03
   2.8153272e-02
   2.4659046e-02
   8.1675456e-03
   1.3970998e-02
   3.1815715e-02
   2.1162617e-02
  -1.6234492e-02
  -9.8307466e-03
   6.0247014e-03
   1.7276934e-03
   6.1467749e-03
   2.8803392e-02
   4.5438235e-02
   1.4249025e-02
  -6.2633777e-03
  -7.7668550e-04
  -1.2649585e-02
  -3.0358830e-02
  -2.3672965e-02
   6.6028032e-03
   2.0373799e-02
  -1.9174632e-03
  -2.6416235e-02
  -2.0230928e-02
  -1.4227063e-02
  -2.7101069e-02
  -3.1206606e-02
  -5.4621381e-03
   1.4730455e-02
   8.4186512e-04
  -1.6738828e-02
  -2.5757693e-02
  -1.4449359e-02
  -2.4498229e-03
   2.8069518e-03
   2.2657994e-03
  -1.8303791e-02
  -1.9546252e-02
  -3.9567952e-04
  -9.4851024e-04
  -1.4347106e-02
  -2.1209532e-02
  -6.2976115e-03
   7.3408806e-03
  -2.5704717e-03
  -1.4965975e-02
  -1.5481726e-02
   4.4126425e-03
   2.2775912e-02
   2.0743215e-02
   1.1889104e-02
   1.2411467e-02
  -2.0206684e-05
  -2.1253220e-02
  -2.2516226e-02
   4.6484614e-03
   1.1117053e-02
  -1.5526673e-04
   1.2566617e-02
   1.2720508e-02
   1.8824501e-02
   3.6022718e-02
   2.5901665e-02
  -5.3294221e-03
  -1.6467492e-03
   2.0160713e-02
   2.8180980e-02
   3.1988340e-02
   2.1240074e-02
   8.4630474e-03
   1.9293415e-02
   3.4590157e-02
   2.9830642e-02
   2.9695958e-02
   4.1219818e-02
   2.8713734e-02
   2.6776127e-04
  -1.6522909e-02
  -1.3673844e-02
   3.1234708e-03
   8.9403055e-03
   1.6806446e-02
   1.1686488e-02
  -9.1603181e-03
  -2.1517628e-02
  -1.2279774e-02
   6.8477690e-03
   6.3598841e-03
   1.4481318e-02
   1.2200586e-02
  -7.2760733e-03
   1.7502929e-02
   3.6303736e-02
   1.0877912e-02
  -1.6193559e-02
  -3.7560130e-02
  -2.2765364e-02
  -1.5220938e-03
   8.8747347e-04
   1.0229288e-02
   4.3732921e-03
  -4.6087489e-04
   2.6774553e-03
  -6.4965045e-03
  -1.6969704e-02
  -2.3998930e-02
  -2.3776556e-02
  -4.2131749e-03
   2.4240196e-02
   1.5823828e-02
  -8.6755032e-03
  -1.4691805e-02
  -1.9653622e-02
  -1.6303368e-02
  -9.0655435e-03
  -3.2780386e-03
  -1.0371293e-02
  -2.0629234e-02
  -2.7962936e-02
  -1.2029220e-02
   6.6348487e-03
   1.1342497e-02
   1.7295433e-02
   2.2814876e-03
  -9.7567531e-03
  -2.6797380e-03
   1.1869661e-06
  -5.5578967e-03
   4.2734323e-03
   1.4891588e-02
   1.5961109e-03
  -9.4612513e-03
   1.7536541e-02
   3.1268084e-02
   1.7339750e-02
  -1.2536311e-02
  -2.0998336e-02
   6.7509162e-03
  -1.9364968e-02
  -3.6736519e-02
  -6.3616159e-03
   1.7367301e-02
   2.0500690e-02
  -4.7845150e-03
  -4.2170162e-03
   2.0256905e-02
  -1.1151216e-02
  -2.9524041e-02
   6.4644905e-03
   1.5802889e-02
  -5.3991964e-03
  -2.1158681e-02
  -2.3810483e-02
  -1.4625290e-02
  -4.2084912e-03
   8.1076423e-04
  -1.1747100e-02
  -2.7514802e-02
  -2.3878336e-02
  -1.4875136e-02
  -9.4349600e-03
  -9.2521803e-03
  -5.0575589e-03
  -5.9620351e-03
  -8.7483947e-03
  -4.2328382e-03
  -2.0296814e-02
  -3.6967552e-02
  -2.5430941e-02
  -3.2527627e-03
   2.4029551e-02
   2.0756676e-02
  -2.4296242e-02
  -2.7824788e-02
   1.0935690e-02
   1.0148132e-03
  -1.5152218e-02
  -1.6554081e-02
  -2.8245292e-02
  -2.4701475e-03
   3.5563329e-02
   2.9790654e-02
  -2.0432285e-02
  -3.5966672e-03
   4.4252607e-02
   8.4757994e-03
  -1.9041365e-02
   4.3538649e-03
   1.6885556e-02
   7.1030623e-03
   1.9914252e-02
   3.5791370e-02
   2.1794632e-02
   1.0618620e-02
   1.0640976e-02
  -3.2505665e-03
  -6.7661636e-03
   1.4106548e-02
   2.7016921e-02
   2.0240296e-02
   5.9017934e-03
   7.5647504e-03
   1.0534551e-02
  -1.8301587e-03
   1.1660590e-03
   1.1952629e-02
   7.1446089e-03
   3.8090050e-03
   6.4653248e-03
  -2.0851451e-04
  -3.3800000e-03
  -1.0011952e-02
  -1.4986678e-02
  -4.5383449e-03
   3.2100117e-03
   2.1614213e-02
   2.3686189e-02
   1.6944514e-03
  -2.2952158e-03
  -7.3616697e-03
  -1.4957946e-02
  -7.2903919e-03
   4.5401317e-03
   5.7305457e-03
  -2.8128555e-03
   2.8529931e-03
   8.8134145e-03
  -5.4292268e-03
  -1.2969174e-02
  -7.6885321e-03
  -8.0601763e-03
   1.4399138e-03
   5.5066995e-03
  -5.0863298e-03
  -1.2639588e-03
   5.9627987e-03
   2.1733312e-03
   3.6836253e-03
   6.1841967e-03
  -3.0492018e-04
   2.3388798e-03
   5.4881303e-03
  -5.4182143e-03
  -1.0772039e-02
  -4.3843833e-03
   1.1170738e-03
   3.5788694e-03
   7.5290760e-03
   5.3264387e-03
   5.4378462e-03
   4.9375162e-03
   1.7939727e-03
   1.7296928e-03
  -2.3467751e-03
  -2.5936300e-03
   3.6986287e-03
   5.4762599e-03
   1.7131781e-03
   8.9643140e-04
  -1.4253591e-03
   7.2558668e-04
   6.3329158e-03
   6.8072772e-03
   7.0789042e-03
   5.8536110e-03
   4.8570444e-03
   3.6866480e-03
   6.2933293e-04
   1.3963520e-03
   2.5659455e-03
   1.4556807e-03
   2.0464401e-03
   1.9380711e-03
  -1.9764061e-04
  -1.9389134e-03
  -1.4672048e-03
  -9.4844727e-04
  -1.9095128e-03
  -2.3923756e-03
  -2.8119975e-03
  -2.5647175e-03
  -1.8088974e-03
  -1.7351243e-03
  -2.8028428e-03
  -3.8444117e-03
  -3.6807364e-03
  -3.6752342e-03
  -3.8921060e-03
  -3.9610931e-03
  -3.6130717e-03
  -3.4348025e-03
  -3.4880148e-03
  -3.4414225e-03
  -3.1363174e-03
  -2.6522896e-03
  -2.4672113e-03
  -2.2436014e-03
  -1.9847736e-03
  -1.9015860e-03
  -1.7522293e-03
  -1.5152376e-03
  -1.3482484e-03
  -1.1797636e-03
  -9.5249330e-04
  -7.5081453e-04
  -5.9676161e-04
