   7.5933087e-03
   1.1212142e-02
   1.1095406e-02
   3.4000176e-03
  -7.1883202e-03
  -9.8364929e-03
  -3.8621465e-03
   8.9339295e-03
   2.0644426e-02
   1.4031453e-02
   4.0427536e-03
  -9.6200225e-03
  -1.4754857e-02
  -1.4784612e-03
   1.3442338e-02
   1.4346161e-02
   5.6111327e-03
   7.0273213e-03
  -7.4011853e-03
  -6.5851786e-03
   1.4181959e-02
  -3.2321075e-03
  -1.0278722e-02
   1.0120345e-02
  -7.7770330e-03
  -8.7973563e-03
   2.2686411e-02
   2.1617834e-02
   8.2714514e-03
  -2.1569502e-02
  -4.0549862e-02
  -1.3834819e-02
   1.1498434e-02
   4.4625645e-03
  -4.9340134e-03
   8.8074321e-03
  -4.3476856e-03
  -3.6104505e-03
   9.1049804e-03
  -2.6325160e-02
  -2.3046224e-02
  -4.5476806e-03
  -4.1797203e-03
   6.4478891e-03
  -6.5177422e-04
   2.0414653e-02
   2.7235595e-02
   3.6894504e-03
  -3.4298748e-02
  -3.5439744e-02
  -1.8845754e-02
  -4.3923730e-04
   3.5686678e-02
   1.3686989e-02
  -4.3938135e-03
  -2.7298804e-02
  -3.1116319e-02
   7.1668148e-03
   1.5140411e-02
  -4.0538841e-03
  -3.9346759e-03
  -1.4975736e-02
  -2.2880762e-02
   1.0203627e-02
   2.6756369e-02
   2.2178060e-02
   7.5756920e-03
  -2.2624697e-02
  -2.5836803e-02
   8.1388141e-03
   1.1532283e-02
  -1.7745533e-02
   1.0294859e-02
   1.5849017e-02
  -2.3943986e-02
  -1.4371351e-02
   4.1447938e-03
   3.0419914e-03
   8.4411642e-03
  -1.4520046e-02
  -4.2095224e-02
  -2.0248167e-02
   2.1399317e-04
   7.9594979e-02
   5.6190359e-02
  -6.8408340e-02
  -1.1412319e-01
  -8.7864147e-02
   1.4745254e-02
   8.5205891e-02
   7.9910632e-02
  -4.3892401e-02
  -1.0971506e-01
  -3.8937275e-02
   3.0952667e-02
   3.6587037e-02
   3.7130968e-02
   2.4996347e-02
  -5.2346632e-02
  -7.0831471e-02
  -8.9348741e-02
  -3.0991238e-02
   4.4467503e-02
   8.6986458e-02
   2.1223622e-02
  -8.8530089e-02
  -1.1440263e-02
   7.0071856e-03
  -3.4041424e-02
  -2.6973627e-02
  -2.4142745e-02
   3.8729779e-02
   2.7156642e-02
  -1.9822075e-02
   3.2379167e-02
   8.1834463e-02
   4.8133016e-02
  -6.5144046e-02
  -8.4211702e-02
   3.3997658e-03
   5.8367185e-02
   9.9911708e-02
   7.3681008e-02
  -6.4867515e-02
  -1.0095234e-01
   3.8433175e-02
   8.2627139e-02
  -5.1820569e-02
  -8.5336561e-02
  -3.9220104e-02
   4.6730996e-03
   4.9428847e-02
  -8.2940430e-03
  -5.2505954e-03
  -2.1512433e-02
   5.1923609e-02
   1.4616395e-01
   4.3481264e-02
   9.0913625e-03
   6.5192063e-02
   7.2807727e-02
   3.5364491e-02
  -6.1269305e-02
  -9.0912050e-02
  -5.5932090e-02
   4.6430772e-02
  -2.3101562e-03
  -3.5393065e-02
   2.5819957e-02
   2.1189380e-03
   2.0352860e-02
   1.6596194e-02
  -5.7448721e-02
  -5.6106840e-02
   4.4911228e-04
   2.4093390e-02
   4.3260937e-02
   6.7030880e-03
  -1.7561179e-02
  -1.2795604e-02
   4.6825771e-02
   3.5678570e-02
  -4.2135133e-02
  -1.0908454e-02
  -8.5786032e-03
   1.0997168e-02
   2.0470856e-02
   1.3975485e-02
   2.2069195e-02
  -1.5788877e-02
   1.4744860e-02
  -2.7398617e-02
  -6.6182946e-02
   2.2377764e-02
   6.7874170e-02
   3.2015576e-02
  -1.6966870e-02
   8.0265643e-03
  -2.2382172e-02
  -3.5055922e-02
   3.8421053e-02
   5.3667967e-02
   7.9989349e-03
  -6.0167195e-02
  -6.6977117e-02
   7.4046804e-03
   4.9711124e-02
   8.3100225e-02
   5.9712371e-02
  -6.2818052e-02
  -8.1473155e-02
   1.9799641e-02
   6.7693910e-02
   2.2528742e-03
  -4.2588619e-02
   5.2485566e-03
   5.0818587e-02
   1.9332852e-02
  -2.7366186e-02
  -3.7305010e-02
  -2.5399848e-02
  -9.5518540e-03
  -5.3775021e-02
  -2.2094384e-03
   2.1842649e-02
  -7.3027425e-03
   5.9914987e-02
   4.3478667e-02
  -5.3866333e-02
  -7.4662918e-02
  -1.8200908e-02
   3.7915771e-02
   8.7713799e-03
  -7.1340215e-03
   7.2879202e-03
  -4.5613458e-03
   4.0442886e-04
  -1.0109324e-02
   8.7193483e-03
   3.5836396e-02
   1.0760467e-03
  -2.6089798e-02
   5.5510799e-03
   3.0659842e-02
   1.7764740e-02
  -1.5142851e-02
  -7.9063642e-03
   3.5453362e-02
   4.4641782e-02
   4.4505287e-02
   1.0871300e-02
  -1.1256696e-02
   3.4950127e-02
   7.3291755e-02
   5.9544784e-02
   3.0953690e-02
   6.3724472e-02
   3.9667450e-02
  -3.1139697e-02
  -2.5674489e-03
   2.1704580e-02
   1.3173049e-02
   4.5735154e-02
   9.8969472e-03
  -3.4350780e-02
   8.5898596e-03
   2.6926397e-02
   3.6101828e-02
   5.3394821e-02
   4.5443194e-02
   3.2309582e-02
   5.6700048e-02
   5.5715934e-02
   2.1986700e-02
   5.2018777e-02
   4.0304030e-02
  -5.0895493e-03
  -1.0064456e-02
  -2.6555406e-02
   2.2985140e-02
   2.2664213e-02
  -1.1213166e-02
   2.6226843e-02
   7.4519575e-03
  -4.0623147e-02
  -2.4095358e-02
   9.0940388e-03
  -5.1839225e-02
  -9.9332355e-02
  -6.1490105e-02
  -9.0299636e-03
   4.0222244e-02
   4.3437577e-02
  -1.7481833e-02
  -9.4161468e-02
  -1.0735593e-01
  -7.7199242e-02
  -7.1859902e-02
  -2.7128934e-02
  -3.2617049e-02
  -4.8400731e-02
  -4.5011513e-02
   7.5126243e-03
   1.8706662e-01
   2.6988976e-01
   1.4160233e-01
  -8.1543999e-02
  -1.7439405e-01
  -1.2299847e-01
   2.2337067e-02
   9.4070157e-02
   2.0171576e-01
   1.5942217e-01
   7.3761456e-02
   1.0773692e-01
  -1.1698059e-01
  -2.1486535e-01
  -2.4971787e-01
  -2.4392119e-01
  -2.9440444e-02
   1.3129913e-01
   2.1867917e-01
   1.8700443e-01
   2.6962055e-02
  -7.9621742e-02
  -2.4422110e-01
  -2.3321889e-01
   8.2185539e-02
   1.3852845e-01
  -1.4347578e-01
  -2.4515704e-01
  -6.0631780e-04
   1.3577180e-01
   2.0756046e-01
   1.7145005e-01
  -9.4239397e-02
  -1.4654651e-01
   1.0641290e-01
   1.4977783e-01
   2.1699070e-02
  -9.4513330e-02
  -2.0150638e-01
  -1.9289479e-01
  -1.1421528e-01
  -4.9355641e-03
   2.3372268e-02
   5.0714288e-02
   1.8989018e-01
  -2.4627166e-02
  -2.5880963e-01
  -1.6519996e-01
  -6.1869361e-02
   3.8648307e-02
   1.5935369e-01
   8.9599846e-02
   1.2478376e-02
   9.9301655e-02
   6.4497941e-03
  -9.8489301e-03
  -5.2697707e-02
  -1.3178481e-01
  -8.1165373e-02
  -5.4049191e-02
  -5.3922379e-02
  -1.2427919e-01
  -1.4450854e-01
  -1.1569358e-01
  -9.6079002e-02
   9.0675901e-02
   1.9239730e-01
  -8.4041674e-02
  -1.6213789e-01
   1.1229618e-01
   1.6721904e-01
  -5.2383235e-02
  -1.7489390e-01
  -5.7396295e-02
  -8.6096962e-03
  -6.3004295e-02
  -5.7112444e-02
   7.3827263e-03
   5.6613775e-02
   7.0242278e-02
   7.1098713e-02
   1.0344529e-01
   3.6002409e-02
  -2.2901307e-01
  -1.3986978e-01
   2.3574097e-01
   2.9617793e-01
   2.1618464e-01
   1.0945215e-01
  -4.0450128e-02
  -4.9661297e-02
   8.1828166e-02
   1.1561014e-01
  -3.5734222e-03
  -4.8182844e-02
  -4.8069334e-04
   1.1717739e-04
  -6.7672262e-02
  -8.5909617e-02
  -5.3514863e-02
   4.5392265e-02
   1.1235600e-01
   5.5504265e-02
   3.0064194e-02
  -1.1814088e-01
  -1.5210705e-01
   5.9988115e-03
   8.5312946e-02
   7.1585653e-02
  -4.6860091e-02
  -1.2128875e-01
  -1.0867994e-01
  -1.3251293e-02
   5.4920346e-02
   3.0508155e-03
  -8.4629686e-02
  -1.0967570e-01
  -2.0453853e-02
   4.7550514e-02
   6.4221567e-02
  -2.6241327e-02
  -9.0291764e-02
  -7.4845461e-02
  -9.2218744e-02
  -7.7941854e-02
  -7.7448852e-02
  -5.0084005e-02
  -1.5501956e-01
  -2.4139596e-01
  -7.7697281e-02
   3.9766160e-03
  -8.9751769e-02
  -3.9872742e-02
   1.3478233e-01
   1.4432277e-01
   1.5348380e-01
   1.4294130e-01
   2.6825325e-02
  -5.3598618e-02
  -8.8781195e-02
  -6.9053973e-02
   3.1174097e-02
   4.7205657e-02
   1.2017019e-02
   3.6969835e-02
   4.9563925e-02
   1.4075691e-01
   9.8644372e-02
  -1.3896926e-01
  -1.4888439e-01
   4.0693834e-02
   1.0800298e-01
  -2.2373985e-02
  -6.1504667e-02
   3.3060380e-02
  -3.4996255e-02
  -1.1942238e-01
  -2.0021149e-01
  -1.5686389e-01
   9.1162369e-02
   1.6419948e-01
   2.3734521e-01
   2.7134838e-01
   8.1225198e-02
  -6.1912497e-02
  -4.6221779e-02
   8.6574771e-02
   2.4030102e-01
   2.9581740e-01
   2.2699557e-01
   1.4101825e-01
   6.8921415e-02
  -9.3165704e-03
   1.0309185e-01
   2.4208001e-01
  -4.4079274e-02
  -2.2569596e-01
  -1.2721531e-01
  -1.7319756e-01
  -2.2828652e-01
  -2.1788019e-01
  -2.4617327e-01
  -1.6205209e-01
   2.6249435e-02
   1.9991551e-01
   2.2151768e-01
   2.1366886e-01
   3.2353821e-01
   3.0674640e-01
   2.2016612e-01
   1.1323133e-01
  -4.5344326e-02
  -2.6263289e-02
   9.3140515e-02
  -9.8830931e-02
  -2.1514401e-01
  -6.2722805e-02
   3.6616319e-02
   1.3480910e-01
   1.3621733e-01
  -3.5688252e-02
  -2.0849168e-01
  -2.0391667e-01
  -9.1122223e-02
   1.5951348e-02
   1.1915474e-01
   1.7516154e-01
   1.3293643e-01
  -3.3969477e-02
  -1.8421236e-01
  -2.5234779e-01
  -3.4060552e-01
  -3.5954865e-01
  -3.3577075e-01
  -2.2072422e-01
   1.2090225e-01
   1.1982069e-01
  -1.8528133e-01
  -1.6595171e-01
   1.9346312e-01
   1.9283654e-01
  -2.3911318e-01
  -1.8498299e-01
   1.1924448e-01
   4.3414985e-04
  -1.2994363e-01
  -2.7279440e-01
  -2.9237120e-01
  -7.7667054e-03
   7.6388698e-02
  -1.5413321e-01
  -2.4074891e-01
   5.6507350e-02
   9.2963402e-02
  -2.6153715e-01
  -1.7015359e-01
   2.3463185e-01
   3.4389587e-01
   2.8996562e-01
   2.5782803e-01
   3.0680544e-01
   3.0877178e-01
   1.4763123e-01
  -1.6086426e-01
  -8.7450099e-02
   1.4679919e-01
   1.2785134e-01
   2.7124841e-01
   2.2120203e-01
  -4.5938085e-02
  -1.4920005e-01
   4.9119334e-02
   2.4986507e-01
   3.2782904e-01
   1.9811763e-01
  -1.3518851e-01
  -2.5730772e-01
  -2.1436235e-01
  -2.1004633e-01
   1.7673665e-02
   1.9821052e-01
  -2.6537144e-02
  -1.2198145e-01
  -4.1992735e-02
   1.6379487e-01
   3.1712832e-01
   3.6404257e-01
   3.1813826e-01
   1.4211241e-01
  -3.5328990e-02
  -9.4829771e-02
  -1.2965080e-01
  -5.9727878e-02
   2.6740075e-01
   6.5871937e-02
  -1.3221460e-01
  -3.0491073e-02
   5.0196412e-02
   1.4344272e-01
   6.0334782e-02
   6.1925722e-02
  -6.2508381e-02
  -1.9316006e-02
   9.3253866e-02
   1.3066310e-01
   9.6120721e-02
  -1.8689266e-01
  -2.4959035e-01
   1.0974970e-02
  -1.7969167e-02
  -3.5655978e-01
  -1.9744303e-01
   1.4822239e-01
   1.1451205e-01
   1.1455534e-01
   1.4859078e-01
   2.1179305e-01
   1.7251902e-01
  -9.7157418e-02
  -1.9843250e-01
  -2.0598771e-01
  -1.9694790e-01
  -2.2534488e-01
  -2.6631131e-01
  -6.1403674e-02
   1.3103149e-01
   1.0871930e-01
  -8.6870745e-02
  -1.8450833e-01
  -4.1663071e-02
  -9.8249216e-02
  -1.8349919e-01
  -2.0772655e-01
  -4.7420789e-02
   1.3981468e-01
   1.2318739e-01
   1.7790008e-01
   2.3349361e-01
   1.0082954e-01
  -4.9040539e-03
  -4.6717693e-02
   7.0189301e-02
   1.5579570e-01
   3.3045581e-02
  -1.3040569e-01
  -3.4712718e-01
  -2.3097783e-01
  -5.9027459e-02
  -1.1370127e-01
  -5.6054887e-02
  -7.7951142e-02
  -1.4031374e-01
   6.7422180e-02
   3.4025444e-02
  -3.1030439e-01
  -3.9071094e-01
  -1.0332171e-01
   3.1650331e-02
  -1.7472781e-01
  -8.5670319e-02
   2.6830126e-03
  -2.8912729e-02
   4.5858188e-02
   1.0257075e-01
   1.1320063e-01
   1.9970062e-02
  -8.4684001e-02
  -1.0636804e-01
  -2.8650052e-02
   2.5045938e-02
   5.1528059e-02
   5.4988987e-02
  -8.8981135e-03
  -1.6503308e-01
  -1.8991931e-01
   7.5461339e-02
   2.1619645e-01
   1.9644490e-01
   2.5220689e-03
  -6.5396805e-02
   8.6564538e-02
  -1.4464472e-02
   6.0569672e-02
   8.1647118e-02
  -2.4639367e-01
  -1.3754843e-01
   5.8423939e-02
   1.6859737e-01
   2.8677367e-01
   2.8801345e-01
   2.1799748e-01
  -6.5333595e-02
  -2.0453460e-01
   9.0941176e-02
   1.1063604e-01
  -1.0454496e-01
   3.2313597e-02
   1.5192757e-01
   1.2970197e-01
  -2.0194561e-02
  -4.0287185e-02
   1.6658537e-01
   2.3549931e-01
   1.7385799e-01
  -6.0563296e-02
  -1.1279288e-01
   1.3022465e-01
   1.7057394e-01
   8.1728196e-02
  -4.4074865e-02
  -7.8568516e-03
   1.2537886e-01
  -4.4658391e-02
  -1.2298981e-01
  -6.8979744e-02
   4.1834436e-02
   1.3470440e-01
   4.3480792e-03
  -1.2906043e-01
  -1.6664913e-01
  -8.7498903e-02
  -1.7646508e-02
   1.3757204e-02
   7.2548356e-02
   1.0610827e-01
   1.4672126e-01
   1.6179862e-01
   8.2318570e-02
  -7.3541286e-03
  -7.7997427e-02
  -8.1758896e-02
  -1.7625884e-02
   4.9443095e-02
   6.5006843e-02
   4.8253688e-02
   1.1545586e-01
   1.6941130e-01
   1.6413886e-01
   2.6003131e-03
  -1.3681400e-01
   1.8620940e-02
   1.0091771e-01
   1.4169600e-02
  -1.1551332e-02
   1.3945494e-02
   1.9702504e-02
   1.9051913e-02
  -7.2770258e-02
  -1.0634127e-01
   2.7325174e-02
   7.7149572e-02
   2.2727658e-03
  -5.4230711e-03
  -3.9711059e-02
  -8.2190262e-02
   9.1524465e-03
   2.8175785e-02
   1.0382234e-01
   1.3631888e-01
  -5.2260044e-02
  -2.3094792e-01
  -2.4448952e-01
  -1.5384432e-01
  -1.3291281e-01
  -9.1407964e-02
   6.0494419e-02
   1.5235264e-01
   1.1273384e-01
  -7.7922489e-02
  -1.8983036e-01
  -8.0580509e-02
   5.8436298e-02
   1.4605217e-01
   7.1374693e-02
  -5.3344757e-02
  -1.2666902e-01
  -2.1945295e-01
  -1.6081309e-01
  -1.0116566e-01
  -1.7560707e-01
  -1.6740875e-01
  -4.4501273e-02
   1.9814754e-02
   1.0092479e-01
   1.0149942e-01
  -5.0223962e-02
   1.5438432e-02
  -1.4177865e-02
  -2.3862750e-01
  -2.5727938e-01
   7.3770430e-03
   7.4482263e-02
  -1.2128009e-01
   3.9369350e-02
   1.2962010e-01
  -1.5816900e-03
  -1.1431604e-01
  -1.2812134e-01
   1.0324535e-01
   1.4934410e-01
   1.0323276e-01
   9.2184896e-02
  -2.5450620e-01
  -2.3654860e-01
   1.2519860e-01
  -1.7563698e-02
  -1.2983657e-01
   2.4641729e-02
  -6.0206160e-02
  -1.2086919e-01
  -5.5015908e-02
  -5.1795223e-03
   3.4335351e-02
   1.3862134e-02
   4.2501323e-02
   6.3256424e-02
   2.4195800e-02
  -8.2984511e-04
  -9.1707087e-03
   2.8360926e-02
   4.7868450e-02
  -1.5433630e-02
  -2.0976059e-02
   6.2431554e-02
   7.6079028e-02
  -2.8711372e-02
  -1.9523346e-02
   7.8593469e-02
  -2.6325632e-02
  -8.5114580e-02
  -1.9900319e-02
   5.2761153e-02
   9.4164616e-02
   1.1822668e-01
   1.4395280e-01
   1.6315648e-01
   1.0984573e-01
  -3.9052753e-02
  -5.2324670e-02
   2.6390810e-02
   4.8894047e-02
   2.4671877e-02
   2.3069052e-02
   6.5932155e-02
   7.2307720e-02
   3.4559300e-02
  -2.4960609e-03
  -4.4335338e-02
  -4.2620814e-02
   1.1690030e-03
   1.9505477e-02
  -9.2759527e-03
  -8.3019147e-02
  -1.3578124e-01
  -1.3834583e-01
  -3.4800959e-02
   7.2237505e-02
   1.3603707e-01
   9.4916359e-02
  -9.3061011e-02
  -2.1048321e-01
  -1.5869090e-01
  -4.6949277e-05
   5.2986754e-02
   3.1723223e-02
  -7.4327900e-02
  -1.4585617e-01
  -3.2356733e-02
   6.7144941e-02
   1.4802245e-01
   2.1028327e-01
   1.3009949e-01
  -7.3491537e-02
  -2.3171856e-01
  -2.3127932e-01
  -1.0404354e-01
  -1.7658001e-02
   1.9538774e-02
   4.0736735e-02
   4.7811380e-02
   9.4947058e-02
   6.1447755e-02
  -7.3382672e-02
  -4.2826894e-02
   8.7522518e-02
   9.7817849e-02
   5.3681427e-02
   1.0076342e-02
  -1.7546459e-02
  -6.6415554e-03
   6.6715857e-02
   9.6596956e-02
   4.6439116e-02
  -5.0851963e-03
  -5.1756494e-02
  -3.8796688e-02
   2.1022580e-02
   5.5072978e-02
   6.7288913e-02
   4.7029489e-02
  -2.9538840e-03
  -2.0337589e-02
  -1.5325552e-02
  -2.5639539e-02
   1.5340115e-02
   6.8537750e-02
   1.0770779e-01
   8.5327115e-02
  -2.0522179e-02
  -1.0781170e-01
  -8.4278611e-02
   2.2657522e-02
   7.9811449e-02
   1.0738663e-01
   1.0658136e-01
   2.7748827e-02
  -6.6889978e-02
  -1.3998077e-01
  -1.1521183e-01
   1.4239028e-03
   7.0664749e-02
   6.6663825e-02
   9.6215181e-03
  -5.4635078e-02
  -1.3818918e-01
  -9.9975469e-02
   1.3391251e-02
   3.8292272e-02
   3.0378037e-02
   6.8984152e-03
  -4.0091810e-03
  -4.9711124e-02
  -3.5073476e-02
   5.2390319e-02
   5.5956334e-02
   5.1862919e-02
   5.5589043e-02
  -6.6055111e-04
  -7.8590478e-02
  -1.1486076e-01
  -7.3249169e-02
  -8.9488856e-03
   1.7031417e-02
   1.9996511e-02
  -6.8383309e-04
  -7.5304064e-02
  -7.2749241e-02
  -1.3053715e-02
   1.7450189e-02
   5.2402678e-02
   4.0791521e-02
  -3.7001558e-02
  -2.9525537e-02
   5.7717144e-02
   2.8103445e-02
  -1.0284390e-02
   1.8820171e-02
   2.3968309e-03
  -1.0654121e-02
  -7.8961311e-03
  -2.1375388e-02
  -2.4970606e-03
   3.4472397e-02
   4.0818206e-02
   4.1181326e-02
   3.0068523e-02
  -8.2605098e-03
  -2.9254122e-02
   4.3128693e-03
   4.4125244e-02
   3.3556294e-02
   1.1846204e-02
  -1.8669036e-02
  -2.3134150e-02
  -1.3683368e-02
   2.4092917e-02
   6.7107629e-02
   6.6170037e-02
   6.6976172e-03
  -6.5366263e-02
  -6.4245340e-02
  -6.9677802e-03
   5.2411179e-02
   9.8320848e-02
   9.9071803e-02
   7.0732681e-02
   1.2336765e-03
  -3.0091351e-02
  -3.8316911e-04
  -1.1970970e-03
  -1.2289929e-02
   1.7742070e-02
   2.2599823e-02
  -3.6857507e-02
  -2.8496712e-02
  -1.6138300e-02
   3.7044537e-03
   6.8289085e-02
   4.3576039e-02
   1.2169256e-02
  -4.8920890e-02
  -5.5171059e-02
   4.7639857e-02
   7.1629577e-02
   1.0030057e-01
   1.3893384e-01
   4.7837593e-02
  -5.9348858e-02
  -8.9488069e-02
  -1.1194982e-01
  -7.0562575e-02
   9.4558199e-02
   1.0892239e-01
   5.6528131e-03
  -5.2384494e-02
  -3.8162312e-02
   1.4472423e-02
   1.5919311e-02
   1.0426237e-02
   2.9213819e-02
   4.9560776e-02
   3.3909338e-02
   1.4852781e-02
  -7.2876761e-02
  -3.7339488e-02
   6.1741840e-02
   6.1661470e-02
   5.5762928e-02
  -3.1352547e-02
  -3.5069068e-02
  -4.3391764e-03
  -2.1112238e-02
   1.1959083e-02
   1.9436049e-02
   5.2978568e-02
   5.4084771e-02
   1.9423218e-03
  -2.1494092e-02
  -1.4170309e-02
   5.1843397e-03
  -1.0226927e-02
   8.0899311e-03
   2.4938962e-02
   2.4793730e-02
   3.6567594e-02
   1.8906287e-02
  -5.4395780e-03
  -4.2608141e-02
  -4.5832526e-02
  -7.2092115e-03
  -3.0018066e-03
  -2.2310146e-02
  -5.1474925e-02
  -4.1706365e-02
  -3.9740971e-02
  -6.2346383e-02
  -1.8131008e-02
   2.1592724e-02
   3.5514997e-04
  -7.1947120e-02
  -7.3065839e-02
  -1.0177257e-02
  -1.6635473e-02
  -3.3626116e-02
  -9.2482445e-03
  -1.7315820e-03
   3.8122087e-03
   3.8506381e-02
   3.4574728e-02
  -2.5814054e-02
  -4.8168281e-02
  -5.5491986e-03
   2.7902009e-02
   2.7456788e-02
   1.0251722e-03
  -2.5352067e-02
  -1.7426181e-02
  -3.4971459e-03
  -9.8787637e-03
  -2.2027947e-02
  -5.2844514e-02
  -9.4383448e-02
  -6.2152189e-02
   1.1110598e-02
  -3.9396429e-02
  -6.7481375e-02
  -2.8153115e-02
  -4.6636222e-03
   2.4653064e-02
   3.6459123e-02
   3.5589463e-02
   4.2840984e-02
   5.7457694e-02
   5.7123385e-02
   2.5205890e-02
  -9.7900502e-03
  -3.8039120e-03
   3.7967646e-02
   3.8254961e-02
   1.9659447e-03
  -5.9091455e-02
  -6.7924470e-02
   1.8336694e-02
   4.6997452e-02
   2.8803155e-02
  -2.3960752e-03
  -1.7744904e-02
  -3.0121657e-02
  -6.2840014e-02
  -4.5977994e-02
  -1.2986334e-02
  -8.9189733e-03
  -7.3561595e-03
   3.2732998e-02
   4.3123262e-02
  -7.8847959e-03
  -4.8974810e-02
  -5.1069220e-02
   8.2856991e-04
   3.4072989e-02
   3.5550498e-02
   1.0486849e-02
  -2.3921709e-03
   3.0082456e-02
   1.6843364e-02
  -3.7691193e-02
  -2.8216245e-02
   2.1358621e-02
   4.1109064e-02
   2.5100961e-02
   3.9319365e-03
   4.1548223e-03
   5.8080263e-03
   2.2450419e-02
   2.6585003e-02
  -9.9896752e-04
  -3.0407240e-03
  -5.7058365e-03
  -5.2496272e-02
  -5.9976465e-02
  -1.2362033e-02
   3.1434806e-02
   7.3043404e-02
   4.8968670e-02
  -3.7161510e-02
  -6.0500717e-02
  -6.6190424e-02
  -5.7225638e-02
  -1.0791796e-02
   1.1494656e-02
  -4.0284272e-03
  -2.4914796e-02
  -7.1251423e-03
   3.0070019e-02
   3.7889638e-02
  -6.8534287e-03
  -4.4518669e-02
  -3.6651978e-02
   1.0400969e-02
   1.9235637e-02
   1.5140017e-03
   8.3226171e-03
  -4.7890097e-03
  -2.6706148e-02
  -1.5768726e-02
   2.7329897e-02
   5.8114583e-02
   4.1535629e-02
   1.0199061e-02
   5.5022678e-03
   1.7689881e-03
   2.7848009e-02
   4.2616564e-02
   2.2591872e-02
   7.5279898e-03
  -3.3102808e-04
   5.9868859e-03
  -7.6362486e-03
  -3.9944611e-02
  -5.1976585e-02
  -2.5420078e-02
   6.5708443e-03
   3.9100534e-02
   4.6730524e-02
   2.3738457e-02
  -2.7330606e-02
  -6.7878500e-02
  -3.7924903e-02
  -8.5870258e-03
   1.7410673e-02
   4.1908351e-02
   3.1955358e-02
  -8.4931171e-05
  -3.5050018e-02
  -3.4023240e-02
   8.0309725e-03
   8.0867825e-03
  -1.6988832e-02
   1.4090018e-02
   7.8212323e-02
   8.5131898e-02
   3.7045954e-02
  -9.8123269e-03
  -5.5203568e-02
  -4.5303788e-02
   1.3929908e-02
   3.4943043e-02
   4.3516214e-02
   3.4900615e-02
  -2.0302797e-02
  -9.1699215e-02
  -1.0462919e-01
  -6.6860617e-02
  -7.8614093e-02
  -5.2958023e-02
   2.5325539e-02
   6.7598505e-02
   6.5312499e-02
  -2.9300250e-02
  -1.0044068e-01
  -9.0305146e-02
  -8.1524320e-02
  -2.1788177e-02
   4.3732134e-02
   8.2313847e-02
   5.8676147e-02
  -2.2938540e-02
  -5.9873189e-02
  -3.2660264e-02
   1.8472717e-02
  -2.7751660e-03
  -1.6897442e-02
  -1.6561559e-02
  -2.2119180e-02
   2.0714956e-02
   5.7486977e-02
   4.6892365e-02
   2.1129950e-02
   3.0048451e-02
   2.3666589e-02
   1.8543561e-02
   2.3298983e-02
   2.8186333e-02
   2.7251260e-02
  -7.6498272e-03
  -3.9871955e-02
  -4.4126661e-02
  -4.9035737e-04
   7.8605512e-03
  -1.9473203e-02
  -4.0927544e-02
  -4.2314292e-02
  -4.7201013e-03
   3.3908078e-02
   6.1566302e-02
   2.3868339e-02
  -5.4486304e-02
  -1.0718275e-01
  -1.0622320e-01
  -3.2976153e-02
   2.7985370e-02
   7.4645364e-02
   8.4133772e-02
   2.6296665e-02
  -2.1388533e-02
  -6.3611199e-02
  -5.6661398e-02
   2.5339078e-02
   7.7415791e-02
   1.1750878e-01
   8.3075035e-02
  -1.2762543e-02
  -8.9495941e-02
  -9.5134404e-02
  -3.7923171e-02
  -4.8783057e-02
  -2.8125092e-02
   2.9470199e-02
   4.4265832e-03
  -4.4176882e-02
   4.4518590e-03
   5.5467820e-02
   4.6522398e-02
   3.8424595e-02
   7.4295154e-03
  -4.0084883e-02
  -2.7044944e-02
  -2.9946828e-02
  -3.0917559e-02
   2.2128547e-02
   7.0998271e-02
   8.4273888e-02
   7.5045008e-02
   4.8215196e-02
  -2.8455229e-02
  -2.8617621e-02
   3.2422619e-02
   1.7086125e-02
   1.2233253e-02
   1.8747044e-02
   1.8262386e-03
   6.7804506e-03
  -3.6718415e-03
  -5.3533362e-04
   1.9771775e-02
   1.6945302e-02
   1.1476158e-02
   1.0600279e-02
   2.4968009e-02
   3.6784458e-03
  -4.0954465e-02
  -3.6066957e-02
   9.4956504e-03
   1.1449788e-02
   7.5145371e-03
  -5.8159609e-03
  -2.7208753e-02
   1.5152454e-02
   5.1471540e-02
   1.0806753e-01
   6.4925371e-02
  -1.0382471e-01
  -1.8736653e-01
  -1.4292713e-01
  -2.7678848e-02
   5.2536889e-02
   1.1767960e-01
   9.9847161e-02
   1.2866527e-02
  -3.9286383e-02
  -3.2965369e-02
   8.4223509e-03
   6.1440198e-03
   1.4416062e-02
   1.8113848e-02
   1.1806295e-02
   4.2946543e-02
   7.4680944e-02
   7.1037472e-02
   3.1078771e-02
   2.4608825e-02
   5.8736129e-03
  -7.4110643e-02
  -5.6758849e-02
   3.2153645e-02
   8.7308409e-02
   2.6040915e-02
  -1.2939655e-01
  -1.1688692e-01
  -2.5714477e-03
   5.6780417e-02
   1.0575877e-01
   9.9840863e-02
   1.6033135e-02
  -5.4994497e-02
  -1.1707820e-01
  -1.4684170e-01
  -7.4983136e-02
  -1.7703341e-02
   5.3213064e-02
   6.7114713e-02
  -5.6340471e-02
  -1.2269463e-01
  -1.4837431e-01
  -9.1624435e-02
   5.5811417e-02
   1.3044663e-01
   1.2196650e-01
   5.7057972e-02
  -1.3443991e-02
  -2.8854243e-02
   1.6839743e-02
   1.7677365e-02
  -6.3196521e-03
  -1.8838591e-02
  -1.6265348e-02
  -4.5753259e-02
   5.1788296e-03
   9.2146325e-02
   1.8619523e-02
   2.5398824e-02
  -1.0932227e-02
  -4.1253194e-02
   3.9561891e-02
   5.3338145e-02
   4.6166914e-02
   4.8907114e-02
   2.9135103e-02
  -6.6058968e-03
  -2.9183514e-02
  -6.3189673e-03
   1.9492961e-03
  -3.2463473e-03
   2.5527447e-03
   5.1161319e-03
   1.5920098e-03
  -6.7217360e-03
  -2.1309895e-02
  -4.4636350e-02
  -4.6266254e-02
  -7.8762945e-03
   6.3300269e-02
   4.8360113e-02
  -2.4168249e-02
  -1.6766851e-02
   2.9070555e-02
   1.0305958e-02
   9.8246067e-03
   2.5159998e-02
   1.0709065e-02
   1.2763330e-02
  -7.7536464e-03
  -7.0313831e-03
   3.8805347e-02
   2.5473290e-02
   5.9198588e-03
  -1.2800563e-02
   3.8335960e-03
   1.2557014e-01
   5.1637553e-02
  -1.4727543e-01
  -1.2469875e-01
   4.0491218e-03
   2.3565989e-02
   8.5392449e-03
   2.4627088e-02
  -5.0087783e-03
  -3.0263740e-02
   2.6659784e-02
   4.1820976e-02
   3.1648363e-03
   4.4587074e-03
   4.5017810e-02
   3.6804767e-02
  -2.4555770e-02
  -1.6025499e-02
  -8.8432481e-03
   6.0062266e-03
   1.4673701e-02
   1.0061543e-03
  -2.8719322e-02
  -1.0881691e-02
   4.2895692e-02
   7.0736932e-02
   5.3302801e-02
  -6.4157020e-03
  -4.6497208e-02
   8.2824717e-03
   9.1512657e-02
   1.1258192e-01
   3.8207022e-03
  -1.5597439e-01
  -1.2870778e-01
  -6.6770880e-02
  -5.7553807e-02
  -4.0977214e-02
   1.4074196e-02
   2.2422002e-02
  -4.2733458e-02
  -1.0333273e-01
  -1.1081709e-01
  -3.6678899e-02
  -2.2529293e-02
   9.1929068e-03
   1.0046666e-01
   1.2062202e-01
   7.1017871e-02
  -1.6131058e-03
  -3.5103939e-04
   2.8672722e-02
   2.3409186e-02
  -1.0873583e-02
  -4.3065169e-02
  -2.6119789e-02
   1.8973590e-02
   2.1900033e-02
  -2.4195721e-02
  -3.6380170e-02
   2.2641779e-02
   2.7440966e-02
  -2.5025157e-02
  -4.8554385e-02
  -7.6008891e-02
  -9.5062772e-02
  -4.9700340e-02
   7.0122235e-02
   6.0858877e-02
  -1.0384360e-02
   1.2231285e-02
   1.4776977e-02
   2.5916306e-02
   3.7226215e-02
   5.9285098e-02
   6.5818961e-02
   4.8548167e-02
   4.3134833e-02
   2.5006816e-02
  -3.6699129e-03
  -1.7269928e-02
   7.0283210e-04
   2.1529121e-02
   4.0763892e-02
   6.5836200e-02
   4.3965528e-02
  -3.8787557e-02
  -9.8305104e-02
  -7.3747130e-02
   7.4063413e-04
   7.9273816e-03
  -1.7540792e-03
   3.3804094e-02
   5.0010011e-02
   3.6610967e-02
  -2.8265128e-04
  -4.5576934e-02
  -6.5969152e-02
  -3.4863933e-02
  -1.5641363e-02
   2.2937202e-02
   9.5525625e-02
   1.2969252e-01
   1.0031789e-01
   1.5047447e-02
  -4.1512250e-02
  -8.7592576e-02
  -5.4578245e-02
   3.4052995e-02
   1.2930917e-02
  -5.0945084e-02
  -3.9913124e-02
   1.3279631e-02
   1.9604345e-02
  -1.3105038e-02
  -9.9080462e-03
  -2.4387160e-02
  -4.7148587e-02
  -3.3088246e-02
  -5.9921048e-02
  -4.3541561e-02
   8.2846758e-03
  -7.9550898e-03
  -5.4802114e-02
  -1.9149285e-02
   5.3397340e-02
   8.0483688e-02
   2.1372947e-02
  -1.4890092e-01
  -1.9805466e-01
  -1.3065208e-01
  -7.7793945e-02
  -1.3627637e-02
   3.6280042e-02
   5.6517111e-02
   9.2204575e-02
   7.8568831e-02
  -4.3504564e-03
  -8.3756720e-02
  -8.7244649e-02
  -2.8399576e-02
  -1.1206475e-02
   1.6780705e-02
  -3.4950914e-03
  -2.2585024e-04
   3.5489257e-02
   2.3803005e-02
   2.7389486e-02
   3.9807172e-02
  -8.0195586e-03
  -6.3993447e-02
  -4.8835718e-03
   3.1641909e-02
   1.9884261e-02
   1.4420863e-02
  -1.0161907e-03
  -4.9756386e-02
  -4.5657067e-02
  -9.5021052e-04
  -1.9463049e-02
  -2.0825159e-02
   1.4069866e-02
   2.0625377e-02
  -1.1620288e-03
  -1.1049278e-02
  -2.4339851e-02
  -2.7814161e-02
   8.2431134e-03
   5.3005174e-02
   4.8658764e-02
  -1.6718283e-02
  -6.5244173e-02
  -4.2855468e-02
   1.8576701e-02
   5.1454380e-02
   3.2708832e-02
  -1.3883387e-02
  -4.5539150e-02
  -2.4406839e-02
   3.2771491e-02
   3.3198449e-02
  -4.6503033e-03
  -3.8336590e-02
  -7.0037300e-02
  -5.2170700e-02
   1.2768525e-02
   6.7502628e-02
   6.3608287e-02
   1.3569623e-02
  -2.2040385e-02
   1.3334261e-03
   4.9647600e-02
   5.9729059e-02
   4.8448433e-02
   1.3649756e-02
  -3.1181811e-03
  -2.7720489e-03
  -2.6392305e-02
  -1.2257025e-02
   4.5219640e-02
   5.6841423e-02
   1.0764954e-02
  -3.3074234e-02
  -3.1753056e-02
   1.1488201e-03
  -7.7819686e-04
  -5.8128280e-02
  -5.6485624e-02
   1.0995436e-02
   2.7093197e-02
   1.8157457e-02
  -1.4258471e-02
  -2.7441675e-02
  -1.2010564e-02
  -2.7248977e-02
  -4.5990668e-02
  -7.0648691e-02
  -5.9957494e-02
  -1.7249620e-02
   1.9464151e-02
   7.9483201e-02
   1.1370363e-01
   4.0781367e-02
  -9.4283478e-02
  -8.5271226e-02
   3.3960739e-02
   1.0212049e-01
   8.8818191e-02
   1.2231757e-02
  -3.8162863e-02
  -6.5910981e-02
  -3.6113478e-02
   7.0140025e-02
   4.0096219e-02
  -1.0513927e-01
  -1.7280949e-01
  -1.1566524e-01
  -2.0202590e-02
  -1.3957223e-02
  -3.9129265e-02
  -4.0735475e-02
   3.0029322e-02
   9.3729314e-02
   7.5356961e-02
   2.9361728e-02
  -2.3321338e-03
  -4.4086752e-03
   3.8603990e-02
   7.8078033e-02
   1.0939311e-01
   9.7066894e-02
   4.5327875e-02
   3.0560265e-03
  -2.3415404e-02
   1.4158265e-02
   6.1444449e-02
   9.6787450e-02
   5.4655702e-02
  -7.2515453e-02
  -1.7951298e-01
  -1.8298674e-01
  -9.1087588e-02
  -2.7521651e-02
   3.5794362e-03
   1.9071907e-02
  -2.1330755e-02
  -1.2158787e-01
  -1.3901020e-01
  -3.7654196e-02
   2.5105999e-02
   1.0386170e-01
   1.8679033e-01
   1.3389913e-01
   7.1316758e-02
   5.0502383e-02
   6.2252631e-02
   1.0736223e-01
   1.1807082e-01
   1.1627057e-01
   1.9340094e-02
  -1.7241905e-01
  -3.9219474e-02
   4.5109594e-02
  -1.9863716e-01
  -1.9160384e-01
  -6.7340472e-02
   5.1592764e-02
   1.7041651e-01
   4.4679093e-02
  -7.6542589e-03
   3.8867533e-02
   3.0849234e-02
   5.8565157e-02
  -1.4567355e-02
   7.4643081e-02
   1.6126965e-01
   8.8071959e-02
  -5.9257626e-02
  -9.9688153e-02
  -7.9908271e-03
   5.8952521e-02
   1.0186466e-01
   6.4411195e-02
  -7.2217747e-02
  -8.6523605e-02
   2.9660614e-02
   8.7683887e-02
   9.4815602e-02
   4.1673225e-02
  -3.7456539e-03
  -1.4025392e-02
  -3.4200904e-03
  -1.7416262e-02
  -4.1540588e-02
  -5.8147881e-02
  -1.0811869e-01
  -1.1700657e-01
  -9.4375577e-02
  -4.2630575e-02
   3.0781695e-02
   8.4146367e-02
   1.4954640e-01
   1.8038280e-01
   1.7595185e-01
   1.3135580e-01
   2.5394022e-02
  -4.3355633e-02
  -6.6765448e-02
  -3.0448645e-02
  -2.6934977e-02
  -3.2953168e-02
   3.5393301e-02
   9.4322049e-02
   1.4222734e-01
   1.2641083e-01
  -1.8434775e-03
  -9.8497960e-02
  -1.2813394e-01
  -1.1732852e-01
  -8.2697196e-02
  -7.3839307e-02
  -4.5022533e-02
  -1.8091650e-02
   8.4255783e-03
   3.8066750e-02
   4.0093149e-02
   5.3490697e-02
   5.1555216e-02
  -1.9402358e-02
  -6.0818259e-02
  -8.7063601e-02
  -9.9733022e-02
  -1.0262507e-01
  -7.8608031e-02
   3.5022153e-02
   1.0290608e-01
   3.0791062e-02
  -1.1922716e-01
  -1.3960687e-01
  -4.7626003e-02
   2.5677008e-02
   7.5265650e-02
   5.6123450e-02
  -4.5048825e-02
  -5.0192712e-02
   3.6541932e-02
   1.8116682e-02
   2.0240453e-02
   4.9067302e-02
   2.3110929e-02
  -1.5679068e-02
  -5.9239678e-02
  -1.0576822e-01
  -1.0420333e-01
  -4.0773417e-02
   1.2323934e-02
   5.5667838e-02
   4.4333607e-02
  -3.5469026e-02
  -6.5474891e-02
  -1.6616109e-02
   1.5526673e-03
   6.7498378e-03
   1.3102047e-02
  -3.3723094e-02
  -4.6186278e-02
  -9.4699889e-03
   1.0713631e-02
   2.0181573e-02
   3.8595095e-02
   3.3706406e-02
   7.6753628e-04
  -1.8631566e-02
  -3.0843409e-02
  -2.1803920e-02
   9.7317999e-03
   9.5386296e-04
  -3.9677132e-02
  -2.3460824e-02
   3.0346156e-02
   4.6261452e-02
   3.5619217e-02
  -5.5400596e-03
  -4.5739326e-02
  -2.2952630e-02
   3.7712211e-02
   4.8749524e-02
   3.3222615e-02
   3.0353398e-02
   1.1400354e-03
  -3.6340733e-02
  -2.8883761e-02
   1.8342441e-02
   7.0462605e-03
  -2.3913444e-02
  -3.0190613e-02
  -7.6108310e-02
  -6.2439032e-02
  -1.3406208e-02
   4.7020831e-03
   3.7822886e-02
   2.7115946e-03
  -2.5875216e-02
  -5.0652023e-03
  -2.6111130e-02
  -7.1037550e-02
  -6.8826483e-02
  -2.3134859e-02
   1.4307433e-02
   2.8089276e-02
   4.6456276e-02
   4.8412853e-02
   1.7658237e-02
   3.2072960e-03
   5.5685707e-03
   2.9633929e-02
   3.6961098e-02
   2.3946662e-02
   3.5829233e-02
   4.1595925e-02
   4.3289432e-02
   5.5081715e-02
   7.4077031e-02
   2.3352904e-02
  -7.9509178e-02
  -1.3963993e-01
  -1.5008010e-01
  -8.2981363e-02
  -3.3785910e-02
  -8.5656150e-03
   2.1628146e-02
   3.1737628e-02
   2.5594277e-03
  -1.7114621e-02
   3.0689754e-02
   9.1066335e-02
   7.6371774e-02
   4.1979668e-03
  -4.2402612e-03
   1.7947756e-02
  -9.7321935e-03
  -4.1536022e-02
  -3.0077261e-02
  -1.7344237e-02
  -3.2418211e-02
  -3.0326792e-02
  -4.7729751e-02
  -1.3265384e-02
   8.9981621e-02
   1.3838755e-01
   8.8959094e-02
  -1.3232402e-02
  -6.3107571e-02
  -6.2007823e-02
  -1.7137763e-02
   2.4138022e-02
   5.3812490e-02
   5.8019809e-02
   2.4939986e-02
   6.7116052e-03
   5.4518341e-02
   8.6542497e-02
   2.9558991e-02
  -1.4214941e-02
  -2.6583822e-02
   2.6264076e-03
   1.6908147e-02
   8.3408006e-03
   4.0737758e-02
   7.8895189e-02
   9.0346866e-02
   4.7263277e-02
  -6.7135259e-03
  -4.6464384e-02
  -6.6543861e-02
  -7.8379439e-02
  -7.7703106e-02
  -1.0572256e-02
   5.2005553e-02
   9.4124471e-02
   6.8242013e-02
  -2.4496261e-02
  -8.2511425e-02
  -6.6508596e-02
   1.3624567e-02
   2.1873899e-02
  -1.9472495e-02
  -2.9160843e-02
  -2.1863430e-02
   3.7935293e-02
   9.0637330e-02
   7.2004346e-02
   4.8424110e-03
  -5.7901262e-02
  -6.8494693e-02
  -5.2852149e-03
   3.6583652e-02
   4.1771935e-02
   2.0857669e-02
  -2.2156255e-02
  -4.3116728e-02
  -2.3091486e-02
   1.1284640e-02
   2.0685910e-02
   2.3059055e-02
   5.6105896e-02
   2.4231695e-02
  -7.5805252e-02
  -8.2045424e-02
   3.3175857e-03
   3.7816038e-02
  -4.6712419e-03
  -5.4502441e-02
  -4.3652551e-02
   9.2289589e-03
   4.4732542e-02
   3.9572675e-02
  -2.7723952e-02
  -4.0449577e-02
   2.6353026e-02
   7.1102570e-02
   6.2596701e-02
   2.4067728e-02
  -8.8300237e-03
  -5.1740121e-02
  -6.3256739e-02
  -6.2004281e-02
  -7.2256633e-02
  -7.8791283e-02
  -5.7672197e-02
   2.5030903e-02
   7.4789651e-02
   4.5057090e-02
  -2.4686361e-02
  -7.0423404e-02
  -7.7507338e-02
  -5.6291037e-02
  -3.6782647e-02
  -3.2133729e-02
  -3.4141630e-02
  -1.9373942e-02
   3.9780093e-03
   3.1633565e-02
   5.5809528e-02
   4.7627263e-02
  -2.6431506e-04
  -3.5604655e-02
  -4.6431638e-02
  -4.8326186e-02
   2.1207092e-03
   3.6117178e-02
   3.6267684e-02
   2.6028556e-02
   3.5584582e-02
   4.4645875e-02
   1.8496568e-02
   1.5177565e-02
   2.8656034e-02
  -8.0547449e-03
  -3.0516105e-02
   4.0492005e-03
   2.0754314e-03
  -2.3626207e-02
  -5.3681191e-03
   1.9271846e-02
   2.8290003e-02
   2.6101841e-02
   4.9116579e-02
   6.0350683e-02
   1.9202261e-02
  -1.7687362e-02
  -2.5344667e-02
   1.0182137e-02
   1.3224294e-02
  -2.6044142e-02
  -4.3172853e-02
  -3.2932230e-02
   1.5175125e-02
   3.6403155e-02
  -1.3764761e-02
  -4.5743104e-02
  -1.6448679e-02
  -6.9120410e-04
  -2.5938426e-02
  -2.4507439e-02
   2.8310075e-02
   7.4457310e-02
   5.8644660e-02
  -8.3722085e-03
  -3.7105621e-02
   5.8836965e-03
   4.8259435e-02
   3.4784980e-02
  -4.2977479e-04
  -3.7785417e-02
  -4.9655787e-02
  -3.5390625e-02
  -3.5394324e-02
  -2.0854678e-02
  -2.0882544e-02
  -1.8305523e-02
   4.6899843e-03
   2.5849634e-02
   1.7937444e-02
  -3.0198248e-02
  -2.8882659e-02
   1.5054295e-02
   3.0294991e-02
   1.6000389e-02
   2.2655790e-02
   3.0844432e-02
   1.1506778e-02
   2.7573289e-02
   3.8607611e-02
   5.9752438e-03
  -6.9594756e-03
   2.8240569e-02
   3.9674692e-02
   1.8533171e-03
  -5.1434701e-02
  -5.6781205e-02
  -2.9295449e-02
  -1.0046272e-03
   4.6446672e-02
   9.1232427e-02
   9.4855747e-02
   3.2139240e-02
  -3.7700797e-03
  -2.7404678e-02
  -3.7972841e-02
  -8.8878803e-03
  -3.8710966e-02
  -5.1074258e-02
   1.3641255e-02
   6.8647717e-02
   5.7123149e-02
  -2.6293516e-02
  -1.1133820e-01
  -9.6648122e-02
   5.9519830e-03
   6.2251057e-02
   7.1597618e-02
   3.0394882e-02
  -5.9016360e-02
  -5.3288947e-02
   2.1564543e-02
   6.7040641e-02
   6.9237304e-02
   6.9829567e-03
  -7.3337647e-02
  -9.5450057e-02
  -2.3494200e-02
   1.6205288e-02
   4.0679429e-02
   3.2369722e-02
  -2.8101870e-02
  -6.5789364e-02
  -5.7411724e-02
  -1.5605153e-02
  -1.2358648e-02
   1.2404461e-02
   5.0235534e-02
   4.3899406e-02
   2.7730564e-07
  -3.7295643e-02
  -2.0510057e-02
   1.6760003e-02
   1.8776956e-02
   2.1778180e-02
   3.5187851e-02
   4.5175322e-02
   5.6342675e-03
  -4.0293010e-03
   6.0918859e-02
   7.5676314e-02
   6.3075219e-03
  -7.5670804e-02
  -8.9469964e-02
  -3.4938871e-02
   2.1270852e-03
   2.2785436e-02
   3.5220518e-02
   1.5320435e-02
  -5.1841587e-02
  -5.8131507e-02
   4.1237372e-02
   5.9239049e-02
  -1.1757805e-03
  -2.2407518e-02
   5.5161219e-03
   2.2047548e-02
   2.0483451e-02
   1.9945109e-03
  -1.8687770e-02
  -1.5849332e-02
  -2.9675570e-02
  -3.9909739e-02
  -1.9024755e-02
  -1.4573731e-02
  -2.2309201e-02
  -3.4534819e-02
  -4.2019263e-02
  -1.0599177e-02
   9.7048789e-03
   2.3598105e-03
  -3.8044237e-02
  -3.4427056e-02
   2.6063821e-02
   2.4329775e-02
  -2.6405608e-02
  -3.1399698e-02
   8.6851853e-03
   2.8028113e-02
   1.8089761e-02
   5.6529076e-03
   1.0482913e-02
   1.2021348e-02
  -1.0747715e-02
  -5.9577451e-03
   1.2517813e-02
   8.0863102e-03
  -3.5460053e-03
   1.7275360e-02
   2.3738378e-02
   2.1298324e-02
   8.5229506e-03
  -5.8759272e-02
  -7.5547927e-02
  -3.2068788e-02
  -6.2981625e-03
   1.6876897e-02
   9.6302557e-03
  -2.1240940e-02
  -1.4523903e-04
   2.7869893e-02
   3.8275742e-02
   6.1184606e-02
   5.7880717e-02
  -9.8753001e-03
  -5.8286107e-02
  -4.4469314e-02
   1.2151545e-02
   5.7354654e-02
   7.7010952e-02
   6.8215091e-02
  -2.9061109e-03
  -3.5013651e-02
  -1.3120624e-03
  -8.0755260e-03
  -6.7109046e-03
   5.2542400e-02
   5.8001232e-02
  -2.1841468e-02
  -4.6767206e-02
  -1.8871809e-02
  -2.3230106e-02
  -1.7853375e-02
   1.8625033e-03
  -1.1624381e-02
  -5.0544339e-02
  -6.7673837e-02
  -5.9764324e-02
  -2.6858386e-02
   3.0250122e-03
   2.6436150e-02
   1.5331220e-02
  -7.4087264e-02
  -8.4960296e-02
   2.8700352e-02
   7.5118371e-02
   4.5263800e-02
   2.0076172e-02
  -3.6242652e-02
  -5.1967927e-02
   1.0481496e-02
   4.2234631e-02
   4.8773532e-02
   3.3622573e-02
   9.9170199e-03
  -5.5626276e-03
  -2.4370078e-02
  -2.4880397e-02
  -9.9805441e-03
   7.8481849e-03
   3.9270325e-02
   5.3249510e-02
   2.2099028e-02
  -3.8059272e-02
  -5.6183117e-02
  -1.5925057e-02
  -1.5163081e-03
   6.7666988e-03
   7.4260755e-03
  -7.7403197e-03
  -1.4809172e-02
  -6.6630686e-03
  -2.1080201e-02
  -3.1101126e-02
  -1.0186466e-02
   5.2622690e-03
   2.8831887e-02
   3.8085878e-02
   2.1487716e-02
  -6.4919940e-03
  -3.1795248e-02
  -1.8547025e-03
   5.8498956e-02
   8.0560830e-02
   4.6332376e-02
  -2.0356088e-02
  -4.5501996e-02
   5.6872280e-04
   4.8396244e-02
   6.5140110e-02
   3.7389394e-02
  -1.3647552e-02
  -4.1398898e-02
  -2.3448780e-02
  -1.1674130e-03
   1.6296363e-02
   1.8786087e-02
  -1.8893456e-02
  -3.1445905e-02
  -1.0148919e-03
   2.1683878e-02
   2.4544278e-02
  -9.6593808e-03
  -2.4712652e-02
   2.0494314e-02
   2.7022667e-02
  -4.9545820e-03
   2.1549272e-03
   2.2839200e-02
  -7.9752412e-03
  -2.4779483e-02
   5.9941672e-03
   3.1629708e-02
   2.2002679e-02
  -3.5250116e-02
  -8.3074248e-02
  -6.5424985e-02
   1.1745053e-02
   5.1264122e-02
   4.0588905e-02
  -9.9422879e-03
  -7.8931399e-02
  -7.5539741e-02
  -9.8751427e-03
   1.7377298e-02
   9.8031958e-03
   1.5720551e-02
  -1.7330776e-02
  -4.7117022e-02
  -2.3598735e-02
   9.6874038e-04
   5.8468257e-03
  -2.2366979e-02
  -3.9344476e-02
  -6.3054831e-03
   2.5971329e-02
   3.1053818e-02
   1.2681071e-02
  -6.7380775e-03
  -2.7697661e-02
  -3.5028529e-02
  -3.4120455e-03
   2.8341247e-02
   3.5001686e-02
   9.0407478e-03
  -2.6007303e-02
  -2.3453503e-02
   2.0027210e-02
   5.6339054e-02
   5.0460978e-02
   1.2260725e-02
  -2.2796771e-02
  -1.9396612e-02
   1.9186597e-03
   3.1852161e-03
   2.5318927e-02
   4.2626875e-02
   1.8355665e-02
  -1.5536906e-02
  -3.0756978e-02
  -3.4567093e-03
   1.5032805e-02
  -1.7421851e-02
  -4.1867970e-02
  -1.0993153e-02
   4.2673948e-02
   5.7283101e-02
   1.1539367e-02
  -1.1384138e-02
  -1.0625626e-02
  -8.2078485e-03
   2.3048192e-02
   3.3597542e-02
   1.4032161e-02
   5.4093902e-03
