  -3.1838535e-05
  -3.7780656e-05
  -3.5103478e-05
  -4.6746272e-05
  -4.5923989e-05
  -5.3243863e-05
  -4.4804945e-05
  -5.4949262e-05
  -6.8064228e-05
  -1.0272051e-04
  -1.3374146e-04
  -1.8231984e-04
  -1.9798457e-04
  -1.8971711e-04
  -1.5392628e-04
  -1.2124749e-04
  -6.9019918e-05
  -1.1851477e-05
   6.9824586e-05
   1.4213928e-04
   1.8856859e-04
   1.9254378e-04
   2.0028513e-04
   2.0679576e-04
   2.2254152e-04
   2.0331497e-04
   8.8961412e-05
  -9.0250971e-05
  -1.9571924e-04
  -2.3624272e-04
  -2.6791391e-04
  -3.2708028e-04
  -3.9013847e-04
  -4.5278328e-04
  -5.1527190e-04
  -5.8295822e-04
  -6.6068646e-04
  -6.9703041e-04
  -3.4425288e-05
   1.9636631e-03
   3.1108791e-03
   2.2591309e-03
   7.4399170e-04
  -4.3465123e-04
  -4.3796644e-04
   1.3635558e-03
   4.2631918e-03
   5.9719963e-03
   2.1459113e-03
  -5.0317957e-03
  -7.4258365e-03
  -4.2708134e-03
  -2.9496988e-04
   4.4044080e-04
  -1.0516916e-03
  -1.4264895e-03
  -3.4825508e-04
   6.5107788e-04
  -2.0527379e-03
  -4.5486893e-03
   4.5819706e-04
   7.1735145e-03
   3.4994146e-03
  -8.9739422e-03
  -1.3624049e-02
  -6.1832628e-03
   3.7196062e-03
   1.0416767e-02
   5.4481516e-03
  -1.0720725e-03
   1.3185545e-03
   7.8077486e-03
   1.3157125e-02
   1.6050032e-02
   9.8984769e-03
   8.9518173e-04
   1.5584400e-04
   2.1316076e-04
  -4.9638240e-03
  -9.6397077e-03
  -6.1991049e-03
   2.3670542e-03
   5.1222915e-03
  -2.5514867e-03
  -1.3466920e-02
  -1.3284425e-02
   2.5189218e-03
   1.4111054e-02
   3.0175531e-04
  -2.5178179e-02
  -2.0160041e-02
   1.5163864e-02
   2.8222930e-02
  -1.3716353e-03
  -3.4247491e-02
  -2.6325172e-02
   9.7490637e-03
   1.2793427e-02
  -1.0692189e-02
  -1.0000399e-02
   1.9263773e-02
   3.2981301e-02
   6.5285938e-03
  -3.7899031e-02
  -5.1423612e-02
  -8.5090854e-03
   5.0718294e-02
   4.9221461e-02
  -9.8056207e-03
  -5.2780227e-02
  -2.0588563e-02
   2.9561343e-02
   8.9806713e-03
  -3.8461547e-02
  -4.1652036e-02
  -8.5373051e-03
   2.1235046e-02
   1.6509675e-02
  -2.5662835e-02
  -5.7891961e-02
  -3.8667412e-02
   1.2136141e-02
   4.0684132e-02
   2.1955161e-02
  -8.2157431e-03
  -5.5067872e-03
   4.3682496e-03
   3.2088203e-03
   5.7522040e-03
   1.5954909e-02
   2.6767317e-02
   1.9126961e-02
  -5.0743895e-03
  -2.9600097e-02
  -2.7428596e-02
   2.1599214e-03
   3.5605867e-02
   4.2529867e-02
   1.9344686e-02
  -1.0228471e-02
  -1.7828124e-02
   1.7821312e-03
   1.8554580e-02
   9.1631191e-03
  -8.8231080e-03
  -5.3343213e-03
   1.5412710e-02
   1.6531400e-02
  -8.8249870e-03
  -2.3909523e-02
  -1.4837275e-02
   1.8395337e-03
   1.1213285e-02
   4.2480426e-03
  -1.3653643e-02
  -1.2836878e-02
   1.2572061e-02
   3.0231078e-02
   1.5812225e-02
  -1.0327939e-02
  -1.5728611e-02
  -2.2717317e-03
   1.1504208e-02
   1.6207866e-02
   9.9171374e-03
  -5.5252245e-04
  -1.6606677e-04
   1.1763165e-02
   2.3576358e-02
   1.4312573e-02
   6.1856937e-04
   2.5175126e-03
  -1.2707230e-02
  -3.3234961e-02
  -2.4213094e-02
   6.9655009e-03
   2.6725744e-02
   1.3436152e-02
  -1.9517434e-02
  -3.4671550e-02
  -1.4663118e-02
   2.0288633e-02
   3.8295376e-02
   2.5921546e-02
   3.8862237e-03
  -9.5857226e-04
   6.2878979e-03
   8.5731465e-03
   4.6936518e-03
   6.1593177e-04
   1.2555973e-05
   7.5871342e-04
   1.1977368e-03
   2.8860840e-03
   7.5903989e-03
   1.1537994e-02
   8.6782278e-03
  -1.2848974e-04
   4.4155644e-04
   8.6496087e-05
  -3.4344023e-04
   7.7841910e-03
   1.7657372e-02
   1.6711781e-02
   4.7073682e-03
  -8.0219980e-03
  -1.5319818e-02
  -1.3523759e-02
  -6.7099730e-03
  -5.6175876e-03
  -1.2639117e-02
  -1.2580164e-02
  -1.0551747e-03
   4.4122410e-03
   6.0804598e-03
   1.4253034e-02
   2.5957364e-02
   2.5585093e-02
   1.0297863e-02
   2.8765952e-03
   1.1000304e-02
   2.2172886e-02
   1.8474019e-02
  -4.4081308e-03
  -3.1572661e-02
  -3.5672923e-02
  -6.1666809e-03
  -2.9594107e-03
  -1.3283603e-02
   4.0918886e-03
   1.9328245e-02
   5.6173762e-03
  -2.6882403e-03
   1.6571211e-02
   2.5418452e-02
   8.4693100e-03
  -1.6575556e-02
  -2.7554017e-02
  -1.9646848e-02
  -4.4043024e-03
  -2.8333554e-03
  -1.5939056e-02
  -1.8176790e-02
  -5.4155750e-03
   4.4766544e-03
   1.0353810e-02
   1.8436909e-02
   1.6301579e-02
   2.6068693e-03
   7.7606922e-03
   1.5176547e-02
   1.4309872e-03
  -2.4020030e-02
  -3.4151663e-02
  -2.2707688e-02
  -5.1246050e-03
   7.0529787e-03
   1.2604356e-03
  -2.0878629e-02
  -2.8430321e-02
  -1.4063728e-02
   5.0927682e-03
   1.7768114e-02
   2.4360710e-02
   1.7051522e-02
   8.1972353e-03
   1.3509784e-02
   1.5376187e-02
   2.4278858e-03
  -1.2106195e-02
  -1.5255698e-02
  -9.4302497e-03
  -4.4769597e-03
  -5.0009219e-03
  -1.1916419e-02
  -2.4267114e-02
  -1.6832857e-02
   3.7172105e-02
   6.4836864e-02
   2.9081619e-02
  -2.5258857e-02
  -5.7181946e-02
  -4.9982091e-02
  -2.2601291e-02
   1.4841738e-03
   1.4507751e-02
   1.4774447e-02
  -6.0492689e-03
  -4.1443588e-02
  -4.6096501e-02
  -5.0255011e-03
   4.9772821e-02
   7.0420337e-02
   3.2790468e-02
  -3.4812825e-02
  -9.3064961e-02
  -7.3291283e-02
   2.4813307e-02
   7.3079195e-02
   3.4342261e-02
  -2.3953561e-02
  -4.7393225e-02
  -5.4242417e-02
  -7.5146765e-02
  -5.1705105e-02
   3.4130642e-02
   7.0645343e-02
   1.6939606e-02
  -6.1015982e-02
  -5.7018593e-02
   9.1236490e-03
   4.4316061e-02
   1.8707598e-02
  -3.2779546e-02
  -5.4174187e-02
  -2.7910317e-02
   9.4639420e-03
   7.2855950e-03
  -2.8184294e-02
  -6.3603556e-02
  -7.6606606e-02
  -6.2635183e-02
  -3.8382278e-02
  -3.8744919e-02
  -9.2162704e-02
  -1.2534952e-01
  -8.9488815e-02
  -2.8808933e-02
  -3.0496482e-03
  -1.8490108e-02
  -2.5673874e-02
  -8.7886524e-03
   1.1128884e-02
   2.0747336e-03
  -2.9414196e-02
  -2.6546890e-02
   3.0455849e-02
   9.9232324e-02
   8.9203211e-02
  -6.5009025e-03
  -4.0243632e-02
   2.9230057e-02
   1.0929714e-01
   1.1027256e-01
   5.0753995e-02
   1.0113407e-02
   2.7318676e-02
   7.5243649e-02
   1.1603758e-01
   1.3803255e-01
   1.0212218e-01
   1.4926879e-02
  -4.4602839e-02
  -2.5016823e-02
   3.1239379e-02
   4.2355005e-02
   1.7604644e-02
   6.8400211e-03
   1.5912280e-02
   2.6336328e-02
   2.9266815e-02
   3.0244113e-02
   3.3227093e-02
   3.8105835e-02
   4.7658277e-02
   6.5318350e-02
   8.5872974e-02
   1.0578499e-01
   1.2363378e-01
   1.3651764e-01
   7.8254461e-02
  -5.3391832e-02
  -1.5461445e-01
  -1.3813942e-01
  -4.2712009e-02
   4.6047531e-02
   6.8368386e-02
   3.3735354e-02
  -3.8881614e-03
   3.6158167e-03
   5.9146056e-02
   1.0984251e-01
   1.2375944e-01
   1.1410870e-01
   1.0814709e-01
   1.0885323e-01
   1.1164796e-01
   1.1031436e-01
   1.0085928e-01
   8.0006482e-02
   5.7520865e-02
   5.2591626e-02
   7.7194606e-02
   9.4347945e-02
   7.8247415e-02
   4.2699326e-02
   1.1534871e-02
  -1.4590426e-02
  -3.8894297e-02
  -5.2016192e-02
  -4.6430136e-02
  -3.6813574e-02
  -4.1684683e-02
  -1.3050494e-01
  -2.1527108e-01
  -1.9456837e-01
  -1.1782660e-01
  -1.0378577e-01
  -1.6569215e-01
  -1.8017077e-01
  -1.1465783e-01
  -5.8912711e-02
  -6.3361169e-02
  -8.0233602e-02
  -5.9969748e-02
  -1.7003491e-02
  -1.6280558e-03
  -2.2927527e-02
  -2.9601271e-02
  -4.9774582e-02
  -1.1284862e-01
  -1.8214604e-01
  -2.1190420e-01
  -1.9926344e-01
  -1.8313485e-01
  -1.8784871e-01
  -1.6556767e-01
  -8.6641942e-02
   1.4605693e-02
   1.0452221e-01
   1.5866950e-01
   1.7572819e-01
   1.7300838e-01
   1.6773318e-01
   2.1270629e-01
   2.4135586e-01
   1.9692295e-01
   1.2709343e-01
   7.7205175e-02
   7.2776094e-02
   7.0220814e-02
   7.6239972e-03
  -1.0060561e-01
  -1.6839904e-01
  -1.4384327e-01
  -6.7672815e-02
   1.3654347e-03
   5.5006688e-02
   1.0452890e-01
   1.2190983e-01
   6.7132729e-02
  -1.0887942e-02
  -3.2440158e-02
  -2.7808618e-03
  -7.3285529e-03
  -9.9255223e-02
  -2.3513765e-01
  -2.9728923e-01
  -2.1637967e-01
  -6.9508450e-02
  -1.9504751e-02
  -7.8162157e-02
  -1.3437914e-01
  -9.9684098e-02
  -2.7336996e-03
   2.9943830e-02
  -3.5634522e-02
  -1.2710988e-01
  -1.4422258e-01
  -6.7779212e-02
   1.2837466e-02
   9.4301205e-04
  -7.3480472e-02
  -6.9639860e-02
   3.1514648e-02
   1.3396106e-01
   1.3070693e-01
   4.9792785e-02
   5.7984031e-02
   1.7860771e-01
   2.8765482e-01
   2.7838094e-01
   1.8632440e-01
   9.8051157e-02
   3.3924660e-02
  -2.5534948e-02
  -9.1690379e-02
  -1.4989002e-01
  -1.4870979e-01
  -8.9659801e-02
  -2.4199119e-02
   2.8105729e-02
   7.3754919e-02
   1.1756354e-01
   8.7452600e-02
  -2.3132922e-02
  -7.4861162e-02
  -2.6956975e-02
   9.7539843e-03
  -1.3455059e-02
  -5.1384976e-02
  -6.2157807e-02
  -5.4557967e-02
  -4.9845631e-02
  -5.2859027e-02
  -5.6039298e-02
  -4.9699776e-02
  -1.0098141e-02
   5.6791590e-02
   1.2235961e-01
   1.3520118e-01
   9.5934851e-02
   4.9843752e-02
   1.5232681e-02
  -1.4135598e-02
  -4.6282754e-02
  -7.4426533e-02
  -8.8638934e-02
  -9.2047500e-02
  -9.4697198e-02
  -9.7223706e-02
  -9.7667143e-02
  -9.6647450e-02
  -1.0103179e-01
  -1.1626729e-01
  -1.3793156e-01
  -1.5914512e-01
  -1.7617679e-01
  -1.7138660e-01
  -1.3608078e-01
  -8.7985992e-02
  -4.3496596e-02
  -4.0479325e-03
   3.3920433e-02
   6.1884300e-02
   7.7434879e-02
   8.8407233e-02
   8.8263727e-02
   7.0386868e-02
   4.3689073e-02
   1.8808123e-02
   3.1007914e-03
   2.0860661e-03
   1.0444505e-02
   1.6048506e-02
   1.8345662e-02
   2.9026307e-02
   4.2162528e-02
   3.0091095e-02
  -6.0109497e-03
  -4.1090694e-02
  -1.7960356e-02
   5.2124467e-02
   7.5534537e-02
   3.6399379e-02
  -1.3397163e-02
  -4.0117858e-02
  -3.0774804e-02
  -1.3521175e-02
  -2.2207295e-02
  -4.8065308e-02
  -6.2162740e-02
  -5.0087431e-02
  -4.4990259e-02
  -7.1223361e-02
  -9.0251206e-02
  -4.6678629e-02
   2.8893017e-02
   5.3242571e-02
   2.4356717e-02
   2.2857066e-02
   7.4337282e-02
   1.1190914e-01
   1.1663392e-01
   1.0731741e-01
   7.5332783e-02
   4.1011073e-02
   4.8095019e-02
   8.0646858e-02
   9.0912838e-02
   7.6044442e-02
   5.9026154e-02
   5.7728021e-02
   7.4644023e-02
   9.8529237e-02
   1.0967199e-01
   9.3237122e-02
   5.8624994e-02
   2.5162208e-02
  -9.0316500e-04
  -2.1737788e-02
  -4.2577663e-02
  -6.3176443e-02
  -8.3000736e-02
  -1.0114746e-01
  -1.1732350e-01
  -1.0686751e-01
  -6.4700522e-02
  -4.8879958e-02
  -1.1132407e-01
  -1.3972010e-01
  -7.3011552e-02
  -1.4234244e-02
  -2.0686035e-02
  -5.4357152e-02
  -6.3278847e-02
  -2.4117149e-02
   3.9799256e-02
   6.3494811e-02
   3.1118186e-02
  -1.7060213e-02
  -2.9540322e-02
   1.7179292e-02
   9.0156553e-02
   1.0998895e-01
   8.2201117e-02
   1.1340139e-01
   2.2044647e-01
   3.3673818e-01
   4.0197714e-01
   4.0833745e-01
   4.1187931e-01
   4.4101272e-01
   4.7715468e-01
   5.0544725e-01
   5.2414533e-01
   4.8287261e-01
   3.4167634e-01
   2.0352400e-01
   1.4152626e-01
   1.1624192e-01
   7.8374363e-02
   2.4020617e-02
  -2.7405226e-02
  -6.9672742e-02
  -9.4591389e-02
  -9.9317699e-02
  -1.0231935e-01
  -1.1582397e-01
  -1.3291941e-01
  -1.3652938e-01
  -1.2500308e-01
  -1.1183586e-01
  -1.1025412e-01
  -1.4466649e-01
  -1.9262246e-01
  -2.0127159e-01
  -1.7233078e-01
  -1.3970366e-01
  -1.1716238e-01
  -9.8412976e-02
  -8.2680489e-02
  -6.8059060e-02
  -3.8210588e-02
   6.4470583e-03
   3.6648578e-02
   4.4320876e-02
   4.3177406e-02
   3.2120968e-02
   1.1567412e-02
   2.5790370e-03
   1.4908676e-02
   3.5538812e-02
   5.2342193e-02
   5.6419202e-02
   5.8650243e-02
   6.9897279e-02
   8.3952316e-02
   9.5655589e-02
   1.0517480e-01
   1.1346293e-01
   1.0584993e-01
   7.3330742e-02
   3.0116578e-02
  -5.4568536e-03
  -2.5911212e-02
  -3.7521711e-02
  -4.9321986e-02
  -5.8202931e-02
  -5.3747074e-02
  -3.8412929e-02
  -3.7744956e-02
  -6.1860226e-02
  -1.0361737e-01
  -1.4993934e-01
  -1.9338932e-01
  -2.3399853e-01
  -2.7371405e-01
  -3.1244546e-01
  -3.4802491e-01
  -3.5779320e-01
  -3.3824723e-01
  -3.1628326e-01
  -3.3872049e-01
  -3.8304066e-01
  -3.5946665e-01
  -2.6621697e-01
  -1.6834032e-01
  -1.2316522e-01
  -1.2519568e-01
  -1.0273907e-01
  -3.3919258e-02
   4.4478357e-02
   6.9298945e-02
   4.1185582e-02
   1.5558212e-02
   4.2421591e-02
   1.0988784e-01
   1.7608402e-01
   2.3034863e-01
   2.7938149e-01
   3.2142106e-01
   3.5203181e-01
   3.7559525e-01
   3.9803013e-01
   4.1911569e-01
   4.1193803e-01
   3.3504593e-01
   2.1001819e-01
   1.0995607e-01
   7.4405629e-02
   6.4420085e-02
   2.8442887e-02
  -2.3785628e-02
  -4.7331923e-02
  -3.7492117e-02
  -2.3457514e-02
  -1.7389384e-02
  -1.6085380e-02
  -3.1567377e-02
  -7.1316018e-02
  -1.0625509e-01
  -1.2391093e-01
  -1.6262238e-01
  -2.3663378e-01
  -3.1630557e-01
  -3.6815101e-01
  -3.5638045e-01
  -3.0663123e-01
  -2.8803062e-01
  -3.0950488e-01
  -3.0168954e-01
  -2.2311578e-01
  -1.3515421e-01
  -9.7448478e-02
  -8.7917292e-02
  -5.8568155e-02
  -4.4099158e-03
   4.0050685e-02
   6.0757623e-02
   7.0664368e-02
   8.2070177e-02
   8.0587201e-02
   6.1707207e-02
   2.8000037e-02
  -1.4507516e-02
  -5.7652510e-02
  -9.6512986e-02
  -1.0788756e-01
  -8.1534084e-02
  -7.3571719e-02
  -1.1501049e-01
  -1.3529748e-01
  -8.8364252e-02
  -1.1770799e-02
   5.3906082e-02
   8.8236834e-02
   9.1292037e-02
   8.7483133e-02
   1.0369804e-01
   1.3543723e-01
   1.6491120e-01
   1.6827103e-01
   1.3597743e-01
   1.0495226e-01
   9.7790098e-02
   7.5843510e-02
   2.3941465e-02
  -3.5715435e-02
  -8.6488924e-02
  -1.2642170e-01
  -1.4369177e-01
  -1.3608900e-01
  -1.1795108e-01
  -1.0033904e-01
  -6.6247382e-02
   1.0080831e-03
   8.4186013e-02
   1.2542937e-01
   1.0110460e-01
   4.9911277e-02
   1.7557670e-02
   1.8965369e-03
  -2.1501037e-02
  -5.3886822e-02
  -7.6966194e-02
  -8.5865928e-02
  -9.1497902e-02
  -9.6394259e-02
  -8.7301695e-02
  -6.2675111e-02
  -3.6200444e-02
  -1.8725801e-02
  -2.6784580e-02
  -3.9061173e-02
  -2.3226870e-02
   8.0742098e-03
   1.2625964e-02
  -1.3851522e-02
  -4.2920340e-02
  -4.9346882e-02
  -2.6783053e-02
  -1.0632390e-03
   6.8035104e-03
   6.8300038e-03
   8.7257304e-03
   3.5289379e-03
  -9.2175035e-03
  -1.7357090e-02
  -5.3783362e-03
  -1.3934783e-03
  -2.2127321e-02
  -5.0163646e-02
  -5.7865891e-02
  -4.2740429e-02
  -2.2935513e-02
  -2.1770435e-03
   3.4329108e-02
   6.6258891e-02
   6.1330004e-02
   3.2555479e-02
   3.3702237e-02
   8.3324388e-02
   1.4840798e-01
   1.9907202e-01
   1.9821944e-01
   1.5436314e-01
   1.1322911e-01
   8.1303675e-02
   4.5092310e-02
   4.9182472e-03
  -6.0813053e-04
   3.5280923e-02
   7.9770319e-02
   1.1349757e-01
   1.1180732e-01
   7.2941795e-02
   4.0906320e-02
   2.7363772e-02
   1.1060854e-02
  -1.3652703e-02
  -2.9833911e-02
  -2.6769078e-02
  -2.2458842e-02
  -3.5090325e-02
  -3.7398991e-02
   1.1694877e-02
   9.6180174e-02
   1.6956635e-01
   1.9839442e-01
   1.9584372e-01
   1.9245336e-01
   1.8231515e-01
   1.4153566e-01
   7.7030783e-02
   1.3191769e-02
  -4.2200930e-02
  -8.9204855e-02
  -1.3173918e-01
  -1.7234370e-01
  -2.0885206e-01
  -2.0804058e-01
  -1.6666804e-01
  -1.1740489e-01
  -7.7342340e-02
  -5.2313773e-02
  -4.5846481e-02
  -4.1623969e-02
  -4.6113412e-03
   5.8102758e-02
   9.6749619e-02
   8.6299853e-02
   5.2321877e-02
   3.3316814e-02
   4.7773011e-02
   8.1153592e-02
   1.1161473e-01
   1.3658340e-01
   1.6085028e-01
   1.8382772e-01
   1.6670092e-01
   1.3247668e-01
   1.2073782e-01
   1.1056509e-01
   8.0173945e-02
   3.6593383e-02
  -3.4178556e-03
  -3.3365080e-02
  -5.0232698e-02
  -5.9666882e-02
  -6.7796827e-02
  -7.1610311e-02
  -7.2371998e-02
  -8.1926436e-02
  -1.0007739e-01
  -1.1111422e-01
  -1.0161415e-01
  -8.0324145e-02
  -7.2420264e-02
  -8.2493415e-02
  -7.6696209e-02
  -4.3695297e-02
  -4.4743996e-03
   2.2247223e-02
   2.5634299e-02
   3.2694758e-02
   6.0315948e-02
   9.4187880e-02
   1.2237135e-01
   1.3534680e-01
   1.1133441e-01
   5.7124168e-02
   7.6864847e-03
  -1.9379447e-02
  -3.1582878e-02
  -2.4406040e-02
   6.6236931e-03
   4.3791124e-02
   5.6113400e-02
   2.6419238e-02
   1.2532603e-02
   4.4065923e-02
   8.9650758e-02
   1.0292015e-01
   6.0094465e-02
  -3.4793096e-03
  -3.0318450e-02
  -2.8633955e-02
  -4.1547166e-02
  -7.5560608e-02
  -1.1031812e-01
  -1.2510643e-01
  -9.2917228e-02
  -2.5692547e-02
   4.2042039e-02
   8.7341153e-02
   1.0522776e-01
   1.1124363e-01
   1.1766219e-01
   1.1000927e-01
   6.6742960e-02
   2.0034737e-03
  -2.8439129e-02
  -1.3252600e-02
   1.1038987e-02
   1.7402890e-02
   7.8040611e-03
   7.3301853e-03
   2.0693668e-02
   3.0149812e-02
   2.2214458e-02
  -4.4195455e-03
  -4.0453489e-02
  -7.4245799e-02
  -1.0238876e-01
  -1.0079504e-01
  -6.9940260e-02
  -3.6609589e-02
  -4.7123123e-02
  -1.0177375e-01
  -1.4172708e-01
  -1.2480227e-01
  -7.3111607e-02
  -3.5794821e-02
  -3.2191664e-02
  -3.9006801e-02
  -4.5502982e-02
  -5.8566041e-02
  -7.5454563e-02
  -8.5983481e-02
  -7.5553209e-02
  -5.0787699e-02
  -2.6022423e-02
  -1.4824710e-02
  -5.0361408e-02
  -1.1152818e-01
  -1.1129812e-01
  -4.6711276e-02
   9.5736620e-03
   1.1084447e-02
  -1.5864484e-02
   1.2660725e-03
   7.9833500e-02
   1.2064270e-01
   8.3390505e-02
   2.4713721e-02
   9.3406347e-03
   4.8086212e-02
   8.3945975e-02
   8.2946246e-02
   6.1682546e-02
   4.2970955e-02
   3.0552029e-02
   2.0745222e-02
   2.3179309e-02
   3.9210786e-02
   5.7848745e-02
   7.3579353e-02
   8.7365110e-02
   9.8668750e-02
   6.9029430e-02
   7.8341951e-04
  -2.8033154e-02
  -1.7496838e-02
  -4.3815433e-02
  -8.9852630e-02
  -9.9870703e-02
  -1.0605204e-01
  -1.2287867e-01
  -1.2144244e-01
  -9.8412858e-02
  -7.6816581e-02
  -8.2217324e-02
  -1.0805913e-01
  -1.2471419e-01
  -1.1067630e-01
  -7.6596272e-02
  -4.2507202e-02
   6.8864551e-03
   6.4620548e-02
   8.6845575e-02
   7.2787837e-02
   6.9443273e-02
   9.7938419e-02
   1.3887339e-01
   1.7293909e-01
   1.7514218e-01
   1.1798044e-01
   3.4677540e-02
   2.1026246e-02
   8.1729027e-02
   1.0978719e-01
   6.5292279e-02
   3.4366453e-03
  -1.7585619e-02
   6.8089359e-03
   4.3859002e-02
   7.0653916e-02
   5.8819467e-02
   6.5430501e-03
  -3.5025501e-02
  -3.5625831e-02
  -1.5654862e-02
  -5.4168903e-03
   3.9673482e-03
   2.4602980e-03
  -2.6521642e-02
  -6.9320670e-02
  -8.1337849e-02
  -5.4490793e-02
  -2.0771410e-02
   3.8617971e-03
   3.5391313e-02
   8.2400171e-02
   1.3202220e-01
   1.6655060e-01
   1.4189853e-01
   6.8351827e-02
   4.4962544e-02
   7.4134940e-02
   7.3693852e-02
   2.9923397e-02
   1.1921234e-03
   1.2040666e-02
   3.4322180e-02
   4.6620381e-02
   2.9170400e-02
  -1.6021378e-02
  -6.7624549e-02
  -1.1383837e-01
  -1.5625268e-01
  -1.9649314e-01
  -2.0060338e-01
  -1.4529242e-01
  -6.2879331e-02
  -1.3683119e-02
  -3.6605244e-02
  -7.2855480e-02
  -5.6294838e-02
  -3.8996819e-03
   3.6884271e-02
   1.9574742e-02
  -2.6853632e-02
  -2.6643892e-02
   2.1955278e-02
   7.1863854e-02
   6.7614097e-02
   1.4065372e-02
  -3.9159114e-03
   3.5230074e-02
   8.1583054e-02
   5.2008559e-02
  -3.5317328e-02
  -6.8318593e-02
  -3.3277473e-02
   5.3965269e-04
  -1.9931042e-02
  -7.3496326e-02
  -1.0833851e-01
  -8.9999659e-02
  -4.1163269e-02
  -2.4439627e-02
  -6.3946116e-02
  -9.3080580e-02
  -5.8216671e-02
   6.0911934e-03
   2.0825431e-02
  -1.8931196e-02
  -6.4071537e-02
  -9.1054230e-02
  -1.0248036e-01
  -1.1024085e-01
  -1.1890818e-01
  -1.1488613e-01
  -8.0862000e-02
  -2.7759882e-02
   6.8232630e-03
  -3.8218573e-03
  -3.2612083e-02
  -1.7179879e-02
   4.2310027e-02
   1.0197350e-01
   9.5102468e-02
   2.2504289e-02
  -3.7512316e-02
  -1.8072155e-02
   1.9293719e-02
   7.6379133e-04
  -4.9579170e-02
  -7.4763220e-02
  -2.9289127e-02
   5.6208288e-02
   8.7125777e-02
   4.3002192e-02
  -1.5358219e-02
  -4.1696427e-02
  -2.5942567e-02
   2.5850380e-03
   9.9818209e-03
  -3.7895391e-02
  -1.2034207e-01
  -1.7268543e-01
  -1.2611755e-01
  -1.2669181e-02
   5.9709042e-02
   3.0588434e-02
  -5.0065588e-02
  -1.0897031e-01
  -6.9291429e-02
   4.8851891e-02
   1.6414670e-01
   1.6670209e-01
   6.3936486e-02
  -3.3458324e-02
  -5.0933201e-02
  -1.2598015e-02
  -1.6831331e-02
  -2.5446754e-02
   1.4627888e-02
   4.1664719e-02
   2.0677345e-02
   1.5460271e-02
   6.9327717e-02
   1.4859353e-01
   1.6679017e-01
   9.9314059e-02
   4.3063963e-02
   7.1104281e-02
   1.4650670e-01
   2.0354279e-01
   1.7834817e-01
   8.7632159e-02
  -2.2805394e-03
  -4.4154235e-02
  -2.9998908e-02
  -3.7724757e-02
  -1.0654879e-01
  -1.9568988e-01
  -2.1318895e-01
  -1.5536956e-01
  -8.9292697e-02
  -5.1635466e-02
  -4.3302945e-02
  -3.6819916e-02
  -7.6709597e-03
   3.6744640e-02
   7.7787538e-02
   9.2720758e-02
   9.3402706e-02
   1.0650945e-01
   1.2861775e-01
   1.1444950e-01
   6.6190544e-02
   5.0673786e-02
   8.0273178e-02
   1.1760347e-01
   1.3455177e-01
   1.1164150e-01
   7.6253242e-02
   6.7968753e-02
   7.9981468e-02
   8.2737798e-02
   5.2273493e-02
   7.9400045e-04
  -4.8883834e-02
  -8.9894789e-02
  -1.0842365e-01
  -1.0315526e-01
  -9.1663368e-02
  -8.3722730e-02
  -9.1844454e-02
  -1.3703670e-01
  -1.8170801e-01
  -1.5187351e-01
  -6.2251991e-02
   1.7858539e-02
   1.0305931e-03
  -9.6583213e-02
  -1.5762315e-01
  -1.2831946e-01
  -5.8125893e-02
  -1.8335328e-02
  -2.7264774e-02
  -3.5482560e-02
  -4.6500245e-03
  -2.6767317e-03
  -5.7064511e-02
  -8.8352039e-02
  -6.5108493e-02
  -2.7181864e-02
  -1.4024974e-02
  -4.0377038e-02
  -8.4939597e-02
  -1.1042510e-01
  -8.2868856e-02
  -1.9900743e-02
   1.4999571e-02
  -1.5989553e-02
  -7.9216493e-02
  -8.1904006e-02
  -3.9819220e-03
   3.9806654e-02
   6.3470267e-03
  -2.1444316e-02
  -1.2060630e-02
  -5.6519492e-03
  -3.4210733e-03
   1.3705314e-02
   4.2506849e-02
   7.0070027e-02
   9.0753126e-02
   1.0808649e-01
   1.2602595e-01
   1.4279809e-01
   1.4013465e-01
   1.1280881e-01
   9.4299914e-02
   9.9498902e-02
   1.1356768e-01
   1.2143422e-01
   1.0576679e-01
   6.6106107e-02
   5.4935052e-02
   9.9193805e-02
   1.5934123e-01
   1.4395600e-01
   5.3082859e-02
  -2.6208676e-02
  -2.3975404e-02
   3.4417772e-02
   7.3226576e-02
   2.7341107e-02
  -3.9011733e-02
  -2.6156887e-02
   4.2447192e-02
   7.6026709e-02
   4.4876698e-02
  -3.8094209e-03
  -3.8942681e-02
  -4.6993826e-02
  -3.9510364e-02
  -3.1559039e-02
  -2.7300122e-02
  -2.2726008e-02
  -2.0174721e-02
  -2.8592382e-02
  -3.2905907e-02
  -5.0305978e-03
   4.5377678e-02
   9.6038547e-02
   1.3725161e-01
   1.6157251e-01
   1.5989318e-01
   1.4482972e-01
   1.3211263e-01
   1.3689578e-01
   1.5397091e-01
   1.6772261e-01
   1.2198147e-01
   3.1579590e-02
  -8.4354768e-03
   1.4604518e-02
   4.5936437e-02
   2.4546611e-02
  -2.8666014e-02
  -3.8383218e-02
  -9.1906812e-04
   4.0728758e-02
   5.0017791e-02
   2.2762413e-02
  -1.7179997e-02
  -4.9903761e-02
  -7.4295944e-02
  -1.0299390e-01
  -1.4922534e-01
  -2.0641174e-01
  -2.6045675e-01
  -2.9752293e-01
  -2.9426527e-01
  -2.5939631e-01
  -2.2469411e-01
  -2.0006318e-01
  -1.7201957e-01
  -1.2360325e-01
  -7.9189718e-02
  -7.2924532e-02
  -9.5213797e-02
  -1.1716367e-01
  -1.2840519e-01
  -1.3424291e-01
  -1.4191145e-01
  -1.5068623e-01
  -1.5629378e-01
  -1.1453946e-01
  -6.5696610e-03
   8.1131984e-02
   8.4468563e-02
   4.4880809e-02
   3.9853158e-02
   9.5546139e-02
   1.4795586e-01
   1.4432240e-01
   1.0739480e-01
   9.4004563e-02
   1.1976428e-01
   1.5769479e-01
   1.7590082e-01
   1.4910673e-01
   9.1824372e-02
   5.5001638e-02
   5.5762033e-02
   6.9140172e-02
   3.1628208e-02
  -2.6214665e-02
  -3.5348918e-02
  -2.8848392e-02
  -5.8348316e-02
  -8.2525122e-02
  -6.6876485e-02
  -3.4842771e-02
  -9.9371367e-03
   2.5139543e-04
  -6.1465407e-04
  -8.3371010e-03
  -2.5262028e-02
  -4.9704943e-02
  -7.4558648e-02
  -9.7081492e-02
  -1.1815424e-01
  -1.3846472e-01
  -1.5736714e-01
  -1.6090195e-01
  -1.4069834e-01
  -1.1015512e-01
  -8.1907059e-02
  -5.7507243e-02
  -3.2339515e-02
  -5.1697237e-03
   3.0998636e-02
   8.2045985e-02
   1.3974946e-01
   1.8258877e-01
   2.0133148e-01
   2.1453241e-01
   2.3285705e-01
   2.3931014e-01
   2.2832052e-01
   2.1305038e-01
   2.0127042e-01
   1.9197892e-01
   1.8290820e-01
   1.7534652e-01
   1.6944774e-01
   1.6375798e-01
   1.5086004e-01
   1.2937051e-01
   1.0593719e-01
   8.5493540e-02
   8.1652106e-02
   9.4376716e-02
   1.0466102e-01
   8.4206916e-02
   3.8372414e-02
   4.5608439e-03
  -5.7691029e-03
  -2.0400549e-02
  -7.2535938e-02
  -1.4952597e-01
  -1.9990464e-01
  -2.0277594e-01
  -1.9110989e-01
  -1.9550903e-01
  -2.0724201e-01
  -1.9805855e-01
  -1.7031324e-01
  -1.6182030e-01
  -1.8276140e-01
  -2.0878629e-01
  -2.2811970e-01
  -2.4391361e-01
  -2.5815619e-01
  -2.3493801e-01
  -1.6939606e-01
  -9.4238612e-02
  -1.5686334e-02
   4.4943402e-02
   6.8857857e-02
   9.1698247e-02
   1.3525403e-01
   1.8669197e-01
   2.2988593e-01
   2.3982450e-01
   1.9134242e-01
   1.3095589e-01
   1.0960024e-01
   1.1408592e-01
   9.9966765e-02
   5.9620378e-02
   2.4079335e-02
   1.7422266e-02
   1.8426810e-02
   3.3549336e-03
  -2.0094512e-02
  -2.7887534e-02
  -1.7107891e-02
  -1.4110937e-02
  -3.1959964e-02
  -5.9165550e-02
  -8.2715368e-02
  -1.0212758e-01
  -1.2045833e-01
  -1.3920691e-01
  -1.6070818e-01
  -1.8276727e-01
  -1.9133420e-01
  -1.7592431e-01
  -1.4776209e-01
  -1.2801530e-01
  -1.2316522e-01
  -1.0900120e-01
  -7.5153693e-02
  -3.8482099e-02
  -2.6749701e-02
  -2.7735338e-02
  -9.1445760e-03
   2.6895556e-02
   6.3131818e-02
   9.1635771e-02
   1.0304910e-01
   9.5652771e-02
   8.9599791e-02
   9.3296897e-02
   9.1789729e-02
   7.2094145e-02
   4.2302159e-02
   1.4252446e-02
  -8.3389095e-03
  -9.9508532e-03
   1.6007403e-02
   5.2092642e-02
   8.1643768e-02
   7.7198011e-02
   4.4554573e-02
   4.1771351e-02
   8.7250141e-02
   1.4656307e-01
   1.9367351e-01
   1.9739739e-01
   1.5354696e-01
   9.5755410e-02
   7.2690835e-02
   1.0234730e-01
   1.1812723e-01
   9.3045585e-02
   8.6517461e-02
   9.7395867e-02
   9.4935827e-02
   9.2521235e-02
   1.0360339e-01
   1.1815307e-01
   9.5188901e-02
   3.4641252e-02
  -4.9579874e-04
   1.6469864e-02
   5.2890030e-02
   6.6390654e-02
   4.7053249e-02
   3.2539860e-02
   4.2308618e-02
   6.0159407e-02
   7.1196116e-02
   5.8329644e-02
   1.9698402e-02
  -2.7245514e-02
  -6.8861967e-02
  -8.4942650e-02
  -9.2181964e-02
  -1.2827131e-01
  -1.8729676e-01
  -2.2355029e-01
  -1.8924737e-01
  -1.0849740e-01
  -5.7577587e-02
  -6.0430565e-02
  -7.6898198e-02
  -6.2728427e-02
  -3.0217573e-02
  -3.0153805e-02
  -5.6298361e-02
  -7.3212014e-02
  -7.6757863e-02
  -7.3488458e-02
  -5.4984492e-02
  -2.2811031e-02
   3.6738181e-03
   9.4604659e-03
   2.0331497e-03
  -5.0637146e-03
  -1.2565955e-02
  -2.5257800e-02
  -4.1168671e-02
  -5.5819694e-02
  -5.7628084e-02
  -2.9311088e-02
   1.8401092e-02
   5.3256898e-02
   6.9709265e-02
   8.1874177e-02
   8.8134548e-02
   6.1165360e-02
   1.1718599e-02
  -1.2746805e-02
  -1.8154594e-02
  -3.2443916e-02
  -5.6365652e-02
  -7.8001623e-02
  -7.7550318e-02
  -5.7978629e-02
  -3.6828371e-02
  -1.8829027e-02
   3.5252386e-03
   3.2042286e-02
   6.0950805e-02
   8.5866281e-02
   8.8414045e-02
   6.3617179e-02
   4.4843934e-02
   4.6202311e-02
   3.7343444e-02
   1.3279963e-03
  -3.1452173e-02
  -2.6422408e-02
   5.7866361e-03
   3.7053495e-02
   5.9699999e-02
   7.1283840e-02
   7.3945517e-02
   6.5441892e-02
   4.4488457e-02
   1.9217269e-02
  -7.7371698e-04
  -1.8141207e-02
  -4.4965127e-02
  -8.0010123e-02
  -1.0893309e-01
  -1.1245862e-01
  -9.5970434e-02
  -7.9960213e-02
  -7.0574764e-02
  -6.1590594e-02
  -4.5996564e-02
  -2.8576763e-02
  -2.6773071e-02
  -4.1092573e-02
  -5.7302318e-02
  -6.9629878e-02
  -7.9916292e-02
  -9.0431352e-02
  -1.0031590e-01
  -1.0576608e-01
  -1.0350956e-01
  -1.0241553e-01
  -1.1638672e-01
  -1.4154623e-01
  -1.5131451e-01
  -1.3957566e-01
  -1.2243007e-01
  -1.1031507e-01
  -1.0846287e-01
  -1.1515071e-01
  -1.2345058e-01
  -1.3092183e-01
  -1.3606668e-01
  -1.1865569e-01
  -7.0686446e-02
  -2.5344703e-02
  -2.3190348e-03
   9.8065719e-03
   2.4546023e-02
   4.1006845e-02
   4.9845044e-02
   4.7299159e-02
   2.8176426e-02
  -4.2201047e-03
  -3.7003585e-02
  -6.5294863e-02
  -6.7235837e-02
  -4.1876220e-02
  -1.0019929e-02
   2.1490351e-02
   6.9394185e-02
   1.3405971e-01
   1.9497352e-01
   2.2141531e-01
   2.2771690e-01
   2.4253139e-01
   2.6343022e-01
   2.5839928e-01
   1.9308399e-01
   9.8187852e-02
   3.7165411e-02
   1.5145661e-02
  -1.4157793e-03
  -2.6698382e-02
  -5.3033653e-02
  -6.0310194e-02
  -3.7456651e-02
   4.0880837e-04
   3.5913196e-02
   6.6276389e-02
   9.3888302e-02
   9.3377575e-02
   5.9047292e-02
   1.6353368e-02
  -1.9925875e-02
  -5.1353386e-02
  -8.2749541e-02
  -1.0389463e-01
  -9.3749493e-02
  -5.8858808e-02
  -2.2843561e-02
   4.9420397e-03
   2.0184233e-02
   2.7505751e-02
   4.2002464e-02
   6.7788606e-02
   9.1669475e-02
   8.5742621e-02
   5.2771537e-02
   3.1453347e-02
   3.2168999e-02
   2.9264818e-02
   1.0959660e-02
  -9.9593908e-03
  -5.5488878e-03
   2.9264701e-02
   7.1229702e-02
   1.0734148e-01
   1.3899435e-01
   1.6983292e-01
   1.7939453e-01
   1.6738439e-01
   1.6195535e-01
   1.6940898e-01
   1.6257776e-01
   1.3412782e-01
   1.0115063e-01
   7.9102698e-02
   7.3713816e-02
   7.5830474e-02
   5.7654507e-02
   1.2147649e-02
  -4.0100478e-02
  -7.3316297e-02
  -7.6949753e-02
  -7.4127072e-02
  -8.8564832e-02
  -1.1547800e-01
  -1.3936545e-01
  -1.5683281e-01
  -1.7308119e-01
  -1.9072705e-01
  -2.0733361e-01
  -2.1235398e-01
  -1.9045813e-01
  -1.5073556e-01
  -1.1233296e-01
  -8.9404026e-02
  -7.9604735e-02
  -6.6055375e-02
  -3.7513373e-02
  -5.3203700e-05
   3.4687287e-02
   5.3529701e-02
   5.1057800e-02
   3.8782968e-02
   2.4727696e-02
   1.9656008e-03
  -2.1527813e-02
  -1.8048433e-02
   9.2659339e-03
   2.3582582e-02
   1.3381779e-02
   2.8766422e-03
   9.5421893e-03
   2.6611010e-02
   4.1122519e-02
   4.8500642e-02
   4.7696795e-02
   4.3012996e-02
   4.2061769e-02
   4.8444860e-02
   5.7521452e-02
   6.0384766e-02
   4.6248933e-02
   2.0139960e-02
  -5.9401360e-03
  -2.8299498e-02
  -4.9427208e-02
  -7.0454158e-02
  -8.6474479e-02
  -9.2606493e-02
  -7.8246711e-02
  -3.7692932e-02
   1.4369177e-02
   6.0243843e-02
   7.9856752e-02
   7.7401645e-02
   7.0390743e-02
   5.4409763e-02
   2.6772249e-02
  -3.9522812e-03
  -3.1982394e-02
  -5.5956037e-02
  -5.8654001e-02
  -3.3961535e-02
  -3.7794514e-04
   2.9554062e-02
   5.5212083e-02
   7.8836824e-02
   7.0488919e-02
   2.6903190e-02
  -2.2576277e-02
  -5.9019108e-02
  -7.6243143e-02
  -8.3370071e-02
  -9.0226427e-02
  -9.1460205e-02
  -7.5306712e-02
  -4.6461139e-02
  -1.7898233e-02
   3.8788605e-03
   1.3168634e-02
   1.3268806e-02
   1.2374770e-02
   1.3090657e-02
   1.3233928e-02
  -8.4648239e-04
  -3.1205910e-02
  -6.4048989e-02
  -8.2626234e-02
  -7.3676354e-02
  -4.8076934e-02
  -2.1711482e-02
   4.6898116e-03
   3.4435975e-02
   6.5081952e-02
   9.2643016e-02
   9.4339842e-02
   7.0286225e-02
   5.2108966e-02
   5.6170709e-02
   6.7249342e-02
   6.7405649e-02
   6.2298613e-02
   6.7800937e-02
   8.4032172e-02
   1.0043369e-01
   1.0790388e-01
   1.0609279e-01
   1.0521355e-01
   1.1077448e-01
   1.1920177e-01
   1.2581926e-01
   1.3086194e-01
   1.3453063e-01
   1.3464571e-01
   1.2937403e-01
   1.1547965e-01
   9.5030245e-02
   7.4454365e-02
   5.4165027e-02
   3.0851372e-02
   5.6563648e-03
  -8.2856995e-03
  -6.5134681e-03
   7.0883385e-04
   5.9339824e-03
   8.6952559e-03
   1.0015454e-02
   1.0211501e-02
   1.0179183e-02
   9.8518785e-03
   6.4092675e-03
  -1.0380691e-02
  -3.8798705e-02
  -6.8017488e-02
  -9.3478569e-02
  -1.1487720e-01
  -1.3077504e-01
  -1.4252329e-01
  -1.5311128e-01
  -1.6341507e-01
  -1.6731628e-01
  -1.6252256e-01
  -1.5445944e-01
  -1.4480271e-01
  -1.3083376e-01
  -1.1348148e-01
  -9.6097382e-02
  -7.9739316e-02
  -5.7897716e-02
  -2.8854733e-02
   1.5789090e-03
   2.9464459e-02
   5.0656641e-02
   5.1394018e-02
   3.4020605e-02
   1.4559305e-02
  -9.7486409e-04
  -1.4600878e-02
  -2.9091718e-02
  -4.3319855e-02
  -5.1150457e-02
  -4.4289168e-02
  -2.7626945e-02
  -1.1642183e-02
   1.0900860e-05
   9.9596961e-03
   2.0707878e-02
   3.1944462e-02
   3.7579372e-02
   3.6421810e-02
   3.3471946e-02
   3.1557160e-02
   3.0111411e-02
   2.4355778e-02
   8.8215578e-03
  -1.3177911e-02
  -3.4680241e-02
  -5.2986209e-02
  -5.6545328e-02
  -4.1771938e-02
  -2.1105515e-02
  -9.5234583e-03
  -1.3494400e-02
  -1.8102218e-02
  -1.1958813e-02
  -3.2984706e-04
   9.5885998e-03
   1.7015470e-02
   2.2526719e-02
   2.4138757e-02
   2.2310403e-02
   1.9625827e-02
   1.3007277e-02
  -9.2933669e-05
  -1.6188019e-02
  -3.1408721e-02
  -4.5121551e-02
  -5.8302634e-02
  -7.1300868e-02
  -8.3597896e-02
  -9.1469482e-02
  -8.9759738e-02
  -8.3098442e-02
  -8.0808097e-02
  -8.3472475e-02
  -8.6534489e-02
  -8.8096147e-02
  -8.8598771e-02
  -8.0001315e-02
  -5.7347883e-02
  -2.8571244e-02
  -1.5498320e-03
   2.2649792e-02
   4.5928099e-02
   6.5406896e-02
   7.4665162e-02
   6.9890702e-02
   5.3288371e-02
   3.2387664e-02
   1.3455411e-02
   5.3587714e-03
   1.6515899e-02
   3.9115194e-02
   6.0202623e-02
   6.9398530e-02
   6.9387961e-02
   7.0477763e-02
   7.8594320e-02
   9.0965214e-02
   1.0197209e-01
   1.0259392e-01
   8.9413303e-02
   7.0857902e-02
   5.3712431e-02
   3.5770982e-02
   1.3932435e-02
  -9.0708500e-03
  -2.7997689e-02
  -3.9338439e-02
  -4.6376115e-02
  -5.1421146e-02
  -5.3642674e-02
  -5.3169056e-02
  -5.1684554e-02
  -4.1680103e-02
  -2.2203419e-02
  -1.4288734e-03
   1.0994244e-02
   1.4623073e-02
   1.7765413e-02
   2.5514162e-02
   3.6100271e-02
   4.5731042e-02
   5.3090492e-02
   5.4510640e-02
   5.7834183e-02
   6.8193407e-02
   7.5810276e-02
   7.1711423e-02
   5.9884960e-02
   5.0724518e-02
   5.0173511e-02
   5.4669765e-02
   4.9600308e-02
   3.3146650e-02
   1.4937213e-02
  -1.3320243e-04
  -1.2767474e-02
  -1.9141288e-02
  -1.9037592e-02
  -1.7450686e-02
  -1.7075597e-02
  -2.0109661e-02
  -2.7661941e-02
  -3.7468043e-02
  -4.6890600e-02
  -5.5362870e-02
  -6.3175269e-02
  -6.5810522e-02
  -6.0404612e-02
  -5.1238651e-02
  -4.2725279e-02
  -3.5489136e-02
  -2.8422571e-02
  -2.1141685e-02
  -1.4365067e-02
  -1.2864358e-02
  -2.0219816e-02
  -3.2169821e-02
  -4.3105536e-02
  -4.6423324e-02
  -4.2128002e-02
  -3.6152765e-02
  -3.1397448e-02
  -2.7068069e-02
  -2.2120980e-02
  -1.6969083e-02
  -1.2153521e-02
  -7.7090558e-03
  -4.5596108e-03
  -1.0507263e-02
  -2.4998033e-02
  -2.9259651e-02
  -1.7330432e-02
  -1.3277849e-03
   9.8941318e-03
   1.5474715e-02
   2.0328091e-02
   2.6347485e-02
   3.2330473e-02
   3.7193596e-02
   3.7648424e-02
   3.2822058e-02
   2.5991068e-02
   1.8767960e-02
   8.8306239e-03
  -3.8862472e-03
  -1.5720860e-02
  -1.7982082e-02
  -1.0571418e-02
   1.0570361e-03
   1.3690870e-02
   2.5523674e-02
   3.5999042e-02
   4.1712398e-02
   4.3179403e-02
   4.3647031e-02
   4.4824909e-02
   4.6104957e-02
   4.7039156e-02
   4.8542214e-02
   5.1436765e-02
   5.4840986e-02
   5.7935530e-02
   6.0564207e-02
   6.2626845e-02
   5.9229787e-02
   4.6517625e-02
   2.8853559e-02
   1.2116059e-02
  -2.5153987e-03
  -1.6340803e-02
  -2.9779538e-02
  -3.9641070e-02
  -4.5353487e-02
  -4.9785504e-02
  -5.4469303e-02
  -5.8966497e-02
  -5.9810858e-02
  -5.4771582e-02
  -4.6710924e-02
  -3.9246956e-02
  -3.3760133e-02
  -3.6424041e-02
  -4.6837167e-02
  -5.8107573e-02
  -6.7157508e-02
  -7.2904451e-02
  -6.9327364e-02
  -5.7157989e-02
  -4.4106204e-02
  -3.3165557e-02
  -2.3627443e-02
  -1.4789949e-02
  -7.6858505e-03
  -1.9476919e-03
   3.1622689e-03
   8.2374452e-03
   1.2996708e-02
   1.7435067e-02
   2.1451362e-02
   2.5190275e-02
   2.7563412e-02
   2.8718508e-02
   2.9410203e-02
   3.0175413e-02
   3.0834696e-02
   3.1469788e-02
   3.2172757e-02
   3.3094861e-02
   3.3859601e-02
   3.4479191e-02
   3.4427284e-02
   3.3051175e-02
   3.0568940e-02
   2.8174077e-02
   2.6000345e-02
   2.3999831e-02
   2.1271334e-02
   1.7921015e-02
   1.4433649e-02
   1.1378141e-02
   8.4052958e-03
   4.1606001e-03
  -3.9207615e-03
  -1.4296367e-02
  -2.4214151e-02
  -3.2492534e-02
  -4.0055500e-02
  -4.6966699e-02
  -5.2475012e-02
  -4.4382530e-02
  -3.0997580e-02
  -2.5428317e-02
  -2.4699981e-02
  -2.3482997e-02
  -2.0405129e-02
  -1.7537940e-02
  -1.5971703e-02
  -1.5676000e-02
  -1.5598727e-02
  -1.5365031e-02
  -1.4556957e-02
  -1.0595469e-02
  -3.6062574e-03
   3.3906575e-03
   9.2999550e-03
   1.4345338e-02
   1.9142345e-02
   2.3566259e-02
   2.7504342e-02
   3.0876621e-02
   3.3725959e-02
   3.4916638e-02
   3.3659726e-02
   3.1058411e-02
   2.8587333e-02
   2.6523638e-02
   2.4623648e-02
   2.3060464e-02
   2.1997085e-02
   2.1042921e-02
   2.0005848e-02
   1.8837247e-02
   1.6976481e-02
   1.3862443e-02
   1.0241107e-02
   6.9865806e-03
   4.3645034e-03
   2.5209065e-03
   1.2986139e-03
   2.7094375e-04
  -6.6197003e-04
  -1.3326820e-03
  -1.4360487e-03
  -1.1743906e-03
  -7.8143602e-04
  -3.6235087e-04
   3.8608577e-05
   3.9602668e-04
   9.0655419e-04
   1.6559115e-03
   2.4294594e-03
   3.0216751e-03
   3.4365044e-03
   3.7251609e-03
   3.8951841e-03
   3.8458729e-03
   2.5957951e-03
   3.0811209e-04
  -1.8412483e-03
  -3.4383246e-03
  -4.6417335e-03
  -5.6719368e-03
  -6.5000100e-03
  -7.0697602e-03
  -6.9486724e-03
  -5.7748690e-03
  -4.1002617e-03
  -2.6813586e-03
  -1.6407506e-03
  -8.3182879e-04
  -1.5279772e-04
   3.5550086e-04
   6.6825987e-04
   7.5211354e-04
   6.6533338e-04
   2.5553855e-04
  -4.6901874e-04
  -1.2118760e-03
  -1.5105733e-03
  -1.4049635e-03
  -1.4471229e-03
  -1.7729243e-03
  -2.1359410e-03
  -2.4054908e-03
  -2.6154421e-03
  -2.8055702e-03
  -2.9551243e-03
  -3.0710450e-03
  -3.1760206e-03
  -3.2835563e-03
  -3.3873458e-03
  -3.4810829e-03
  -3.5594006e-03
  -3.6241546e-03
  -3.6731722e-03
  -3.7072168e-03
  -3.7231410e-03
  -3.7222015e-03
  -3.6990198e-03
  -3.6564611e-03
  -3.5997985e-03
  -3.5441927e-03
  -3.4832672e-03
  -3.3991129e-03
  -3.2861869e-03
  -3.1508424e-03
  -2.9986460e-03
  -2.8327448e-03
  -2.6544659e-03
  -2.4659349e-03
  -2.2702168e-03
  -2.0706938e-03
  -1.8685168e-03
  -1.6645548e-03
  -1.4594419e-03
  -1.2543759e-03
  -1.0497433e-03
  -8.4586116e-04
  -6.4330952e-04
  -4.4296215e-04
  -2.4540269e-04
  -5.1054395e-05
   1.3986572e-04
   3.2718480e-04
   5.1075298e-04
