  -1.2775577e-03
  -1.2592025e-03
  -1.2547282e-03
  -1.2396965e-03
  -1.2349873e-03
  -1.2142012e-03
  -1.1991577e-03
  -1.1721687e-03
  -1.1689439e-03
  -1.1693702e-03
  -1.1918650e-03
  -1.2121461e-03
  -1.2539649e-03
  -1.2816680e-03
  -1.3113087e-03
  -1.3307678e-03
  -1.3673489e-03
  -1.3999255e-03
  -1.4440578e-03
  -1.4407344e-03
  -1.3794330e-03
  -1.2623968e-03
  -1.1448532e-03
  -1.1564969e-03
  -1.3651646e-03
  -1.6467163e-03
  -1.9519665e-03
  -2.2553730e-03
  -2.4062776e-03
  -2.3157231e-03
  -2.1424822e-03
  -1.9623948e-03
  -1.7917140e-03
  -1.5903708e-03
  -1.4194316e-03
  -1.2762659e-03
  -1.1403366e-03
  -1.0128533e-03
  -1.1425162e-03
  -1.5532846e-03
  -2.0541824e-03
  -2.5358443e-03
  -2.9597161e-03
  -3.1487638e-03
  -3.0994879e-03
  -3.0023099e-03
  -2.9268106e-03
  -2.8448759e-03
  -2.7030725e-03
  -2.4838790e-03
  -1.9237233e-03
  -1.8724861e-03
  -2.7923822e-03
  -3.4227409e-03
  -2.8009785e-03
  -2.1053373e-03
  -2.2195786e-03
  -2.6933488e-03
  -2.5639818e-03
  -1.7346168e-03
  -9.7281367e-04
  -1.8501382e-03
  -2.9395524e-03
  -7.9366458e-04
   4.0798749e-03
   5.4651328e-03
   8.9559158e-04
  -6.5915157e-03
  -1.1058059e-02
  -9.2358469e-03
  -4.2259647e-03
  -8.8116698e-04
  -2.1326763e-03
  -4.7137332e-03
  -5.1618907e-03
  -4.6481103e-03
  -4.8520606e-03
  -6.3179614e-03
  -5.8000002e-03
   8.6387225e-04
   1.1275467e-02
  -9.4455985e-04
  -1.8547534e-02
  -1.3723282e-02
   3.9983747e-03
   1.2216936e-02
  -1.3224416e-03
  -2.2012587e-02
  -1.9942433e-02
   6.0701372e-03
   1.7174595e-02
   3.2888996e-03
  -1.1694160e-02
  -5.1891828e-03
   1.5441834e-02
   1.5076022e-02
  -1.1701030e-02
  -2.3745113e-02
  -4.6934756e-03
   1.4751900e-02
   4.9931359e-03
  -2.3772476e-02
  -4.6259619e-02
  -2.9313319e-02
   1.9331064e-02
   3.6610294e-02
   5.5639548e-03
  -1.9579440e-02
  -9.9076956e-03
   1.4102129e-02
   1.9935387e-02
   5.5663740e-03
  -1.0846205e-02
  -1.3452476e-02
   1.5347533e-03
   1.1042663e-02
  -1.1958930e-03
  -1.0929596e-02
  -5.2708357e-03
  -8.3009191e-04
  -6.2552391e-03
  -1.1814485e-02
  -1.1554952e-02
  -2.9426997e-03
   1.4298951e-02
   1.8580416e-02
  -7.9792045e-03
  -2.7167420e-02
  -1.1479007e-02
   2.0188226e-02
   2.6786341e-02
   2.3598671e-03
  -2.6858916e-02
  -2.8787443e-02
  -5.2102742e-03
   1.3370388e-02
   9.4509301e-03
  -7.3694909e-03
  -1.2161507e-02
   1.0319883e-03
   8.5129138e-03
  -1.1928045e-03
  -6.6909014e-03
   3.2421603e-03
   1.4959643e-02
   1.8158352e-02
   9.3507224e-03
  -7.7757122e-03
  -2.4284964e-02
  -1.8102805e-02
   8.7892396e-04
  -4.1827837e-03
  -1.8872595e-02
  -1.7830120e-02
  -5.0398752e-03
   6.7688199e-03
   1.4084631e-02
   1.6543496e-02
   8.2863219e-03
   2.1091540e-03
   8.7758167e-03
   1.6820762e-02
   1.0465526e-02
  -6.0184421e-03
  -5.5370151e-03
   1.4622133e-02
   2.4433520e-02
   1.3810654e-02
  -2.0054114e-03
  -1.6250025e-02
  -7.7519432e-03
   1.5512765e-02
   1.0992236e-02
  -3.5530004e-03
   1.3607608e-02
   4.3153214e-02
   4.3316567e-02
   1.6522710e-02
  -1.0505912e-02
  -9.6020344e-03
   1.6051089e-02
   2.0281587e-02
  -5.0590407e-03
  -1.4881783e-02
  -3.3400428e-03
   5.3995333e-03
   5.1738222e-03
   2.6454234e-03
   3.1208024e-03
   3.9391519e-03
   3.2663285e-03
   5.7802593e-03
   1.1046339e-02
   9.3605870e-03
   7.6682704e-03
   1.4566939e-02
   1.8507958e-02
   6.1249209e-03
  -1.9907555e-03
   3.6297915e-04
  -3.4182079e-03
   2.0228741e-04
   7.9987927e-03
   1.3555232e-02
   2.0812161e-02
   2.1342030e-02
   1.2536713e-02
   6.5240020e-04
  -2.2005541e-03
   6.0795907e-03
   1.7573993e-02
   2.4082505e-02
   1.7154161e-02
   4.4034451e-04
  -3.3098032e-03
   7.2861117e-03
   8.4748764e-03
   2.6936189e-04
  -1.9538690e-03
  -2.2706044e-03
  -7.3946808e-03
  -3.6550871e-03
   8.7084087e-03
   1.2835822e-02
   5.4033147e-03
  -4.6929354e-03
  -7.1935373e-03
  -3.8009186e-03
  -2.3310367e-04
   1.1266437e-03
   2.0787029e-03
   3.3289451e-03
   3.8627131e-03
   1.1910547e-03
  -1.5769479e-03
   4.7938713e-03
   1.9849189e-02
   1.8120303e-02
   2.3684282e-03
  -8.7524705e-03
  -1.0270771e-02
  -6.6338982e-03
  -3.2664225e-03
  -3.4294935e-04
   4.6157803e-03
   8.8654200e-03
   1.0106631e-02
   1.0074771e-02
   1.0507239e-02
   1.1316993e-02
   8.2071703e-03
  -6.6675083e-05
  -8.3071197e-03
  -1.0584758e-02
  -7.0800358e-03
  -7.8472422e-04
   7.8180829e-03
   1.5986852e-02
   1.4946138e-02
   4.5334932e-03
   1.4887890e-02
   1.4745911e-02
   6.7158917e-04
  -9.9779573e-04
  -1.0821567e-02
  -2.4713252e-02
  -1.5879281e-02
   1.3732677e-02
   3.4763033e-02
   1.1158431e-02
  -1.5715576e-02
  -6.8543952e-03
   1.4094261e-02
   2.6593629e-02
   2.0841402e-02
  -1.7003609e-03
  -1.6926219e-02
  -2.7900570e-03
   8.2124197e-03
  -7.2629417e-03
  -2.2557840e-02
  -7.7964983e-03
   2.5331550e-02
   5.5309671e-02
   4.7638900e-02
   1.7980672e-02
   1.1992282e-02
   2.3855737e-02
   3.2184970e-03
  -2.2745384e-02
  -1.6593172e-02
  -1.1599225e-04
  -6.9786537e-03
  -3.6278303e-02
  -5.4008133e-02
  -3.5841208e-02
   3.3522326e-03
   8.5509981e-03
  -2.8330853e-02
  -7.2106006e-02
  -1.0540603e-01
  -1.1745433e-01
  -1.0053633e-01
  -7.8105436e-02
  -7.9737202e-02
  -7.6899020e-02
  -8.2846895e-02
  -1.2060982e-01
  -1.3745595e-01
  -8.8424614e-02
  -1.9358896e-02
   1.7605466e-02
   2.5488326e-02
   1.1709075e-02
  -1.2024225e-02
  -4.9885441e-03
   2.6948637e-02
   2.9909187e-02
   2.1120194e-02
   2.2879261e-03
  -2.0665601e-02
  -2.6043914e-02
  -3.9857621e-02
  -3.4926268e-02
   1.3802433e-02
   8.0082228e-02
   1.1612531e-01
   1.1538135e-01
   9.0577090e-02
   6.3148611e-02
   5.0303747e-02
   1.5126989e-02
  -4.5374625e-02
  -5.2857265e-02
   6.8348069e-03
   3.2580728e-02
   7.1282783e-03
  -2.1121956e-02
  -4.2481366e-02
  -1.4876381e-02
   6.7522615e-02
   1.4755893e-01
   2.0083003e-01
   2.0856316e-01
   1.3616298e-01
   1.1934974e-02
  -1.5047250e-02
   7.8653390e-02
   1.2934115e-01
   7.2006773e-02
  -2.0381759e-02
  -9.1147239e-02
  -1.4141705e-01
  -1.2682568e-01
  -2.8186290e-02
   4.4467788e-02
   3.4131699e-02
  -1.6651067e-02
  -6.0256996e-02
  -6.4721777e-02
  -2.3347946e-02
   2.1746713e-02
   4.0560238e-02
   2.7368587e-02
  -2.3177077e-03
  -1.3908713e-02
   1.9382031e-02
   8.2529232e-02
   1.4522900e-01
   1.8775006e-01
   1.7557082e-01
   1.1709603e-01
   5.6142524e-02
   5.2320820e-02
   1.1554776e-01
   1.7860418e-01
   2.0734418e-01
   1.7495781e-01
   1.0349441e-01
   4.5593760e-02
   2.0523739e-02
   1.4376576e-02
  -1.6033239e-02
  -7.7681259e-02
  -1.2556208e-01
  -1.3498275e-01
  -1.1432115e-01
  -1.0966706e-01
  -1.3368039e-01
  -1.2790139e-01
  -5.5787986e-02
  -1.0948245e-02
  -4.2898497e-02
  -9.0100536e-02
  -1.0552992e-01
  -1.0789554e-01
  -1.2810103e-01
  -1.4666994e-01
  -1.5783219e-01
  -1.7829415e-01
  -1.9895929e-01
  -1.7189039e-01
  -9.6513926e-02
  -1.3562160e-02
   5.6861699e-02
   9.0106173e-02
   6.1954409e-02
  -5.2033220e-03
  -7.0666717e-02
  -8.7459294e-02
  -2.5713333e-02
   3.1155648e-02
   4.4749281e-02
   7.3883980e-02
   1.3933022e-01
   2.0552628e-01
   2.4394649e-01
   2.6681471e-01
   2.8634894e-01
   2.7086506e-01
   2.1219897e-01
   1.3074451e-01
   4.5687826e-02
   1.4981604e-02
   4.5547490e-02
   5.9599592e-02
   2.7546501e-02
   4.1889373e-03
   2.4239634e-02
   6.3411197e-02
   5.9521849e-02
   2.9923279e-03
  -2.7895285e-02
  -5.2053301e-03
   2.9051438e-02
   1.5599667e-02
  -5.2565673e-02
  -1.1145384e-01
  -6.7019756e-02
   5.6605925e-02
   1.0378001e-01
   6.1341983e-02
   2.5621381e-02
   1.1309324e-02
  -1.7339474e-02
  -3.9649290e-02
  -1.6028894e-02
   6.1500403e-03
  -1.3745125e-02
  -4.9600191e-02
  -7.2576923e-02
  -4.7112671e-02
   1.6219257e-02
   7.3365385e-02
   7.9325239e-02
   4.5613606e-02
   2.4266762e-02
   3.7686590e-02
   5.4384279e-02
   3.5147517e-02
  -3.0694361e-02
  -1.0337756e-01
  -1.3381662e-01
  -1.2087640e-01
  -9.7428044e-02
  -9.0648725e-02
  -1.0227660e-01
  -1.1103824e-01
  -1.0315173e-01
  -8.8024746e-02
  -8.7891104e-02
  -1.0251688e-01
  -1.1801919e-01
  -1.1455273e-01
  -8.5794058e-02
  -5.7129805e-02
  -4.8919299e-02
  -3.1787568e-02
   1.7418391e-02
   8.3547868e-02
   1.2490209e-01
   1.1151467e-01
   3.5438287e-02
  -1.6784122e-02
  -2.3452699e-03
   3.2168060e-02
   5.4375002e-02
   6.5981743e-02
   6.4796584e-02
   3.8932229e-02
   1.0932109e-04
   3.8508052e-03
   6.8768019e-02
   1.2808224e-01
   1.3533154e-01
   9.0047573e-02
   1.9036653e-02
  -1.9629232e-02
   5.8487477e-03
   6.1969910e-02
   7.4258130e-02
   3.8699119e-02
   3.3035204e-03
  -6.4947136e-04
   2.6108034e-02
   4.7705955e-02
   2.8301729e-02
  -2.4408976e-02
  -7.5821784e-02
  -9.6039486e-02
  -9.3502996e-02
  -1.4696470e-01
  -2.2470116e-01
  -2.4758112e-01
  -2.2768754e-01
  -2.1506322e-01
  -2.2253212e-01
  -2.3217945e-01
  -2.3299210e-01
  -2.2932107e-01
  -2.2683613e-01
  -2.2328371e-01
  -2.1192652e-01
  -1.9447325e-01
  -1.8330748e-01
  -1.8601789e-01
  -1.8812938e-01
  -1.7040014e-01
  -1.4298716e-01
  -1.1699316e-01
  -9.1991483e-02
  -8.1000104e-02
  -5.7002974e-02
  -8.7056490e-04
   5.8711192e-02
   9.7942529e-02
   1.1305519e-01
   1.0581658e-01
   8.7207629e-02
   6.8076558e-02
   5.1420794e-02
   4.3697058e-02
   5.3068884e-02
   4.7689279e-02
   1.9566874e-02
   1.5176077e-02
   4.4652866e-02
   6.1249796e-02
   4.1535775e-02
   7.8578818e-03
  -1.0520991e-02
  -1.2373360e-02
  -1.3909417e-02
  -2.8348234e-02
  -5.6851013e-02
  -8.7515663e-02
  -8.9744354e-02
  -5.1934692e-02
  -2.6051782e-02
  -3.9012790e-02
  -6.7934461e-02
  -9.3942440e-02
  -1.1695194e-01
  -1.4032020e-01
  -1.2682333e-01
  -9.7567323e-02
  -1.0166512e-01
  -1.1515635e-01
  -1.1668571e-01
  -1.1839146e-01
  -1.2215292e-01
  -1.1269255e-01
  -9.0700162e-02
  -7.5064912e-02
  -7.7858821e-02
  -8.1764727e-02
  -6.3972186e-02
  -2.7991934e-02
   7.8599370e-03
   2.7816368e-02
   2.6515535e-02
   2.9240039e-02
   4.7662974e-02
   6.0903478e-02
   5.6326193e-02
   4.6359322e-02
   4.0513029e-02
   4.2657754e-02
   6.0813053e-02
   9.1731129e-02
   1.1475554e-01
   1.2124162e-01
   1.1970204e-01
   1.2069085e-01
   1.3025480e-01
   1.4529242e-01
   1.4033194e-01
   1.0020950e-01
   4.8813020e-02
   1.6904376e-02
   4.0761640e-03
   1.3931965e-02
   3.9097108e-02
   3.3413111e-02
  -4.6492846e-03
  -8.3310414e-03
   3.4825861e-02
   7.8361093e-02
   8.4972126e-02
   6.2659609e-02
   3.7410499e-02
   6.6424593e-02
   1.5040791e-01
   2.2986832e-01
   2.5716738e-01
   2.4941546e-01
   2.5149760e-01
   2.6306500e-01
   2.4873316e-01
   1.9332355e-01
   1.1565956e-01
   6.6938256e-02
   4.8688421e-02
   2.1832441e-02
  -1.0984462e-02
  -1.1254493e-02
   2.2598825e-02
   4.1165031e-02
   1.8020366e-02
  -7.6503145e-04
   1.5758322e-02
   4.5089609e-02
   6.6626112e-02
   5.6538752e-02
   2.7125847e-02
   1.5700896e-02
   1.7742983e-02
   7.9353775e-03
  -1.4406404e-02
  -3.7156251e-02
  -4.6525963e-02
  -4.5454834e-02
  -5.3838204e-02
  -7.8369313e-02
  -9.8354963e-02
  -1.0831338e-01
  -1.2408004e-01
  -1.2731656e-01
  -1.0877056e-01
  -1.0920847e-01
  -1.1295009e-01
  -7.9089663e-02
  -1.8947049e-02
   3.7205457e-02
   8.0701935e-02
   1.0714548e-01
   1.2624672e-01
   1.5031279e-01
   1.5586984e-01
   1.3374498e-01
   1.0729333e-01
   9.4137500e-02
   8.0094441e-02
   5.4563956e-02
   2.6502382e-02
   5.8313672e-03
  -9.8545091e-04
   1.9990816e-04
  -1.1897159e-02
  -3.9436262e-02
  -6.9535695e-02
  -9.5695517e-02
  -1.1822235e-01
  -1.0866099e-01
  -5.9140536e-02
   2.5364667e-03
   5.8473855e-02
   1.0903983e-01
   1.5121822e-01
   1.7850436e-01
   1.9533992e-01
   1.9936796e-01
   1.7620263e-01
   1.4348978e-01
   1.2658846e-01
   1.2196620e-01
   1.2159745e-01
   1.2279060e-01
   1.2745161e-01
   1.3560634e-01
   1.4383035e-01
   1.5022119e-01
   1.4144641e-01
   1.1507673e-01
   8.8792187e-02
   6.9262540e-02
   5.2489809e-02
   4.2757926e-02
   3.7778425e-02
   1.8105976e-02
  -1.2414228e-02
  -2.7521488e-02
  -2.4439275e-02
  -2.6180961e-02
  -5.4121106e-02
  -1.0112902e-01
  -1.4179636e-01
  -1.6437687e-01
  -1.7272888e-01
  -1.7684148e-01
  -1.7407117e-01
  -1.6395175e-01
  -1.5105381e-01
  -1.3444020e-01
  -1.0863727e-01
  -7.6314309e-02
  -4.4773590e-02
  -3.4377374e-02
  -5.0791809e-02
  -7.4751007e-02
  -6.3997083e-02
  -1.0972284e-02
   5.1889244e-02
   9.9908635e-02
   1.1942020e-01
   1.2132030e-01
   1.2212356e-01
   1.2586858e-01
   1.2890194e-01
   1.3138570e-01
   1.3405736e-01
   1.3665034e-01
   1.2101967e-01
   5.8946063e-02
  -3.7708903e-02
  -1.3449775e-01
  -2.0507650e-01
  -2.2703812e-01
  -2.2928701e-01
  -2.4611435e-01
  -2.7522427e-01
  -3.0185161e-01
  -3.1853919e-01
  -2.9476202e-01
  -2.3131278e-01
  -1.6157486e-01
  -1.1215235e-01
  -8.5577741e-02
  -6.5785626e-02
  -4.4772063e-02
  -4.3173531e-02
  -5.3254550e-02
  -2.5425263e-02
   4.1499370e-02
   8.3479051e-02
   7.2776798e-02
   4.3422729e-02
   4.9010429e-02
   7.7374282e-02
   9.6697595e-02
   1.2044658e-01
   1.5636777e-01
   1.8355761e-01
   1.9027728e-01
   1.7460785e-01
   1.3845063e-01
   9.6640286e-02
   5.6671689e-02
   2.4157194e-02
  -1.2321102e-03
  -1.2429964e-02
  -1.6555240e-02
  -2.5787435e-02
  -3.9051309e-02
  -3.3751325e-02
   2.0142308e-03
   5.1498301e-02
   9.4511532e-02
   1.0368771e-01
   8.2408274e-02
   5.8465047e-02
   5.2880870e-02
   6.2448813e-02
   5.2312012e-02
   7.4745253e-03
  -5.2533965e-02
  -9.9303255e-02
  -1.1231523e-01
  -1.0201331e-01
  -1.0497621e-01
  -1.2799534e-01
  -1.5208254e-01
  -1.4880492e-01
  -1.2092807e-01
  -9.2370800e-02
  -7.5863709e-02
  -6.6922637e-02
  -6.5707179e-02
  -7.2769165e-02
  -8.2244686e-02
  -9.0566168e-02
  -9.6427258e-02
  -1.0012495e-01
  -8.6794491e-02
  -5.4134611e-02
  -1.7350278e-02
   1.5870826e-02
   4.6182816e-02
   6.8504846e-02
   8.0668466e-02
   9.4923261e-02
   1.1604005e-01
   1.3576135e-01
   1.4628240e-01
   1.5002155e-01
   1.4228842e-01
   1.2157631e-01
   1.1277746e-01
   1.2540706e-01
   1.4441048e-01
   1.6884294e-01
   2.0059047e-01
   2.3101332e-01
   2.5241594e-01
   2.6715762e-01
   2.4557767e-01
   1.7911855e-01
   9.8764460e-02
   2.4946361e-02
  -4.3319268e-02
  -1.1281621e-01
  -1.8361281e-01
  -2.4593820e-01
  -2.7620486e-01
  -2.8443709e-01
  -2.9300166e-01
  -2.6936189e-01
  -2.0193040e-01
  -1.2194036e-01
  -5.2828493e-02
  -4.1871523e-02
  -7.8197623e-02
  -9.6196967e-02
  -9.8564350e-02
  -1.1614257e-01
  -1.4582323e-01
  -1.6734212e-01
  -1.7562837e-01
  -1.6213737e-01
  -1.3059184e-01
  -9.0655889e-02
  -4.6176945e-02
  -8.5205236e-04
   4.3128201e-02
   7.6649470e-02
   9.9756556e-02
   1.2059573e-01
   1.3882172e-01
   1.3794800e-01
   1.1773030e-01
   9.5735798e-02
   8.3139310e-02
   7.7082102e-02
   7.2111526e-02
   6.9614964e-02
   6.9472867e-02
   6.3549888e-02
   5.4485157e-02
   6.2567540e-02
   8.6749396e-02
   8.9688690e-02
   6.0853216e-02
   3.1327573e-02
   1.0556985e-02
  -1.5095399e-02
  -5.0499512e-02
  -8.7789170e-02
  -1.2110070e-01
  -1.3232636e-01
  -1.2705351e-01
  -1.2420922e-01
  -1.2549161e-01
  -1.1483199e-01
  -6.9732634e-02
   1.4810618e-04
   6.9390192e-02
   1.1041125e-01
   1.2175247e-01
   1.2036203e-01
   1.0613659e-01
   8.1150304e-02
   5.4214585e-02
   4.5112861e-02
   5.5276789e-02
   6.5912809e-02
   5.5984926e-02
   2.8438307e-02
   4.2656697e-03
  -7.8873699e-03
  -1.4024269e-02
  -1.8259817e-02
  -1.7200900e-02
  -1.1826346e-02
  -4.8049572e-03
   1.7622259e-03
   5.0343675e-03
  -3.5871037e-03
  -2.2010825e-02
  -4.1155988e-02
  -4.5472331e-02
  -3.0567765e-02
  -1.5301381e-02
  -5.1713443e-02
  -1.2303017e-01
  -1.6626876e-01
  -1.7575755e-01
  -1.7822369e-01
  -1.7005488e-01
  -1.3982110e-01
  -1.1024496e-01
  -8.3687382e-02
  -4.6451509e-02
  -1.6156076e-02
  -4.1497726e-03
   1.3003754e-02
   4.5238165e-02
   7.8596903e-02
   9.5139695e-02
   6.9928869e-02
   2.3981981e-02
   1.8899840e-02
   5.5699792e-02
   9.2522762e-02
   1.0743954e-01
   1.1239415e-01
   1.1489928e-01
   1.2019762e-01
   1.4308581e-01
   1.7827654e-01
   1.6854113e-01
   1.0588587e-01
   3.2959223e-02
  -2.7246219e-02
  -6.1365000e-02
  -6.1543972e-02
  -5.6800163e-02
  -7.1756753e-02
  -8.7138460e-02
  -7.8179538e-02
  -5.2644942e-02
  -3.7415079e-02
  -4.9181533e-02
  -7.6136159e-02
  -1.0028854e-01
  -9.8876964e-02
  -7.9846065e-02
  -6.8181663e-02
  -6.6087905e-02
  -5.8667858e-02
  -3.8646039e-02
  -1.4286268e-02
   5.2983861e-03
   9.8026143e-03
  -2.6357232e-03
  -2.1581129e-02
  -2.6931844e-02
  -3.5224319e-03
   3.5023270e-02
   4.5484897e-02
   2.7533584e-02
   2.0301433e-02
   3.2919530e-02
   4.7750229e-02
   4.9322338e-02
   3.9387996e-02
   2.6389527e-02
   1.4829172e-02
   3.3859718e-03
  -1.1842199e-02
  -2.9383428e-02
  -3.3748272e-02
  -2.3997247e-02
  -1.5959724e-02
  -1.6975894e-02
  -2.1087664e-02
  -2.2789070e-02
  -1.0757365e-02
   1.6416666e-02
   4.6318337e-02
   4.7421644e-02
   1.1190984e-02
  -4.7026826e-03
   2.3092406e-02
   6.1954174e-02
   8.2719243e-02
   7.6619524e-02
   3.7794396e-02
  -2.1186663e-02
  -5.9854544e-02
  -9.3069072e-02
  -1.2336486e-01
  -1.3418184e-01
  -1.3548890e-01
  -1.4194316e-01
  -1.1986645e-01
  -5.8511199e-02
   1.2712162e-02
   7.5592080e-02
   1.2127920e-01
   1.2404129e-01
   8.8604173e-02
   3.4255006e-02
  -2.8877751e-03
  -2.1210032e-03
   1.1817773e-03
  -2.8532843e-02
  -6.0994491e-02
  -5.3724174e-02
  -3.0013939e-02
  -2.2210700e-02
  -2.1511959e-02
  -2.1551182e-02
  -3.6137498e-02
  -5.9942503e-02
  -8.1147486e-02
  -7.7530589e-02
  -5.0300341e-02
  -2.5162677e-02
  -1.4126908e-02
  -2.8813044e-02
  -6.6793927e-02
  -8.3089517e-02
  -8.0410226e-02
  -6.2921256e-02
  -1.4837745e-02
   5.0418481e-02
   7.7846490e-02
   5.7082948e-02
   4.2575314e-02
   6.5425686e-02
   1.0860802e-01
   1.4543217e-01
   1.5874583e-01
   1.2505828e-01
   7.7794114e-02
   6.7986368e-02
   8.1910112e-02
   8.7744192e-02
   8.2003239e-02
   6.7156803e-02
   5.7846749e-02
   6.7999168e-02
   8.9849929e-02
   1.0996264e-01
   1.2448402e-01
   1.0790247e-01
   6.2794308e-02
   2.2117574e-02
  -2.8779457e-02
  -9.3944789e-02
  -1.2642992e-01
  -1.3287948e-01
  -1.2674817e-01
  -9.5181267e-02
  -6.7899818e-02
  -7.2857476e-02
  -1.0266966e-01
  -1.3609957e-01
  -1.3097233e-01
  -8.4264577e-02
  -3.3632950e-02
  -1.5452403e-02
  -1.5145779e-02
   2.1752584e-03
   3.5972031e-02
   7.1058951e-02
   1.0012589e-01
   1.2400018e-01
   1.3824981e-01
   1.4492367e-01
   1.4698232e-01
   1.4535936e-01
   1.4195020e-01
   1.3929734e-01
   1.3981992e-01
   1.4394778e-01
   1.2308888e-01
   6.3137337e-02
  -1.0979706e-02
  -4.4270966e-02
  -3.0291322e-02
  -2.5308180e-02
  -3.7432577e-02
  -3.4744595e-02
  -1.2609171e-02
   7.4971668e-03
   1.5449349e-03
  -2.5011421e-02
  -5.0953165e-02
  -5.2955676e-02
  -3.1389697e-02
  -8.2094251e-03
   2.8123345e-03
  -2.1657227e-03
  -1.5241254e-02
  -1.2230911e-02
   1.9039589e-02
   2.9046506e-02
   1.4821304e-02
   8.2648782e-03
   6.7080118e-04
  -2.4559059e-02
  -6.1639447e-02
  -8.4274912e-02
  -7.9806372e-02
  -6.2601949e-02
  -4.9650218e-02
  -4.3172591e-02
  -2.7642564e-02
   3.4757983e-03
   3.9882752e-02
   7.1124598e-02
   6.0137211e-02
  -7.2116341e-03
  -6.5642942e-02
  -6.3837135e-02
  -3.2227130e-02
  -1.8699613e-02
  -3.6571070e-02
  -6.2722202e-02
  -4.7367271e-02
   6.4177816e-03
   3.3390681e-02
  -3.4763855e-04
  -3.2939846e-02
  -4.0366821e-02
  -5.7494442e-02
  -9.7670783e-02
  -1.4612856e-01
  -1.8107738e-01
  -1.6359475e-01
  -1.0378166e-01
  -5.4146707e-02
  -2.7610151e-02
  -1.8967718e-02
  -3.2455659e-02
  -4.1317814e-02
  -2.3000807e-02
  -1.0584441e-02
  -3.2790820e-02
  -6.7960297e-02
  -7.2697999e-02
  -3.9962843e-02
   7.2150397e-03
   5.0843128e-02
   9.0683369e-02
   1.2221986e-01
   9.8253851e-02
   1.8813408e-02
  -3.2743259e-02
  -1.8068632e-02
   2.3053653e-02
   3.3697423e-02
   1.2949734e-02
  -1.6602919e-02
  -4.2531511e-02
  -2.8509121e-02
   8.2515727e-03
   1.8721338e-02
   2.2217981e-02
   1.5542828e-02
  -1.8274731e-02
  -6.7785671e-02
  -9.5842194e-02
  -8.4178614e-02
  -5.4467071e-02
  -5.4043247e-02
  -8.9757977e-02
  -1.2411762e-01
  -9.4818157e-02
  -2.5016470e-02
  -8.4300747e-03
  -3.7139928e-02
  -4.1730013e-02
  -1.3579423e-02
   1.3442611e-02
   2.6672429e-02
   3.6547700e-02
   5.1732233e-02
   6.9759879e-02
   8.6326980e-02
   1.0118821e-01
   1.1588609e-01
   1.2504771e-01
   1.2626082e-01
   1.2445348e-01
   1.1994044e-01
   1.0031954e-01
   6.2496609e-02
   1.9013048e-02
  -2.1483774e-02
  -4.1733654e-02
  -3.1838770e-02
  -1.8583469e-02
  -1.9990112e-02
  -1.8541662e-02
  -1.1026116e-02
  -1.0894342e-02
  -1.4213458e-02
  -1.6790698e-02
  -3.3080299e-02
  -6.3351070e-02
  -9.2256888e-02
  -1.0716967e-01
  -1.1865334e-01
  -1.1248528e-01
  -8.1434263e-02
  -3.9443426e-02
   3.1946576e-03
   4.4020124e-02
   8.2187260e-02
   7.7277280e-02
  -1.0645355e-02
  -8.9711707e-02
  -8.9952333e-02
  -4.7537435e-02
  -9.4496501e-03
  -2.1644896e-02
  -6.3791805e-02
  -6.1394124e-02
  -7.8908342e-03
   2.1902315e-02
   2.0804645e-03
  -1.7376584e-02
  -8.7051792e-03
   1.0342700e-02
   2.1228587e-02
   1.6035353e-02
   3.4861444e-03
   7.6877295e-03
   3.6276894e-02
   4.7172446e-02
   1.8225291e-02
  -1.6723642e-02
  -2.3891203e-02
  -5.1109707e-03
   1.8799433e-02
   3.2070588e-02
   3.4811299e-02
   4.4102211e-02
   6.5199623e-02
   8.5419791e-02
   9.2913235e-02
   8.7173221e-02
   6.6923929e-02
   3.6686157e-02
   2.2289852e-02
   1.8992497e-02
   1.5799660e-02
   1.7703525e-02
   1.7504941e-02
   2.4216617e-02
   4.6398428e-02
   7.4797394e-02
   9.9840170e-02
   1.1751539e-01
   1.2666010e-01
   1.2545638e-01
   1.2398022e-01
   1.1320222e-01
   7.5951316e-02
   2.1166816e-02
  -3.1988031e-02
  -5.4496548e-02
  -3.6810873e-02
  -3.0358260e-03
   2.6661625e-02
   4.1348583e-02
   5.8238161e-02
   1.0169060e-01
   1.6394001e-01
   2.1060302e-01
   2.1275679e-01
   1.8966896e-01
   1.8444895e-01
   1.8031170e-01
   1.5080954e-01
   1.0638978e-01
   6.4315920e-02
   2.8804588e-02
   5.2156292e-03
  -4.4833130e-03
  -8.5067132e-03
  -1.2004730e-02
  -1.5478943e-02
  -1.8187594e-02
  -2.1486593e-02
  -4.1215763e-02
  -7.9678132e-02
  -1.2046420e-01
  -1.4131840e-01
  -1.3465863e-01
  -1.1112995e-01
  -8.9167276e-02
  -8.6815512e-02
  -8.9888095e-02
  -8.0821955e-02
  -6.3568208e-02
  -6.9163424e-02
  -1.0452796e-01
  -1.4705278e-01
  -1.7017231e-01
  -1.6627345e-01
  -1.6359945e-01
  -1.8115371e-01
  -1.7364018e-01
  -1.2280117e-01
  -6.1809376e-02
  -3.2715309e-02
  -4.1787322e-02
  -6.0483999e-02
  -7.2211698e-02
  -6.0353645e-02
  -2.6327051e-02
   1.2475294e-02
   3.7637855e-02
   3.5721776e-02
   1.6726813e-02
   5.0141451e-03
   5.5572257e-03
   8.2950004e-03
   7.8334083e-03
   6.4078231e-03
   1.0252416e-02
   2.2570523e-02
   2.8275189e-02
   2.0176599e-02
   2.5099497e-02
   5.5134692e-02
   9.3921419e-02
   1.2738937e-01
   1.3503795e-01
   9.0156436e-02
   2.4483900e-02
   1.0448005e-03
   2.4762809e-02
   6.3364105e-02
   9.5610142e-02
   1.0081359e-01
   8.2294126e-02
   8.6511941e-02
   1.2354688e-01
   1.5018009e-01
   1.4616379e-01
   1.4110937e-01
   1.3507788e-01
   1.0114781e-01
   4.3592893e-02
  -1.1918650e-02
  -4.1369486e-02
  -5.1311579e-02
  -6.4514973e-02
  -7.2064199e-02
  -5.0292238e-02
  -5.4786026e-03
   4.0150388e-02
   7.2626011e-02
   7.0132972e-02
   3.8646273e-02
   3.8310408e-03
  -2.2875503e-02
  -4.4026230e-02
  -5.2519873e-02
  -4.5923636e-02
  -3.3668651e-02
  -8.7680542e-03
   2.9307800e-02
   6.9786185e-02
   9.5877543e-02
   1.0606860e-01
   1.1206345e-01
   1.1940728e-01
   1.1781720e-01
   1.0111634e-01
   8.6249355e-02
   9.4446473e-02
   1.2069790e-01
   1.4219799e-01
   1.4942733e-01
   1.4975849e-01
   1.5091171e-01
   1.4319032e-01
   1.0916173e-01
   5.4679160e-02
  -5.5505554e-05
  -3.3707639e-02
  -3.7698569e-02
  -3.6777287e-02
  -4.8062842e-02
  -6.5118005e-02
  -7.9110449e-02
  -8.4202571e-02
  -7.8525150e-02
  -6.7772635e-02
  -5.7774526e-02
  -5.7229625e-02
  -7.1346786e-02
  -9.3427720e-02
  -1.1497397e-01
  -1.3370975e-01
  -1.3932082e-01
  -1.2807872e-01
  -1.1645483e-01
  -1.1666187e-01
  -1.2369955e-01
  -1.2768883e-01
  -1.2023872e-01
  -1.0464622e-01
  -9.4649637e-02
  -9.3852836e-02
  -9.2786404e-02
  -8.5880021e-02
  -8.0170774e-02
  -8.1992317e-02
  -7.2221798e-02
  -3.1513709e-02
   2.7651959e-02
   7.9403803e-02
   1.0469002e-01
   1.1139688e-01
   1.1643287e-01
   1.0335231e-01
   6.5262451e-02
   1.9758646e-02
  -2.1682006e-02
  -5.8886523e-02
  -8.6133446e-02
  -9.6226796e-02
  -1.1335395e-01
  -1.3426875e-01
  -1.2204723e-01
  -7.8161335e-02
  -2.9870551e-02
   9.4063046e-03
   2.5289978e-02
   7.4225131e-03
  -2.2977320e-02
  -4.6289918e-02
  -6.3532743e-02
  -7.6505611e-02
  -8.1465971e-02
  -7.4321076e-02
  -5.5303682e-02
  -3.9256938e-02
  -3.3365197e-02
  -3.1028348e-02
  -2.7328659e-02
  -2.9284900e-02
  -4.3007829e-02
  -6.2340654e-02
  -7.2906330e-02
  -7.0427853e-02
  -6.3156479e-02
  -5.0876128e-02
  -1.7060095e-02
   3.7057136e-02
   9.3914255e-02
   1.4618493e-01
   1.9591771e-01
   2.4511732e-01
   2.7062784e-01
   2.5189570e-01
   2.0509882e-01
   1.4269592e-01
   6.9941904e-02
  -4.1661196e-03
  -7.4514022e-02
  -1.0335549e-01
  -7.6158002e-02
  -2.6319535e-02
   1.7934638e-02
   5.5620876e-02
   9.4495561e-02
   1.3465041e-01
   1.5326160e-01
   1.4021216e-01
   1.0265287e-01
   5.4651210e-02
   7.9778422e-03
  -3.5411864e-02
  -5.8157836e-02
  -4.8606334e-02
  -2.2712855e-02
  -5.2918919e-04
  -1.8922271e-02
  -7.8715161e-02
  -1.3728449e-01
  -1.5717102e-01
  -1.4940384e-01
  -1.6953346e-01
  -2.2573694e-01
  -2.8722736e-01
  -3.1572192e-01
  -2.2125795e-01
  -2.9183788e-02
   1.0352401e-01
   1.4333947e-01
   1.6316024e-01
   2.0335607e-01
   2.2199192e-01
   1.8944818e-01
   1.3288770e-01
   8.2693525e-02
   4.2548187e-02
   3.6089467e-02
   6.5313535e-02
   8.7597515e-02
   6.9170470e-02
   2.5886668e-02
   1.8632792e-02
   5.9153337e-02
   1.0835319e-01
   1.3079618e-01
   1.0294528e-01
   4.5323541e-02
  -5.0726162e-04
  -2.4925105e-02
  -5.2653045e-02
  -9.2422941e-02
  -1.2736823e-01
  -1.1437622e-01
  -5.7455688e-02
   5.1917663e-03
   5.7344242e-02
   9.6462724e-02
   8.9720397e-02
   3.7904433e-02
  -2.2242525e-02
  -7.3914514e-02
  -1.2072021e-01
  -1.6044630e-01
  -1.8546712e-01
  -1.7938396e-01
  -1.3111560e-01
  -6.0177727e-02
   1.1521330e-02
   8.1468085e-02
   1.5259926e-01
   2.2027384e-01
   2.1854871e-01
   1.2893482e-01
   1.1911604e-02
  -8.5366710e-02
  -1.4520434e-01
  -1.8448770e-01
  -2.2188975e-01
  -2.2581092e-01
  -1.8097990e-01
  -1.1837150e-01
  -6.2463022e-02
  -2.7796169e-02
  -2.8279417e-02
  -5.3251496e-02
  -7.5462666e-02
  -7.7349738e-02
  -7.6188653e-02
  -9.3245460e-02
  -1.2105842e-01
  -1.4752017e-01
  -1.6090430e-01
  -1.2918261e-01
  -5.5011033e-02
   2.4664633e-02
   9.2693278e-02
   1.0435028e-01
   4.4092581e-02
  -4.5051912e-02
  -1.1343404e-01
  -1.3468212e-01
  -1.3453415e-01
  -1.4429304e-01
  -1.6137052e-01
  -1.6121081e-01
  -1.2220577e-01
  -6.0405082e-02
   7.9193476e-04
   5.5613007e-02
   1.0656641e-01
   1.0307716e-01
   2.2490197e-02
  -4.8020330e-02
  -5.9295081e-02
  -4.7309728e-02
  -3.7473092e-02
  -2.4735330e-02
  -2.5026570e-03
   2.3130103e-02
   4.6125860e-02
   4.8555367e-02
   2.1807427e-02
  -1.9155497e-02
  -5.3286844e-02
  -7.3318528e-02
  -8.5662765e-02
  -9.6094446e-02
  -7.2627655e-02
  -1.0942174e-02
   5.8457061e-02
   1.2006962e-01
   1.7674048e-01
   2.3545825e-01
   2.9518949e-01
   3.4165521e-01
   3.5264952e-01
   3.3582336e-01
   3.1765138e-01
   3.1102567e-01
   3.1334385e-01
   3.1457222e-01
   2.9294412e-01
   2.1075099e-01
   8.3538238e-02
  -3.1068980e-02
  -9.8317383e-02
  -1.3729741e-01
  -1.7614039e-01
  -2.0214061e-01
  -2.0497199e-01
  -1.9851890e-01
  -1.6561347e-01
  -9.4467612e-02
  -8.6945748e-03
   3.3377411e-02
   1.7644337e-02
  -1.5401553e-02
  -3.9112727e-02
  -4.5190251e-02
  -4.5018561e-02
  -6.1879133e-02
  -9.5888699e-02
  -1.3167342e-01
  -1.6280206e-01
  -1.8894203e-01
  -1.8264279e-01
  -1.4013348e-01
  -9.0294775e-02
  -4.7827853e-02
  -1.0827662e-02
   2.7676620e-02
   6.7157860e-02
   1.0613389e-01
   1.4298011e-01
   1.8002750e-01
   2.1664977e-01
   2.5043950e-01
   2.5400954e-01
   2.1920635e-01
   1.7150873e-01
   1.4065606e-01
   1.3682532e-01
   1.3301923e-01
   1.0219581e-01
   5.2909641e-02
   4.9365672e-03
  -3.6874054e-02
  -7.2237887e-02
  -9.6637820e-02
  -1.1242785e-01
  -1.2676109e-01
  -1.4162373e-01
  -1.4589252e-01
  -1.3141389e-01
  -1.0736391e-01
  -8.4398454e-02
  -6.4406933e-02
  -4.7251480e-02
  -3.7396877e-02
  -3.4039865e-02
  -3.1897723e-02
  -2.8646638e-02
  -2.4995684e-02
  -2.1696920e-02
  -1.6620299e-02
  -8.7418426e-03
   1.4413216e-04
   8.6631843e-03
   1.6713426e-02
   2.4566810e-02
   3.0603818e-02
   3.2327420e-02
   3.0884607e-02
   2.9382841e-02
   3.0893297e-02
   4.1723437e-02
   5.9500476e-02
   6.2983731e-02
   4.5751241e-02
   3.4608018e-02
   4.6121045e-02
   6.6647720e-02
   7.8735947e-02
   8.2500813e-02
   8.5909497e-02
   8.3077891e-02
   6.7794713e-02
   4.6193033e-02
   2.5383691e-02
   6.8748290e-03
  -6.3038339e-03
  -7.7886418e-03
  -7.3476597e-04
   7.1115790e-03
   1.3141037e-02
   1.8684346e-02
   2.3288994e-02
   1.8725801e-02
   4.5815126e-03
  -1.1108732e-02
  -2.4524650e-02
  -3.1907000e-02
  -3.2557711e-02
  -3.0386445e-02
  -3.0410050e-02
  -3.7619417e-02
  -4.7868369e-02
  -4.7171741e-02
  -3.5145050e-02
  -2.1435508e-02
  -1.0441593e-02
  -1.3917873e-03
   2.7019803e-03
   1.5302672e-03
  -9.3127085e-04
  -2.6191883e-03
  -3.8584267e-03
  -5.4755141e-03
  -8.9098341e-03
  -1.6263647e-02
  -2.5777453e-02
  -2.7994635e-02
  -1.8608483e-02
  -4.4328979e-03
   8.6452401e-03
   2.0084647e-02
   3.0714795e-02
   2.6234981e-02
   4.5212681e-03
  -2.0594553e-02
  -4.2384129e-02
  -6.0532030e-02
  -7.3256288e-02
  -8.0723661e-02
  -8.6494208e-02
  -8.3836877e-02
  -6.8429100e-02
  -4.7222826e-02
  -3.2088908e-02
  -2.4876252e-02
  -2.0401489e-02
  -1.7167196e-02
  -9.8104473e-03
   4.7173503e-03
   2.2003427e-02
   3.8377464e-02
   4.9404308e-02
   5.0652648e-02
   4.5067061e-02
   3.8358791e-02
   2.2030319e-02
  -6.0158467e-03
  -3.6783276e-02
  -6.4409047e-02
  -7.8100269e-02
  -7.3284589e-02
  -5.2817807e-02
  -2.0134440e-02
   1.7405708e-02
   5.4120402e-02
   8.2699984e-02
   9.9562552e-02
   1.0842083e-01
   8.9418471e-02
   3.3501305e-02
  -3.5853422e-02
  -9.9471892e-02
  -1.2959833e-01
  -1.2275184e-01
  -1.0364191e-01
  -8.8861591e-02
  -7.8184352e-02
  -7.6821983e-02
  -7.5371771e-02
  -6.8635551e-02
  -6.8792563e-02
  -7.7636516e-02
  -8.2230946e-02
  -7.4748071e-02
  -6.2424503e-02
  -5.8125423e-02
  -6.6395821e-02
  -6.8692860e-02
  -5.5728094e-02
  -3.7434808e-02
  -2.4612257e-02
  -1.9791528e-02
  -1.7932876e-02
  -1.5116655e-02
  -1.1569232e-02
  -8.3641817e-03
  -3.3325856e-03
   1.1268703e-02
   3.4768082e-02
   5.9317864e-02
   8.1464562e-02
   9.7468324e-02
   1.0366281e-01
   1.0030921e-01
   8.3070258e-02
   5.4636531e-02
   2.4902205e-02
  -2.7219796e-03
  -2.8758788e-02
  -4.9818856e-02
  -6.3178322e-02
  -7.3521105e-02
  -8.4041685e-02
  -9.4701426e-02
  -9.2490937e-02
  -7.5190451e-02
  -5.4258623e-02
  -4.6926888e-02
  -5.3384198e-02
  -6.0955150e-02
  -5.5088188e-02
  -3.4204861e-02
  -9.8669572e-03
   5.7612935e-03
   1.2014595e-02
   1.3904015e-02
   1.0247742e-02
   1.9214802e-03
  -7.4964387e-03
  -1.5906291e-02
  -2.0630958e-02
  -1.9170529e-02
  -1.3872542e-02
  -8.4818051e-03
  -3.9526570e-03
   5.9693188e-04
   8.2013103e-03
   1.9144811e-02
   3.0620024e-02
   3.7659463e-02
   3.7832915e-02
   3.4266163e-02
   2.5606349e-02
   1.0447218e-02
  -4.8374986e-03
  -1.3631565e-02
  -2.0698131e-02
  -3.4367040e-02
  -5.2766018e-02
  -7.0027515e-02
  -6.6824813e-02
  -4.2614420e-02
  -1.4842912e-02
   8.6778637e-03
   3.0242821e-02
   5.3062190e-02
   7.5378348e-02
   7.7470462e-02
   4.8995985e-02
   7.0263678e-03
  -3.1492805e-02
  -5.1156564e-02
  -4.1414229e-02
  -1.4296837e-02
   1.2842515e-02
   3.6019241e-02
   5.5227349e-02
   6.0640658e-02
   5.2260810e-02
   4.1345412e-02
   3.2782952e-02
   2.5599538e-02
   1.7930645e-02
   1.7190801e-02
   2.6768374e-02
   4.0560473e-02
   5.2939940e-02
   6.1492300e-02
   6.4280924e-02
   6.3160472e-02
   6.1632401e-02
   6.0818455e-02
   5.9975150e-02
   5.5680415e-02
   4.3671927e-02
   2.6254241e-02
   8.6306899e-03
  -6.9805914e-03
  -1.1464010e-02
  -4.2073747e-03
   5.3502221e-03
   1.2904404e-02
   1.9347505e-02
   2.5780154e-02
   2.0008197e-02
  -1.5650047e-03
  -2.7752131e-02
  -4.9141135e-02
  -6.1035476e-02
  -6.7348575e-02
  -7.3477301e-02
  -7.7516379e-02
  -7.3506778e-02
  -6.3205332e-02
  -5.1058975e-02
  -3.8648035e-02
  -2.5886315e-02
  -1.2921549e-02
  -5.7145306e-04
   3.9101219e-03
  -3.0102016e-04
  -6.3036812e-03
  -1.0788497e-02
  -1.4431301e-02
  -1.8294695e-02
  -1.8512303e-02
  -1.3972480e-02
  -8.2551663e-03
  -3.3800413e-03
   1.4811087e-03
   1.7117051e-02
   4.8645087e-02
   8.0446161e-02
   8.8293438e-02
   7.5145356e-02
   6.0191584e-02
   5.0097647e-02
   4.1338013e-02
   3.0751317e-02
   1.9435816e-02
   8.8267602e-03
   7.2025093e-04
   7.8444942e-04
   8.3588971e-03
   1.7095443e-02
   2.6302624e-02
   3.8203894e-02
   5.2509539e-02
   6.6721939e-02
   7.7137532e-02
   8.0917312e-02
   8.2198416e-02
   8.9700081e-02
   9.7971183e-02
   9.1226860e-02
   7.1104399e-02
   4.9568835e-02
   3.1360455e-02
   1.4305058e-02
  -3.6585515e-03
  -2.2008359e-02
  -3.8723194e-02
  -3.7823755e-02
  -1.5397795e-02
   1.3233106e-02
   3.7934027e-02
   4.7735197e-02
   4.4281535e-02
   3.6167092e-02
   2.5086227e-02
   1.1397271e-02
  -2.6872891e-03
  -8.4981756e-03
  -2.9937606e-03
   6.6409326e-03
   1.4794764e-02
   2.0663252e-02
   2.6004103e-02
   3.1750106e-02
   3.7700800e-02
   4.3091443e-02
   4.6229791e-02
   4.3969391e-02
   3.7640673e-02
   3.0946260e-02
   2.5361261e-02
   2.1713126e-02
   2.1263818e-02
   2.2971213e-02
   2.4849829e-02
   2.4353547e-02
   2.0618862e-02
   1.5614699e-02
   1.0957088e-02
   6.6304221e-03
   2.2261433e-03
  -2.1964908e-03
  -6.2671001e-03
  -4.9231678e-03
   7.1138690e-03
   1.8668257e-02
   1.0303630e-02
  -1.4653606e-02
  -3.9022772e-02
  -4.5345501e-02
  -5.3242923e-02
  -6.1838970e-02
  -7.1544077e-02
  -7.7142934e-02
  -7.7764638e-02
  -7.7526596e-02
  -7.8216999e-02
  -7.9287777e-02
  -7.9926743e-02
  -7.9720174e-02
  -7.0661314e-02
  -4.8865162e-02
  -2.8595905e-02
  -1.7601708e-02
  -8.2525474e-03
   4.6911974e-03
   1.9352554e-02
   3.2758408e-02
   4.3217569e-02
   5.0668384e-02
   5.6835511e-02
   6.1058141e-02
   5.8791870e-02
   5.0835612e-02
   4.2500743e-02
   3.9907766e-02
   4.3434003e-02
   4.8160196e-02
   5.2734780e-02
   5.8383194e-02
   6.5203028e-02
   6.9439045e-02
   6.7870811e-02
   6.2580105e-02
   5.7802710e-02
   5.5150781e-02
   5.3734861e-02
   5.2116834e-02
   5.0147088e-02
   4.8175228e-02
   4.6407471e-02
   4.4243251e-02
   3.6021119e-02
   2.0832829e-02
   4.5496993e-03
  -1.0204702e-02
  -2.3792322e-02
  -3.6984326e-02
  -4.3068309e-02
  -4.0978778e-02
  -3.6776113e-02
  -3.3978563e-02
  -3.1990145e-02
  -2.9869024e-02
  -2.8428560e-02
  -2.8086587e-02
  -2.8039261e-02
  -2.7830343e-02
  -2.7397241e-02
  -2.7067599e-02
  -2.6766612e-02
  -2.6451063e-02
  -2.5338948e-02
  -2.3298271e-02
  -2.0968115e-02
  -1.8863318e-02
  -1.6910247e-02
  -1.5008496e-02
  -1.3106510e-02
  -1.1291850e-02
  -9.3964283e-03
  -7.3928723e-03
  -5.3684011e-03
  -3.4753755e-03
  -1.6621591e-03
   3.2759230e-05
   1.6173809e-03
   2.0715511e-03
  -1.0763554e-03
  -7.1465396e-03
  -1.2596018e-02
  -1.5932244e-02
  -1.8110204e-02
  -2.0467487e-02
  -2.2868457e-02
  -2.3913398e-02
  -2.3230628e-02
  -2.1983345e-02
  -1.8554932e-02
  -1.2108308e-02
  -4.4909111e-03
   2.4887174e-03
   8.6675764e-03
   1.3521058e-02
   1.7082878e-02
   2.0118469e-02
   2.3088883e-02
   2.5886080e-02
   2.8261332e-02
   2.8874580e-02
   2.7912665e-02
   2.6698147e-02
   2.5741987e-02
   2.4812720e-02
   2.3714815e-02
   2.1576783e-02
   1.7749090e-02
   1.3064116e-02
   8.5787599e-03
   4.5306512e-03
   7.4520129e-04
  -3.2690060e-03
  -8.0406350e-03
  -1.3237099e-02
  -1.8086952e-02
  -2.2462012e-02
  -2.6136805e-02
  -2.4697750e-02
  -1.6716009e-02
  -1.1025964e-02
  -1.3377434e-02
  -1.9806325e-02
  -2.5119814e-02
  -2.8808816e-02
  -3.2111456e-02
  -3.5591188e-02
  -3.8686671e-02
  -4.0688477e-02
  -3.7217200e-02
  -2.8763016e-02
  -2.0053292e-02
  -1.3044622e-02
  -7.0774875e-03
  -1.4120214e-03
   3.6315530e-03
   6.1354901e-03
   6.1010462e-03
   4.0248916e-03
   6.6212152e-04
  -2.6462337e-03
  -5.5117547e-03
  -7.9984991e-03
  -9.9025754e-03
  -1.0911394e-02
  -1.1394465e-02
  -1.1773147e-02
  -1.2170314e-02
  -1.2499956e-02
  -1.2733888e-02
  -1.2788143e-02
  -1.2577581e-02
  -1.2180531e-02
  -1.1788297e-02
  -1.1447369e-02
  -1.1127557e-02
  -1.0738564e-02
  -1.0194649e-02
  -9.5687414e-03
  -9.0029253e-03
  -8.5211577e-03
  -8.1017485e-03
  -7.7266829e-03
  -7.4145275e-03
  -7.3813519e-03
  -7.6752109e-03
  -8.0310993e-03
  -8.2643262e-03
  -8.3573939e-03
  -8.2397705e-03
  -7.9510434e-03
  -7.6410019e-03
  -7.3505603e-03
  -7.0675172e-03
  -6.7877270e-03
  -6.5646112e-03
  -6.3775599e-03
  -6.1670920e-03
  -5.9138540e-03
  -5.6573278e-03
  -5.4221631e-03
  -5.1760300e-03
  -4.8724591e-03
  -4.4806707e-03
  -4.0376686e-03
  -3.5996810e-03
  -3.1890677e-03
  -2.7977372e-03
  -2.4064890e-03
  -2.0114711e-03
  -1.6150792e-03
  -1.2211182e-03
  -8.3084233e-04
  -4.4113837e-04
  -4.9399023e-05
   3.3748977e-04
   7.1160063e-04
   1.0726304e-03
   1.4307876e-03
   1.7957303e-03
   2.1507966e-03
   2.4769621e-03
   2.7677207e-03
   3.0361784e-03
   3.2989051e-03
   3.5594006e-03
   3.8134959e-03
   4.0624240e-03
   4.3123151e-03
   4.5637563e-03
   4.8134008e-03
   5.0589702e-03
   5.3003707e-03
   5.5383656e-03
   5.7732249e-03
   6.0044320e-03
   6.2312470e-03
   6.4532236e-03
   6.6704794e-03
   6.8830847e-03
   7.0910160e-03
   7.2942030e-03
   7.4925281e-03
