  -3.2162954e-03
  -2.7787298e-03
  -8.4243044e-04
  -6.9770080e-04
  -4.3108777e-03
  -1.7524682e-03
   2.0604524e-03
   1.0357160e-03
  -4.4909206e-04
  -3.2144423e-03
  -4.9485921e-03
  -4.8561394e-03
  -5.6419421e-03
  -8.4434919e-03
  -1.3266529e-02
  -1.3823377e-02
  -1.0483519e-02
  -6.3148500e-03
  -5.6322745e-03
  -8.2567826e-03
  -7.6964333e-03
  -6.0906512e-03
  -4.5744027e-03
  -1.9993558e-03
   1.2865559e-03
   4.6201002e-03
   7.2568915e-03
   3.3263777e-03
  -4.8797466e-03
  -4.0848176e-03
   1.9048204e-03
   3.4114095e-03
  -6.7574667e-04
  -1.7536654e-03
   2.9912439e-03
   4.9509537e-03
   7.6073261e-03
   9.9006773e-03
   8.3373866e-03
   5.6658855e-03
   9.5214369e-03
   1.2525513e-02
   3.7223375e-03
  -2.5115067e-03
  -2.2726549e-03
  -5.8209764e-03
  -1.0081155e-02
  -1.1280785e-04
   7.0928875e-03
   1.7570355e-03
   1.3039149e-03
   1.1284229e-03
   7.5549786e-04
   1.8570648e-03
   4.3611917e-03
   2.3647222e-03
  -3.4281207e-03
  -3.3605052e-03
  -1.1852638e-03
  -4.0241555e-03
  -1.2066161e-02
  -1.9398253e-02
  -1.5328777e-02
  -3.5788657e-03
   2.6057060e-03
   3.5620233e-03
   1.8385496e-03
   8.3346807e-04
   6.7627719e-03
   1.2037134e-02
   1.2963956e-02
   1.1249461e-02
   7.0558818e-03
   5.4826447e-03
   5.1028630e-03
   5.0684731e-03
   1.3255295e-03
  -1.2615793e-03
  -1.3772374e-03
  -6.9252017e-04
  -3.9346466e-03
  -4.1984668e-03
   2.7137956e-03
   9.2212424e-03
   1.0996334e-02
   7.3600695e-03
   5.3170581e-03
   5.3599266e-03
   5.3149343e-03
   7.9019857e-03
   8.3194290e-03
   2.7090398e-03
  -3.5796857e-03
  -2.6998560e-03
   7.0572675e-03
   1.1051682e-02
   8.7849314e-03
   7.8044984e-03
   7.1962049e-03
   1.4483214e-03
  -5.7247928e-03
   9.4245153e-04
   2.2409381e-03
  -9.3608849e-03
  -1.5538938e-02
  -1.2305185e-02
   4.2479361e-04
   1.0097718e-02
   9.9206028e-03
   1.4379487e-02
   2.0287766e-02
   1.5395851e-02
   1.0512300e-02
   4.9996850e-04
  -1.2804388e-02
  -1.1208626e-02
  -8.5616510e-03
  -1.4424012e-02
  -2.0490465e-02
  -1.8229126e-02
  -8.4964626e-03
  -8.2517807e-03
  -1.6341534e-02
  -1.7323049e-02
  -1.0565517e-02
  -4.6988264e-03
   1.5668084e-03
   9.9961229e-03
   1.3499157e-02
   1.2365207e-02
   1.6158350e-02
   1.2129627e-02
  -3.9103506e-03
  -9.8477887e-03
  -1.3156406e-02
  -1.7019739e-02
  -1.6047899e-02
  -2.3774483e-02
  -2.4600940e-02
  -2.6360944e-03
   2.2848152e-02
   3.5131854e-02
   4.0309614e-02
   3.6312214e-02
   2.5545146e-02
   2.1999391e-02
   2.4098293e-02
   2.3425336e-02
   1.3144926e-02
   1.0342564e-02
   1.6205827e-02
   7.0385146e-03
  -1.8300218e-02
  -3.6022105e-02
  -2.8859175e-02
  -3.4448811e-03
   1.4611787e-02
   2.2943844e-02
   2.4946069e-02
   1.4261328e-02
   7.9708394e-03
   9.0647083e-03
   1.2765521e-02
   1.5271132e-02
   1.4474768e-02
   5.2751489e-03
  -1.1407553e-02
  -2.5417230e-02
  -3.6778044e-02
  -3.9137043e-02
  -3.6074584e-02
  -2.0195601e-02
   3.6842331e-03
   1.0330429e-02
   1.2374801e-02
   7.2188281e-03
  -4.3346817e-03
  -4.5879160e-03
  -4.5082878e-03
  -1.1886667e-02
  -2.0160096e-02
  -2.6696315e-02
  -2.4194640e-02
  -1.5482113e-02
  -9.1682717e-03
   2.9047934e-03
   7.6728999e-03
   1.2691067e-02
   1.9195390e-02
   2.4170041e-02
   1.5130178e-02
  -4.8168378e-03
  -8.2822020e-03
   1.3257837e-03
   7.9938972e-03
   2.0602475e-03
  -3.5154485e-03
   2.0092365e-03
   1.1565236e-02
   2.2075486e-02
   3.8520747e-02
   5.0888578e-02
   6.2305397e-02
   7.1110172e-02
   8.7875553e-02
   1.0766084e-01
   1.1626898e-01
   8.2743302e-02
   2.2308934e-02
  -3.1749521e-02
  -7.7712728e-02
  -8.0255320e-02
  -6.1038693e-02
  -6.4975578e-02
  -9.4611684e-02
  -1.3135742e-01
  -1.7450392e-01
  -1.8941524e-01
  -1.8219532e-01
  -6.1682951e-02
   1.0931227e-02
  -9.6739530e-04
   2.0139186e-02
   8.3714977e-02
   1.4457713e-01
   1.7904742e-01
   1.9494354e-01
   1.8862724e-01
   1.5627168e-01
   4.3493676e-02
  -1.5179705e-02
  -7.7550700e-02
  -1.1425593e-01
  -6.9601328e-02
  -1.7131748e-02
  -9.9897271e-03
  -2.2802889e-02
   1.1162544e-02
   5.1463547e-02
   6.9812965e-02
   1.5041866e-02
  -7.6300806e-02
  -1.2677702e-01
  -1.6546528e-01
  -1.5586661e-01
  -9.3708066e-02
  -2.6852768e-02
   1.7680068e-02
   5.3255284e-02
   7.6152635e-02
   1.1061604e-01
   1.6363591e-01
   2.0002660e-01
   1.9771835e-01
   1.9493288e-01
   1.8591229e-01
   1.7110592e-01
   1.1893473e-01
   5.3636083e-02
   1.0903184e-04
  -1.2111752e-02
   4.5274917e-03
   3.2691185e-02
   1.0699419e-01
   1.1705288e-01
   9.9921870e-02
   9.4355030e-02
   6.1782496e-02
  -5.1251255e-03
  -1.0126254e-01
  -1.5593220e-01
  -1.1084072e-01
  -6.0941279e-02
  -1.0149705e-01
  -1.7907120e-01
  -2.3097508e-01
  -2.6629487e-01
  -2.8372517e-01
  -2.9800922e-01
  -3.1603646e-01
  -2.8492234e-01
  -2.0294572e-01
  -9.9439722e-02
   1.1587211e-02
   3.2514889e-02
   9.4791259e-03
   8.7888673e-03
   8.4197945e-03
   6.1252790e-02
   9.3560470e-02
   5.7965984e-02
  -5.0174786e-02
  -1.4103318e-01
  -1.4357265e-01
  -9.3119321e-02
   1.0095586e-02
   7.2631234e-02
   9.9003493e-02
   1.0529848e-01
   1.2020324e-01
   1.4451809e-01
   1.6406722e-01
   1.0306485e-01
  -3.5776439e-02
  -9.6846948e-02
  -1.1793846e-01
  -1.9993312e-02
   1.3296458e-01
   1.7901134e-01
   1.8109819e-01
   1.5525572e-01
   1.0258926e-01
   4.6478565e-02
   8.8633214e-03
  -5.5071129e-02
  -1.0906874e-01
  -1.5071467e-01
  -1.3263331e-01
  -1.0188654e-02
   4.6757030e-02
   9.4884737e-02
   1.2497306e-01
   1.2683933e-01
   1.0407015e-01
   2.0041609e-02
  -4.4908386e-02
  -8.2570286e-02
  -1.0281394e-01
  -7.1906536e-02
   2.2247763e-02
   6.9526300e-02
   7.2894119e-02
   4.4691912e-02
   9.2483837e-03
  -4.2134478e-04
   1.5813221e-02
   5.7753937e-02
   7.7112339e-02
   2.6710091e-02
  -4.9517900e-02
  -9.9916130e-02
  -1.4219427e-01
  -1.7231047e-01
  -1.8193293e-01
  -1.5817485e-01
  -1.3305232e-01
  -1.2494354e-01
  -1.1630096e-01
  -6.6662440e-02
  -6.3275269e-03
   3.4723012e-02
   5.2784862e-02
   1.8812951e-02
  -4.2855568e-02
  -5.2334940e-02
  -1.7190950e-02
   2.0173543e-02
   5.8457234e-02
   8.9185060e-02
   7.5702713e-02
   1.7924012e-02
  -8.4879348e-03
  -1.1973093e-02
  -1.3383212e-02
   2.7513671e-03
   2.5638870e-02
   3.1693352e-02
   3.3453110e-02
   5.9561418e-02
   8.3244309e-02
   9.6216383e-02
   8.7678758e-02
   2.0446924e-02
  -3.6948846e-02
  -7.4987527e-02
  -1.1374262e-01
  -1.3209786e-01
  -1.3644211e-01
  -9.2613394e-02
  -5.4042301e-03
   6.4964262e-02
   1.3355169e-01
   1.8126711e-01
   1.9477873e-01
   1.8907085e-01
   1.4338734e-01
   8.7600860e-02
   3.5142021e-02
  -7.1498104e-03
  -2.4172173e-02
  -3.2995479e-02
  -3.8213992e-02
  -3.6299914e-02
  -1.7751980e-02
  -1.1985147e-04
  -1.5675218e-02
  -5.0006526e-02
  -7.1021040e-02
  -6.5036339e-02
  -5.4113721e-02
  -3.0715691e-02
   1.8883552e-03
   1.2161935e-02
   5.3290052e-03
  -1.1184191e-02
  -3.8077630e-02
  -6.5656981e-02
  -8.0791833e-02
  -9.2790509e-02
  -9.6332001e-02
  -8.8130567e-02
  -6.7801145e-02
  -5.5926859e-02
  -6.3711662e-02
  -6.8706320e-02
  -5.9558712e-02
  -3.4535811e-02
  -9.4383729e-03
   1.2259922e-02
   3.6715726e-02
   5.2195543e-02
   6.1430069e-02
   5.9013098e-02
   3.8970177e-02
  -8.5313117e-04
  -4.1289489e-02
  -7.7012056e-02
  -1.0694089e-01
  -1.3060796e-01
  -1.4149483e-01
  -1.4665660e-01
  -1.2549129e-01
  -2.8043706e-02
   4.5564370e-02
   9.7449632e-02
   1.6166386e-01
   1.9356270e-01
   1.9216873e-01
   1.3559343e-01
   6.1378246e-02
   3.0514878e-02
   2.1556357e-02
   2.3917323e-02
   3.3630881e-02
   4.1851585e-02
   4.4766202e-02
   4.4053476e-02
   4.0949444e-02
   3.0862549e-02
   1.3055958e-03
  -3.6098281e-02
  -5.6464356e-02
  -7.3728202e-02
  -6.0752028e-02
  -1.2630307e-02
   2.8811124e-02
   5.9473434e-02
   7.4979655e-02
   6.5801789e-02
   3.3028852e-02
  -1.8571304e-04
  -2.2145102e-02
  -2.9429471e-02
  -1.5399459e-02
   1.6602615e-02
   5.4252707e-02
   8.3632159e-02
   1.0730988e-01
   1.2110768e-01
   1.2330604e-01
   9.1807354e-02
   4.2654263e-02
   8.0696223e-03
  -1.1067918e-02
  -2.0488497e-02
  -2.1301835e-02
  -1.8635836e-02
  -1.0823646e-02
  -3.3300758e-03
  -5.2533293e-03
  -1.1612712e-02
  -2.3160236e-02
  -3.4315482e-02
  -4.1145747e-02
  -3.8394552e-02
  -2.6632193e-02
  -1.3083263e-02
  -1.4355871e-02
  -2.8125704e-02
  -4.2521098e-02
  -5.1365478e-02
  -4.9884677e-02
  -3.6467190e-02
  -2.7389608e-02
  -2.4584131e-02
  -2.3993335e-02
  -1.7590526e-02
  -8.6819419e-03
  -8.3646919e-03
  -2.1643520e-02
  -2.9795428e-02
  -1.8859526e-02
   2.3596793e-03
   2.0236682e-02
   3.8839718e-02
   4.8656594e-02
   6.1690085e-02
   7.4328837e-02
   8.8659453e-02
   8.5755906e-02
   1.1281687e-02
  -1.6595481e-02
  -3.0131209e-02
  -3.7067087e-02
  -2.6564463e-02
  -1.9803815e-02
  -1.2161607e-02
  -1.1767442e-02
   2.3574818e-03
   2.1734046e-02
   4.1919397e-02
   5.4098961e-02
   6.3244110e-02
   6.3452548e-02
   5.8953813e-02
   3.9694629e-02
   1.3752859e-02
  -4.6941689e-03
  -1.7688842e-02
  -2.2472766e-02
  -1.5967295e-02
  -4.8290965e-03
   8.7463103e-03
   2.1999719e-02
   2.5318586e-02
   2.0252753e-02
   4.2980942e-03
  -2.0195109e-02
  -3.8244905e-02
  -4.5966242e-02
  -4.7452372e-02
  -4.8331308e-02
  -4.5741813e-02
  -3.3894423e-02
  -1.8641330e-02
  -9.9694736e-04
   1.1080464e-02
   1.7342482e-02
   2.2135836e-02
   2.2059824e-02
   1.2413914e-02
   6.3277729e-04
  -1.2527563e-02
  -3.0185164e-02
  -4.5258271e-02
  -5.8313327e-02
  -6.6003750e-02
  -6.4223001e-02
  -5.5983848e-02
  -3.2019868e-02
   1.0776907e-02
   3.5880003e-02
   4.6006912e-02
   4.6055455e-02
   3.6509091e-02
   2.2441196e-02
  -7.3070661e-03
  -3.0635333e-02
  -4.3448577e-02
  -4.6455359e-02
  -4.1302363e-02
  -5.6249685e-03
   2.3789652e-02
   2.6867609e-02
   1.6648698e-02
  -1.5014889e-02
  -3.5806451e-02
  -4.1613381e-02
  -3.6544104e-02
  -2.3159498e-02
  -9.5700616e-03
  -1.6913223e-03
   7.0003364e-03
   1.0356750e-02
   7.9747343e-03
   3.1438092e-03
   7.8187824e-04
   4.1098352e-03
   1.1705862e-02
   2.1111764e-02
   2.9139280e-02
   3.5477393e-02
   3.9856657e-02
   3.8447358e-02
   3.5617855e-02
   4.0453028e-02
   4.7422525e-02
   5.2570438e-02
   5.8586545e-02
   6.1859246e-02
   5.5038576e-02
   3.4042921e-02
   1.5724581e-02
   5.4521579e-03
   6.8238112e-03
   1.5697768e-02
   2.2050886e-02
   2.8107090e-02
   3.3809555e-02
   3.3478365e-02
   2.8219181e-02
   2.6747974e-02
   2.9623478e-02
   3.3610464e-02
   2.4796669e-02
   3.2314814e-03
  -1.7176191e-02
  -3.0757263e-02
  -4.1149354e-02
  -4.4328415e-02
  -4.2953391e-02
  -3.3198752e-02
  -2.6543635e-02
  -2.5631982e-02
  -2.3866403e-02
  -2.1765451e-02
  -1.7296646e-02
  -1.3921856e-02
  -8.3239389e-03
  -1.4589730e-03
   5.1015921e-03
   5.5457093e-03
  -6.9631667e-03
  -2.3776861e-02
  -3.5159979e-02
  -4.1171002e-02
  -4.5321164e-02
  -4.6768919e-02
  -4.1777377e-02
  -3.4055959e-02
  -2.2429389e-02
  -1.3557047e-02
  -7.6915380e-03
  -3.7822862e-03
  -1.6770957e-03
  -7.0938468e-04
  -8.8264223e-03
  -1.9834810e-02
  -3.1612666e-02
  -4.0788564e-02
  -3.7167862e-02
  -1.9407273e-02
   8.1386318e-04
   1.0664734e-02
   1.8417229e-02
   2.5268895e-02
   3.1267373e-02
   3.5384079e-02
   3.5430162e-02
   2.8597848e-02
   1.8748665e-02
   1.3165917e-02
   9.7719406e-03
   1.1002320e-02
   1.3452090e-02
   1.7737794e-02
   2.0184285e-02
   2.2159861e-02
   2.3585068e-02
   2.1005822e-02
   1.6289547e-02
   1.6980462e-02
   2.1424176e-02
   2.7121721e-02
   3.3043366e-02
   3.0755952e-02
   2.7446433e-02
   2.8210161e-02
   3.0304553e-02
   3.0245268e-02
   2.2727205e-02
   5.5129265e-03
  -9.8010498e-03
  -1.6940283e-02
  -2.2579855e-02
  -2.7802140e-02
  -3.2862069e-02
  -3.9852393e-02
  -4.5533784e-02
  -4.5578883e-02
  -3.8748865e-02
  -3.0513730e-02
  -2.5324736e-02
  -2.6011223e-02
  -2.3927655e-02
  -2.3335384e-02
  -2.8125950e-02
  -2.4631443e-02
  -1.1963500e-02
   4.4564815e-03
   1.9918776e-02
   3.2024706e-02
   3.5833756e-02
   2.9579445e-02
   1.2586110e-02
  -1.0075415e-02
  -2.1535283e-02
  -2.3014608e-02
  -1.9591932e-02
  -1.4409580e-02
  -6.0639773e-03
   1.1179025e-02
   2.4253515e-02
   2.8303475e-02
   2.7248162e-02
   1.8864528e-02
   4.3627906e-03
  -5.9963700e-03
  -6.2738100e-03
  -5.1979888e-03
  -7.7060435e-03
  -1.3183219e-02
  -2.1818586e-02
  -2.7814357e-02
  -2.3131209e-02
  -1.8741613e-02
  -1.6565962e-02
  -7.1045394e-03
   3.0259618e-03
   1.3558769e-02
   2.4794127e-02
   3.0675840e-02
   2.0646261e-02
   6.6029416e-03
  -2.6847438e-03
  -8.8602875e-03
  -9.2606014e-03
  -1.1081858e-02
  -1.6967178e-02
  -1.6003292e-02
   3.6495069e-04
   2.8290273e-02
   5.2232032e-02
   6.1825627e-02
   5.7481786e-02
   3.6923099e-02
   1.4057727e-02
   2.4458182e-03
  -4.9172853e-03
  -1.3216264e-02
  -2.6834646e-02
  -3.9363275e-02
  -4.1352627e-02
  -2.2229232e-02
   5.7572476e-03
   1.3348609e-02
   4.6741204e-03
  -1.1102931e-02
  -2.5236424e-02
  -2.8261246e-02
  -2.7115735e-02
  -2.7775244e-02
  -2.6342084e-02
  -2.0411747e-02
  -1.4769059e-02
  -7.5372425e-03
   1.4818914e-03
   1.9557575e-03
  -3.8992563e-03
  -1.1237982e-02
  -1.6188853e-02
  -1.4230415e-02
  -8.5391835e-03
  -9.1777015e-03
  -1.3335653e-02
  -1.2167592e-02
  -1.0071069e-02
  -1.5967049e-02
  -2.1525935e-02
  -2.1035260e-02
  -1.3600096e-02
  -1.0831600e-03
   7.6709401e-03
   1.4022140e-02
   1.4782097e-02
   1.1143602e-02
   7.4340153e-03
   8.3830594e-03
   1.3647819e-02
   1.2816196e-02
   9.0364190e-03
   1.0158561e-02
   1.3588371e-02
   1.2669748e-02
   2.8780785e-03
  -1.8870514e-02
  -3.4337048e-02
  -3.2951364e-02
  -1.6725776e-02
   8.4850649e-03
   2.7679717e-02
   4.0569875e-02
   4.1169362e-02
   2.9393884e-02
   1.4215081e-02
   8.1503657e-03
   4.4743406e-03
  -3.5257556e-03
  -1.8814017e-02
  -3.1900151e-02
  -3.5341932e-02
  -1.7328133e-02
   1.2679342e-02
   2.6206050e-02
   3.5955605e-02
   4.2469275e-02
   4.7917383e-02
   5.1356458e-02
   4.8741872e-02
   2.6617925e-02
  -1.0327969e-03
  -1.0170287e-02
  -6.6324362e-03
   3.9627883e-03
   1.6699127e-02
   2.3611799e-02
   2.9906371e-02
   4.2115864e-02
   4.3668987e-02
   1.5209552e-02
  -3.0307833e-02
  -5.5579024e-02
  -6.5264293e-02
  -4.0910576e-02
   1.2567578e-02
   4.8232501e-02
   6.9013239e-02
   7.1297455e-02
   4.7019915e-02
   7.6048088e-03
  -1.5923262e-02
  -2.3081764e-02
  -1.7738040e-02
  -2.9089343e-03
   8.4266004e-03
   1.7079925e-02
   1.5970985e-02
   1.3930466e-03
  -1.5169619e-02
  -2.3759067e-02
  -2.6184402e-02
  -2.2029977e-02
  -1.7923192e-02
  -1.8942590e-02
  -2.3836063e-02
  -2.4944102e-02
  -2.1528969e-02
  -1.4493956e-02
  -8.8272423e-03
  -4.1860031e-03
   5.4543226e-03
   2.0945144e-02
   2.9192087e-02
   2.1265100e-02
   8.2186536e-03
  -1.0445718e-02
  -2.7847977e-02
  -3.8188737e-02
  -3.6286467e-02
  -2.2741883e-02
  -9.7794024e-03
  -5.2041059e-03
  -6.3580055e-03
  -1.0874157e-02
  -1.2898686e-02
  -4.1004956e-03
   7.9453708e-03
   1.9170791e-02
   2.6490255e-02
   2.8833264e-02
   2.5719802e-02
   1.8070706e-02
   7.7894436e-03
   4.3347473e-03
   1.2938127e-02
   2.1475425e-02
   1.2451305e-02
  -5.8490689e-03
  -1.3407811e-02
  -4.3434309e-04
   2.1214917e-02
   3.2287345e-02
   2.3368675e-02
  -3.6983531e-04
  -1.4292569e-02
  -2.1859667e-02
  -2.5626242e-02
  -2.5329656e-02
  -2.5036431e-02
  -2.5262582e-02
  -2.5828285e-02
  -2.4395125e-02
  -1.9821280e-02
  -7.0651148e-03
   9.4697782e-03
   1.6957584e-02
   1.1478236e-02
   1.5057774e-03
  -6.0720869e-03
  -1.2551753e-02
  -1.5736963e-02
  -1.4916737e-02
  -1.0160447e-02
  -1.9725753e-03
   1.0613895e-02
   2.3646074e-02
   3.3159721e-02
   4.0058782e-02
   3.7405575e-02
   2.2375680e-02
   2.9087621e-03
  -2.8088969e-03
  -3.1854396e-03
  -1.4818914e-03
   4.1459471e-03
   1.3631994e-02
   2.2653899e-02
   2.3736846e-02
   1.6720364e-02
   2.8848597e-03
  -6.2928417e-03
  -1.4776357e-02
  -2.2441032e-02
  -2.7204293e-02
  -2.7707842e-02
  -2.1706905e-02
  -1.8427561e-02
  -2.2536724e-02
  -2.6972075e-02
  -2.5439041e-02
  -1.8416819e-02
  -9.5136471e-03
  -1.6968572e-03
  -1.0444980e-03
  -5.8160483e-03
  -8.4288963e-03
  -2.1828098e-03
   1.9210969e-02
   3.7566126e-02
   4.3431685e-02
   4.1696281e-02
   3.5297981e-02
   1.8486846e-02
  -2.0679717e-03
  -1.8706846e-02
  -3.1902283e-02
  -3.9839437e-02
  -4.3945156e-02
  -4.3480064e-02
  -4.3025795e-02
  -3.6591417e-02
  -2.6318879e-02
  -1.0887605e-02
   1.2087890e-02
   2.7807798e-02
   3.0889116e-02
   2.5174270e-02
   2.2453742e-02
   1.9887862e-02
   1.1580323e-02
   3.3496815e-03
   4.9774636e-03
   7.4918156e-03
   1.7076235e-03
  -1.6619425e-03
  -3.9567450e-03
  -9.2006609e-03
  -1.1756373e-02
  -4.9845810e-04
   1.3961953e-02
   1.7924094e-02
   2.2569605e-02
   4.1170100e-02
   5.2915649e-02
   6.1160952e-02
   4.7325029e-02
  -6.0372952e-03
  -4.7815787e-02
  -7.1614623e-02
  -7.7183759e-02
  -4.9945930e-02
  -1.1053158e-02
  -1.1274963e-03
  -1.2741906e-02
  -3.0642630e-02
  -2.7903079e-02
  -1.5200040e-03
   1.9295345e-02
   3.7832374e-02
   4.7807423e-02
   4.8947851e-02
   3.4928827e-02
   3.8861940e-03
  -2.0565739e-02
  -3.2316454e-02
  -4.7676965e-02
  -3.9125399e-02
   1.0308371e-02
   5.2024905e-02
   7.2570227e-02
   8.0686875e-02
   4.8149683e-02
  -1.1223550e-02
  -5.4570859e-02
  -7.8690718e-02
  -8.4601375e-02
  -5.8977101e-02
  -1.7515416e-03
   3.5599980e-02
   4.4242809e-02
   3.1591429e-02
   2.0995983e-03
  -1.4290355e-02
  -1.2353564e-02
  -2.1534053e-03
  -6.9879383e-03
  -3.0302257e-02
  -4.7989459e-02
  -4.8847813e-02
  -3.9106704e-02
  -3.0402786e-02
  -3.1561417e-02
  -3.1723855e-02
  -2.9791246e-02
  -1.6003702e-02
   5.5253164e-03
   1.6553580e-02
   1.5110662e-02
   1.5044408e-02
   2.6449092e-02
   3.8204234e-02
   4.4361460e-02
   3.5749954e-02
   1.2930091e-02
  -1.1725705e-02
  -3.0400490e-02
  -4.0305842e-02
  -3.6443575e-02
  -2.7983765e-02
  -1.5314345e-02
   4.8548111e-03
   1.5026779e-02
   7.2023383e-03
  -8.4255344e-03
  -1.9173004e-02
  -1.9383903e-02
  -1.5359280e-02
  -1.1262745e-02
  -5.8313737e-03
   2.8577184e-03
   1.2308793e-02
   1.6902973e-02
   1.3955557e-02
   8.0448097e-03
   4.7444418e-03
   2.8793085e-03
   1.5578215e-03
  -3.4995491e-04
  -6.4237269e-03
  -2.0041609e-02
  -3.5207702e-02
  -3.2924305e-02
   2.7807142e-03
   3.4459471e-02
   3.5105204e-02
   2.8669842e-03
  -2.5764737e-02
  -1.8719802e-02
   8.8347041e-03
   2.5762277e-02
   2.2482933e-02
   1.5149612e-02
   1.3984667e-02
   2.1916164e-02
   2.1723878e-02
   8.4464439e-03
  -7.9230428e-03
  -7.4813199e-03
   1.1707830e-02
   3.0917897e-02
   3.3290016e-02
   2.4637019e-02
   7.4671261e-03
  -1.0308289e-02
  -1.9815212e-02
  -2.4456952e-02
  -2.7092202e-02
  -2.0233730e-02
  -1.1607956e-03
   1.2893930e-02
   1.5256045e-02
   5.2472778e-03
  -7.8259654e-03
  -5.1393029e-03
   1.4557504e-03
  -2.7434871e-03
  -1.1638952e-02
  -1.6537427e-02
  -1.3251113e-02
  -1.9913774e-04
   1.9240243e-02
   3.1599628e-02
   3.2815986e-02
   2.8977252e-02
   2.8707397e-02
   2.6001957e-02
   1.7615864e-02
  -1.4298719e-03
  -2.3696503e-02
  -3.6660951e-02
  -3.4900045e-02
  -1.7324935e-02
  -3.9316865e-03
  -7.5403502e-03
  -1.9829808e-02
  -2.2402985e-02
  -1.0880717e-02
  -2.0867164e-03
   1.1963992e-03
   3.8254745e-03
   6.5691420e-03
   1.0802409e-02
   1.2221219e-02
   8.4311102e-03
  -6.8627274e-05
  -5.1450838e-03
  -4.8293999e-03
  -2.6837188e-03
  -2.8999638e-03
  -1.1749649e-03
   4.8966956e-03
   6.6208581e-03
   4.4023382e-03
  -6.1636950e-04
  -6.5316771e-03
  -7.1334600e-03
  -3.4931287e-03
  -1.3992539e-03
  -1.6188033e-03
  -2.3769809e-03
  -4.9804237e-04
   3.1331085e-03
   6.1319618e-03
   7.5609399e-03
   5.4269435e-03
   2.5192965e-03
   1.3028243e-03
   1.8310304e-03
   4.6668144e-03
   8.4318482e-03
   1.3437986e-02
   1.7368640e-02
   1.9015896e-02
   1.7429810e-02
   1.0885637e-02
   5.5750892e-03
   4.1729736e-03
   5.3243231e-03
   5.9596267e-03
   4.6988674e-03
   8.9969780e-04
  -4.9736835e-03
  -1.1941852e-02
  -1.6109889e-02
  -1.5250387e-02
  -1.2147749e-02
  -8.5432834e-03
  -5.1621147e-03
  -3.2186816e-03
  -2.8493054e-03
  -2.9566653e-03
  -2.2686206e-03
  -1.3380260e-03
   5.9956976e-04
   2.9403068e-03
   4.5542312e-03
   5.9205875e-03
   7.9175817e-03
   1.2761585e-02
   1.6042405e-02
   1.4519129e-02
   8.3028655e-03
   4.1734164e-03
   5.1190986e-03
   7.5928453e-03
   5.1988662e-03
  -2.7996803e-03
  -9.8180234e-03
  -1.5468829e-02
  -1.9704515e-02
  -2.0839695e-02
  -1.5517208e-02
  -6.1659335e-03
  -2.8608015e-03
  -6.7000271e-03
  -1.0340186e-02
  -8.1624850e-03
   1.9081249e-03
   1.1663387e-02
   1.7000141e-02
   2.1818258e-02
   2.6797009e-02
   2.7098761e-02
   1.6202957e-02
   1.9090597e-03
  -5.0749263e-03
  -4.3157074e-03
   1.6926261e-03
   7.8247437e-03
   9.8327010e-03
   1.2713781e-02
   1.6049867e-02
   1.6759805e-02
   1.3598866e-02
   5.7785589e-03
  -5.5637653e-04
  -3.0063315e-03
  -2.6427034e-03
  -4.2537662e-03
  -6.4143299e-03
  -6.1769951e-03
  -6.0199526e-03
  -9.1507242e-03
  -1.5918014e-02
  -1.9369144e-02
  -1.4803498e-02
  -5.9983215e-03
  -1.1834763e-03
  -1.7599300e-03
  -2.4108214e-03
  -2.5038399e-03
  -2.1853681e-03
  -5.0158550e-03
  -1.1754733e-02
  -1.5442508e-02
  -1.2085512e-02
  -3.8489997e-03
   2.5900935e-03
   3.9925207e-03
  -4.7134302e-06
  -3.8572569e-03
  -6.0796963e-03
  -4.8361811e-03
   4.2948307e-04
   4.6028314e-03
   4.7021883e-03
   1.2962726e-03
  -2.2110171e-04
   2.3413856e-03
   5.6842120e-03
   5.0140921e-03
   3.0107840e-03
   1.3529004e-03
  -8.6619344e-04
  -4.7045170e-03
  -5.9057377e-03
  -2.4842916e-03
   3.1359948e-03
   8.0880145e-03
   9.7405354e-03
   7.3123221e-03
   1.1212562e-03
  -2.8232875e-03
  -6.8472954e-03
  -1.4038703e-02
  -2.1123817e-02
  -2.6609808e-02
  -2.7896355e-02
  -2.1786771e-02
  -1.1275373e-02
  -4.2650409e-03
   2.8801039e-04
   5.2333218e-03
   8.7400785e-03
   1.0482863e-02
   9.7483252e-03
   8.1297514e-03
   6.9193142e-03
   4.7855064e-03
   9.7977699e-04
   3.9577864e-04
   2.1160061e-03
   1.1263565e-03
  -8.4352101e-04
  -1.3857078e-03
   9.9441362e-04
   4.3171260e-03
   6.2380753e-03
   6.1475250e-03
   4.9521180e-03
   3.0633529e-03
   1.1637066e-03
  -6.9495469e-04
  -1.2622517e-03
   1.1419689e-04
   1.7315177e-03
   3.3664008e-03
   4.0628668e-03
   2.5387464e-03
  -8.6807120e-04
  -2.9341815e-03
  -5.9704832e-03
  -8.7541821e-03
  -1.0576914e-02
  -8.8718492e-03
  -4.6257744e-03
  -1.5523440e-03
   6.7633623e-04
   2.1020910e-03
   2.2172407e-03
   1.2233437e-03
   4.5217436e-03
   1.0575192e-02
   1.6431239e-02
   1.9047138e-02
   1.6512581e-02
   8.1853132e-03
  -1.7762640e-03
  -8.7611520e-03
  -1.1702992e-02
  -1.0909580e-02
  -8.1565565e-03
  -7.6366486e-03
  -8.8338021e-03
  -1.0857347e-02
  -1.3184531e-02
  -1.3442414e-02
  -1.0277950e-02
  -5.0542219e-03
   4.2324467e-05
   6.1358321e-03
   1.3964823e-02
   2.1900830e-02
   2.4651369e-02
   2.2069090e-02
   1.2623501e-02
  -6.1418097e-05
  -1.0009735e-02
  -1.3706038e-02
  -1.0367574e-02
  -3.1425137e-03
   3.7413200e-03
   7.5196703e-03
   9.2948765e-03
   9.9886611e-03
   8.9636869e-03
   7.6008073e-03
   4.4865337e-03
  -7.1032356e-04
  -5.6244929e-03
  -9.0089497e-03
  -9.1389985e-03
  -8.3716617e-03
  -8.1965059e-03
  -9.1220249e-03
  -1.0233179e-02
  -9.3705606e-03
  -7.9224032e-03
  -7.8426028e-03
  -7.9744145e-03
  -6.3958312e-03
  -2.4202020e-03
   3.3068047e-03
   8.2459589e-03
   8.6368431e-03
   6.9091793e-03
   3.8006537e-03
   1.5937448e-03
   1.7562811e-03
   2.6765768e-03
   3.0063807e-03
   1.3004299e-03
  -1.6140967e-03
  -3.3911560e-03
  -1.8536454e-03
   3.7394587e-03
   9.6628833e-03
   1.2522725e-02
   1.1254955e-02
   7.4822875e-03
   1.6671411e-03
  -6.8829645e-03
  -1.5373712e-02
  -2.1304295e-02
  -2.2470060e-02
  -2.1380881e-02
  -1.5671610e-02
  -5.7043425e-03
   2.2924164e-03
   6.4418238e-03
   8.9076003e-03
   1.1063900e-02
   1.1714718e-02
   1.0623325e-02
   8.3902753e-03
   6.8581274e-03
   7.0120949e-03
   6.9444138e-03
   7.2773500e-03
   1.0205546e-02
   1.2618581e-02
   1.2323388e-02
   1.1852474e-02
   1.3327863e-02
   1.4689521e-02
   1.3066946e-02
   8.6767761e-03
   4.3526721e-03
   1.6595071e-03
  -1.3290636e-05
  -2.4296400e-03
  -5.6698296e-03
  -7.5208019e-03
  -8.0519764e-03
  -6.5047572e-03
  -2.9954094e-03
   2.1072405e-03
   6.2179284e-03
   8.4024110e-03
   1.0571830e-02
   1.0851935e-02
   9.6908446e-03
   6.3301180e-03
   3.4327290e-03
   3.1690892e-03
   1.7813397e-03
   9.6064687e-04
   1.4656066e-03
   1.3675289e-03
  -1.5659229e-04
  -3.5508634e-03
  -7.0011810e-03
  -8.0402343e-03
  -7.2133342e-03
  -7.6970483e-03
  -9.6227043e-03
  -1.2331178e-02
  -1.2999789e-02
  -1.0293611e-02
  -8.0432518e-03
  -6.1768065e-03
  -4.0393907e-03
  -3.4793940e-03
  -3.6663001e-03
  -5.3135321e-03
  -6.5450920e-03
  -6.1750025e-03
  -6.6413084e-03
  -7.4162381e-03
  -8.7615619e-03
  -6.7305058e-03
  -5.3844358e-04
   4.5964274e-03
   7.6144108e-03
   8.2913858e-03
   7.3281477e-03
   5.6506585e-03
   3.6176999e-03
   3.2406652e-05
  -2.1343982e-03
  -1.8882650e-03
   1.8773428e-03
   7.9588595e-03
   1.2870315e-02
   1.6100542e-02
   1.4830312e-02
   1.2429166e-02
   9.5940050e-03
   8.2091418e-03
   5.9150362e-03
   1.9147421e-03
  -2.3205827e-03
  -7.1723435e-03
  -1.0883259e-02
  -1.2547653e-02
  -1.1164266e-02
  -1.0036794e-02
  -8.2535847e-03
  -8.4994965e-03
  -1.0465807e-02
  -1.0565353e-02
  -9.3861403e-03
  -6.8603495e-03
  -5.7012020e-03
  -5.6477639e-03
  -5.7524179e-03
  -4.6518662e-03
   1.5299914e-04
   4.1390346e-03
   5.9713688e-03
   6.4889070e-03
   4.7423591e-03
   1.1130974e-03
  -2.7788036e-03
  -4.6600578e-03
  -2.8520606e-03
  -4.1763683e-04
   1.0967553e-03
   1.9646133e-03
   3.2380987e-03
   3.6802070e-03
   2.9597321e-03
   2.0025455e-03
   1.2310269e-03
   1.3301542e-03
   1.4568656e-03
   3.0530785e-03
   4.3322956e-03
   5.7996733e-03
   4.7553886e-03
   1.8125071e-03
  -6.1099699e-04
  -6.5334811e-04
   2.9985663e-03
   6.8327982e-03
   8.7517222e-03
   8.3053254e-03
   6.0247249e-03
   3.6755413e-03
   5.0752051e-04
  -2.8210981e-03
  -5.8302422e-03
  -7.7027717e-03
  -8.5206520e-03
  -1.0143965e-02
  -1.0571256e-02
  -1.0103704e-02
  -5.5311465e-03
  -3.8619882e-05
   4.3222672e-03
   8.3619860e-03
   1.0263846e-02
   9.6833828e-03
   7.8407415e-03
   6.0650269e-03
   4.3729174e-03
   5.5203064e-03
   9.0145256e-03
   1.1891505e-02
   1.1211332e-02
   7.5101914e-03
   2.0617972e-03
  -3.2268650e-03
  -6.9950147e-03
  -9.2217344e-03
  -1.0735088e-02
  -9.4305831e-03
  -7.3500412e-03
  -5.1431978e-03
  -6.8734774e-04
   2.0237912e-03
   5.1789161e-04
  -3.1985839e-03
  -6.4701213e-03
  -9.9239647e-03
  -1.0942379e-02
  -9.4014739e-03
  -6.4370351e-03
  -5.3151803e-03
  -4.6868055e-03
  -3.4922267e-03
  -1.6845985e-03
  -2.6089531e-04
  -8.4368501e-04
  -6.1269599e-04
  -1.5459728e-03
  -3.3039348e-03
  -5.1940693e-03
  -4.2003937e-03
   1.0303615e-03
   7.4345319e-03
   9.0495387e-03
   4.8718338e-03
   5.4603167e-04
  -5.4885977e-04
   1.3069734e-03
   6.0307271e-03
   1.1761457e-02
   1.6286103e-02
   1.8953988e-02
   1.9083381e-02
   1.1677901e-02
   8.4483298e-04
  -7.3460971e-03
  -1.1641166e-02
  -1.0253104e-02
  -6.1276241e-03
  -9.8342590e-04
   2.8576692e-03
   4.9824901e-03
   5.3659452e-03
   5.4742153e-03
   5.3056111e-03
   4.4687238e-03
   4.3862256e-03
   6.7609762e-03
   9.9394624e-03
   1.0915730e-02
   9.1194010e-03
   7.7429179e-03
   7.8099758e-03
   5.3503164e-03
   2.3218947e-03
  -1.0352486e-04
  -1.6491016e-03
  -2.9379288e-03
  -4.7068622e-03
  -5.1852956e-03
  -3.7894282e-03
  -1.6307996e-03
   7.9043309e-04
   6.9226843e-05
  -2.9857582e-03
  -8.0824550e-03
  -1.2504276e-02
  -1.5571819e-02
  -1.7231129e-02
  -1.6497986e-02
  -1.3369026e-02
  -9.0966055e-03
  -4.6204282e-03
  -1.1578355e-03
   7.6820755e-05
   1.0628655e-03
   1.8923403e-03
   2.3120385e-03
   2.8417780e-03
   3.9796880e-03
   4.0633751e-03
   5.1751934e-03
   8.3287768e-03
   1.0721395e-02
   1.1573271e-02
   1.1631408e-02
   1.0551659e-02
   1.0191524e-02
   1.0211450e-02
   8.6958816e-03
   4.9601292e-03
   5.1872471e-04
  -3.0887640e-03
  -5.4185551e-03
  -5.9695157e-03
  -5.6775046e-03
  -5.7918917e-03
  -4.9797923e-03
  -7.4823613e-04
   2.9951634e-03
   6.1100519e-03
   7.0265511e-03
   6.7440846e-03
   6.5455102e-03
   7.2543332e-03
   8.3714157e-03
   8.0562731e-03
   6.4079177e-03
   3.7867305e-03
   2.0972121e-03
   1.1114493e-03
   3.3157917e-04
   4.0997002e-04
   9.1440003e-04
   9.7256937e-04
   8.3849454e-04
  -1.2002285e-03
  -2.8208112e-03
  -3.3543226e-03
  -4.7713536e-03
  -5.0629874e-03
  -5.8975461e-03
  -6.6749850e-03
  -5.1109316e-03
  -3.3151603e-03
  -2.4395453e-03
  -1.9924762e-03
  -2.6450978e-03
  -4.1230122e-03
  -5.1799411e-03
  -5.1330629e-03
  -4.4277904e-03
  -3.5784721e-03
  -1.5577887e-03
   5.0505729e-04
   2.2355919e-03
   3.5088969e-03
   4.3316396e-03
   4.0460736e-03
   1.9074689e-03
  -1.3088839e-03
  -4.6154427e-03
  -6.1848095e-03
  -6.5747835e-03
  -6.1499111e-03
  -5.6324631e-03
  -4.5743453e-03
  -3.1503445e-03
  -1.9250329e-03
  -1.4672793e-03
  -1.0877683e-03
  -1.8976291e-04
   3.7363346e-04
   6.9943833e-04
   4.7018275e-04
   3.9588852e-04
   1.2644820e-04
  -8.9183420e-04
  -1.3185269e-03
  -1.1011913e-03
  -6.5536936e-04
  -4.9253785e-04
  -9.8539385e-04
  -1.5021859e-03
  -2.1370549e-03
  -2.6475659e-03
  -3.2393532e-03
  -2.6256151e-03
  -2.1951095e-03
  -2.2563291e-03
  -2.9990829e-03
  -4.0806193e-03
  -4.3542218e-03
  -4.6983836e-03
  -4.5783714e-03
  -4.2530774e-03
  -4.0765358e-03
  -3.4938502e-03
  -2.9570999e-03
  -2.7343279e-03
  -2.4834306e-03
  -1.8688971e-03
  -9.7179859e-04
  -2.5225026e-04
   1.0282460e-04
   4.6575404e-05
   6.8429003e-05
   4.7898933e-05
  -1.4895336e-04
  -7.2472322e-04
  -1.1441583e-03
  -1.1881748e-03
  -9.6552575e-04
  -5.3110148e-04
  -4.1911853e-04
  -4.3635942e-04
  -2.9429061e-04
  -3.0353506e-04
  -3.7795147e-04
  -2.6878597e-04
  -3.4073014e-04
  -3.4842073e-04
  -1.9396121e-04
   7.7123081e-05
   2.7840925e-04
   3.2922829e-04
   3.8635790e-04
   3.1068610e-04
   2.0916609e-04
   2.8949209e-04
   4.3003000e-04
   6.3841219e-04
   7.7064124e-04
   8.3242669e-04
   9.0909477e-04
   9.7086382e-04
   1.0505248e-03
   1.1120315e-03
   1.2033608e-03
   1.2521414e-03
   1.2743956e-03
   1.2842107e-03
   1.2916890e-03
   1.3334095e-03
   1.3861178e-03
   1.4234022e-03
   1.4151123e-03
   1.3854454e-03
   1.3492187e-03
   1.3300804e-03
   1.3053170e-03
   1.2694183e-03
   1.2427034e-03
   1.2226549e-03
   1.2173660e-03
   1.2199326e-03
   1.2295427e-03
   1.2385051e-03
   1.2417440e-03
   1.2442122e-03
   1.2462949e-03
   1.2465081e-03
