  -5.3818856e-03
  -1.0643743e-03
  -5.8160073e-04
  -2.3594661e-04
   1.5943270e-03
   8.1013555e-04
   1.2551917e-04
  -1.5677186e-03
  -2.7122459e-03
  -9.6285262e-04
   2.5162216e-03
   3.8475238e-03
   2.5534815e-03
   1.1173039e-03
   2.7707596e-03
   4.3038259e-03
   3.0710361e-03
   3.4993359e-03
   6.7136716e-03
   6.7155165e-03
   5.8275034e-03
   5.6604982e-03
   5.6248537e-03
   3.6630694e-03
   2.5076118e-03
   1.4613509e-04
  -5.3634197e-03
  -3.8515335e-03
   1.0301811e-03
   2.6584224e-03
   3.0136129e-04
  -6.6933689e-03
  -8.4723552e-03
  -5.2724184e-03
  -5.4990279e-03
  -7.7906161e-03
  -8.9062063e-03
  -8.2904838e-03
  -6.0604432e-03
  -4.4626805e-03
  -5.4099863e-03
  -4.7455324e-03
   2.0153290e-03
   5.4532976e-03
  -1.7725167e-03
  -5.2529767e-03
  -2.8787509e-03
  -1.5842330e-03
  -3.5180970e-03
  -5.2587165e-03
  -2.3950286e-03
   4.2605720e-04
   2.4625540e-04
  -1.7041140e-03
  -4.8395922e-03
  -6.8383904e-03
  -4.2378914e-03
  -3.8094193e-03
  -7.5996101e-03
  -7.4353519e-03
  -1.0509020e-03
   4.5808477e-03
   6.6379629e-03
   6.0161889e-03
   2.1585138e-03
   8.6773501e-04
  -1.4551027e-03
  -4.0614236e-03
  -6.2444958e-03
  -5.4132170e-03
  -4.7324455e-03
  -9.2747871e-03
  -1.3088675e-02
  -1.4739622e-02
  -1.0072463e-02
  -7.2261013e-03
  -1.1681263e-02
  -1.5228084e-02
  -1.8007978e-02
  -1.4095036e-02
  -1.2428510e-03
   7.8046788e-03
   1.2803322e-02
   8.9456473e-03
   3.2671423e-03
  -3.9979982e-04
  -6.2245621e-03
  -9.8027718e-03
  -8.1895279e-03
  -6.5453052e-03
  -6.6942299e-03
  -7.5297889e-03
  -1.0953039e-02
  -1.0527306e-02
  -7.6676028e-03
  -4.1546635e-03
  -1.7858577e-03
  -1.0529684e-03
  -5.6561441e-03
  -7.6823870e-03
  -2.6420310e-03
  -1.4531593e-03
  -5.2808478e-03
   1.0003339e-04
   5.5687753e-03
   6.1990935e-03
   5.9546084e-03
  -3.8889655e-03
  -9.0169855e-03
  -8.2150457e-03
  -8.6768581e-03
  -6.6671131e-03
  -5.6793906e-03
   1.0425874e-03
   1.8926929e-02
   1.6686335e-02
   3.0428616e-04
  -7.1502122e-03
  -1.0186932e-02
  -4.1026358e-04
   6.2224793e-03
   7.1235547e-03
   8.6393850e-03
   5.8027811e-03
   7.0610969e-03
   1.2170134e-02
   1.3215280e-02
   1.2320847e-02
   8.6170816e-03
  -2.1498876e-03
  -9.6523876e-03
  -9.1407204e-03
  -3.2293659e-04
   6.8689757e-03
   7.8817568e-03
  -4.0542406e-03
  -1.9875153e-02
  -1.6916011e-02
  -5.4918777e-03
  -1.0480977e-03
   2.0934238e-05
  -1.3195109e-04
  -3.2411162e-04
   6.8924107e-03
   1.3047594e-02
   9.1790135e-04
  -1.0345270e-02
  -1.0443586e-02
  -3.6250142e-03
  -1.0777891e-03
  -1.3845516e-02
  -2.5015604e-02
  -3.0147937e-02
  -3.4398710e-02
  -2.7045463e-02
  -4.5596021e-03
   9.8226153e-03
   7.6512524e-03
  -3.3371850e-03
  -7.6705219e-03
  -1.1225354e-03
   1.3324255e-02
   1.9538551e-02
   2.4489259e-03
  -1.3819359e-02
  -1.1934882e-02
  -7.3204071e-03
  -6.4654228e-03
  -1.0909662e-02
  -1.3431099e-02
  -4.8052515e-03
   5.4850472e-03
   1.2997740e-02
   1.3711614e-02
   1.1769082e-02
   1.1525713e-03
  -1.0223339e-02
  -1.0673672e-02
  -9.1860653e-03
  -7.9911011e-03
  -2.5289395e-03
   7.1134771e-03
   1.1337035e-02
   1.0362490e-02
   6.9959905e-03
   4.6707831e-03
   7.7511177e-03
   1.2909920e-02
   6.2935715e-04
  -1.8159018e-02
  -2.4590690e-02
  -2.1977744e-02
  -1.2063127e-02
   5.8547514e-03
   1.9682786e-02
   1.8507099e-02
   1.3480707e-02
   7.2357361e-03
   6.9890863e-04
   5.9107313e-03
   1.5442508e-02
   2.3584986e-02
   3.1357898e-02
   3.7968244e-02
   3.6396344e-02
   2.5210349e-02
  -1.8108753e-03
  -5.1167535e-02
  -9.1137431e-02
  -1.0994448e-01
  -8.3111473e-02
   1.4816126e-02
   1.3435691e-01
   1.7889819e-01
   1.9075427e-01
   1.9420966e-01
   2.1026240e-01
   2.0224956e-01
   2.2500727e-01
   1.5764268e-01
  -1.1568433e-02
  -8.9649988e-02
  -1.9920498e-01
  -2.4276638e-01
  -2.1795053e-01
  -2.2446444e-01
  -2.3082338e-01
  -2.3584904e-01
  -2.0215034e-01
  -2.5557364e-02
   1.1354091e-01
   2.2997798e-01
   3.2163692e-01
   2.8923134e-01
   2.3625739e-01
   1.3244799e-01
   4.0106505e-02
   4.2301672e-02
   7.5109212e-02
   1.1145980e-01
   1.2918366e-01
   9.3232478e-02
   4.1128855e-02
  -1.8372131e-02
  -1.1957022e-01
  -2.2881197e-01
  -3.1541328e-01
  -3.5919116e-01
  -3.8088781e-01
  -3.9237081e-01
  -3.8760754e-01
  -3.5883939e-01
  -2.5747763e-01
  -1.0575930e-01
   1.2031886e-02
   1.2111752e-01
   2.2172899e-01
   3.2956776e-01
   4.3772633e-01
   4.5010884e-01
   4.4037158e-01
   4.1940061e-01
   4.0657121e-01
   2.0235370e-01
   4.0696316e-02
   4.0198096e-03
  -8.9437614e-02
  -1.6346207e-01
  -2.3234854e-01
  -2.7415273e-01
  -2.8557423e-01
  -2.8364810e-01
  -1.9151029e-01
   6.9903244e-03
   8.8675033e-02
   1.0163891e-01
   1.1857722e-01
   1.0166105e-01
   1.3232746e-01
   1.7063935e-01
   1.9485663e-01
   2.2257849e-01
   2.2310328e-01
   1.7558465e-01
   3.1658585e-02
  -5.7567146e-02
  -1.2261726e-01
  -1.8170252e-01
  -2.0188959e-01
  -1.0021706e-01
   4.4991614e-02
   1.0019656e-01
   8.7345846e-02
   2.0342213e-02
  -3.7236413e-02
  -5.1381058e-02
  -2.1934449e-02
  -2.0790086e-02
  -3.2593607e-02
  -4.0504605e-02
  -5.2461216e-02
  -7.7331438e-02
  -1.5074009e-01
  -1.6562764e-01
  -1.2565528e-01
  -1.2590538e-01
  -7.9909781e-02
  -2.9559356e-02
   1.1877894e-02
   5.1636481e-02
   6.9578942e-02
   1.6669935e-04
  -1.1353353e-01
  -1.5560175e-01
  -2.1386293e-01
  -2.2956061e-01
  -2.4016213e-01
  -1.8614024e-01
  -4.4033058e-03
   9.9949750e-02
   1.7930490e-01
   2.7443645e-01
   3.0384829e-01
   2.9901861e-01
   2.0721454e-01
   1.1157788e-01
   8.3148372e-02
   3.6688831e-02
   1.3327043e-02
   1.0583720e-02
   2.3084306e-02
   1.9021226e-02
  -4.7168085e-03
  -2.4661045e-02
  -4.1020454e-02
  -5.1966031e-02
  -4.5987479e-02
  -6.5462154e-03
   1.9476233e-02
   1.6671985e-02
   1.1507591e-02
   3.9260368e-03
  -1.5395769e-02
  -3.1707374e-02
  -2.6756584e-02
  -1.6846887e-02
  -2.0446350e-02
  -3.3626535e-02
  -3.3351022e-02
  -2.0143368e-02
  -2.2612900e-02
  -5.0545826e-02
  -9.6188504e-02
  -1.1183453e-01
  -6.3360465e-02
  -5.6941748e-03
   3.3810949e-02
   6.5349653e-02
   8.6824339e-02
   1.0213417e-01
   9.6602594e-02
   5.3403209e-02
  -1.8474218e-03
  -4.7286490e-02
  -7.8303851e-02
  -6.8409734e-02
  -2.4858824e-02
   7.2712986e-03
   2.1285517e-02
   3.6825193e-02
   4.3507697e-02
   4.7692872e-02
   3.5242387e-02
   6.5795557e-03
  -1.2127823e-02
  -2.5017326e-02
  -2.6653349e-02
  -2.9476210e-02
  -2.8772831e-02
  -7.4343515e-03
   1.0212434e-02
   1.4810796e-02
   1.3848140e-02
   1.5355344e-02
   2.5960630e-02
   7.0106435e-02
   1.0739024e-01
   1.0784451e-01
   6.4743032e-02
  -3.8767478e-03
  -5.4269271e-02
  -1.0086649e-01
  -1.2805372e-01
  -1.3371486e-01
  -1.1244870e-01
  -9.6392679e-02
  -9.2091887e-02
  -7.4531864e-02
  -2.4459248e-02
   2.2341405e-02
   3.3172759e-02
   2.5290133e-02
   1.0136667e-03
  -3.3101175e-03
  -1.0850459e-03
  -3.5763074e-03
  -5.4043039e-03
  -8.1475532e-04
   1.1896015e-02
   2.3676003e-02
   2.8406055e-02
   2.3559648e-02
   1.9703531e-02
   1.7953367e-02
   1.1541292e-02
   5.0037275e-03
   1.1525385e-02
   2.5245854e-02
   3.6083276e-02
   4.2841710e-02
   3.9616239e-02
   2.9573541e-02
   7.7261493e-03
  -1.8098995e-02
  -3.1611026e-02
  -3.6258259e-02
  -3.7078157e-02
  -2.8969790e-02
  -1.3272023e-02
  -2.4654075e-03
   2.6713945e-03
   1.4826704e-03
  -1.6757099e-03
  -7.9269705e-04
   7.8075897e-03
   1.6233050e-02
   2.8917476e-02
   4.6481271e-02
   6.0434368e-02
   5.8145888e-02
   5.0640124e-02
   4.8114998e-02
   4.3415204e-02
   3.0878620e-02
   4.4439440e-04
  -2.7678077e-02
  -5.9811840e-02
  -8.5072863e-02
  -9.2800349e-02
  -9.4807659e-02
  -8.2521087e-02
  -6.0348188e-02
  -3.5693458e-02
   2.2145840e-03
   3.5294210e-02
   4.5084026e-02
   4.7124790e-02
   4.2093151e-02
   3.3102159e-02
   3.2461509e-02
   3.4456355e-02
   2.8172688e-02
   1.1677491e-03
  -2.9881116e-02
  -5.0726058e-02
  -6.4874967e-02
  -7.6737281e-02
  -9.1965610e-02
  -9.5372625e-02
  -7.8814452e-02
  -3.1871698e-02
   1.3764584e-02
   3.6444887e-02
   4.4447476e-02
   3.8439979e-02
   2.5581635e-02
   1.7358554e-02
   1.9796763e-02
   2.7172970e-02
   3.0020266e-02
   3.1528454e-02
   3.7940365e-02
   3.9129909e-02
   3.1450474e-02
   6.7198624e-03
  -1.8453227e-02
  -2.3354161e-02
  -1.6299059e-02
   5.8326693e-03
   2.4423989e-02
   2.9559602e-02
   2.4869483e-02
  -5.5116556e-03
  -2.9690224e-02
  -4.2501583e-02
  -5.4179647e-02
  -6.0020525e-02
  -6.0803031e-02
  -5.5440694e-02
  -4.3463418e-02
  -2.4330921e-02
  -2.2334107e-03
   1.9697627e-02
   3.3155375e-02
   3.5955933e-02
   2.9089671e-02
   2.4123630e-02
   2.3718396e-02
   2.4410459e-02
   1.8768673e-02
   5.5542617e-03
  -1.0326411e-03
  -4.0891881e-03
  -5.1658129e-04
   1.1600495e-02
   1.5026697e-02
   4.2521016e-03
  -4.7017209e-03
  -6.1850063e-03
   1.8413458e-03
   1.4720352e-02
   2.5790320e-02
   3.4365337e-02
   3.5533398e-02
   2.9818141e-02
   4.3282695e-03
  -2.1816454e-02
  -3.1386598e-02
  -3.5277810e-02
  -2.5808606e-02
   5.5669714e-03
   3.2860183e-02
   4.1914559e-02
   4.2411877e-02
   2.8510110e-02
   5.2074678e-03
  -1.2158573e-02
  -1.9564955e-02
  -2.1580136e-02
  -2.1518474e-02
  -2.1949537e-02
  -2.4875469e-02
  -2.3206319e-02
  -1.1360077e-02
   7.5585456e-03
   2.3298075e-02
   2.9156664e-02
   2.5355895e-02
   1.2681227e-02
  -7.1529263e-03
  -2.7385180e-02
  -4.3748361e-02
  -5.2844967e-02
  -5.4202689e-02
  -5.1237069e-02
  -4.2941255e-02
  -2.3196233e-02
   6.7241509e-03
   2.9088687e-02
   3.9263894e-02
   3.7558337e-02
   2.5755963e-02
   1.2470739e-02
   2.1395805e-03
  -4.2723633e-05
   3.2574420e-03
   1.9784299e-03
   5.0873080e-04
  -1.5598140e-03
  -4.4731025e-03
  -6.0406489e-03
  -7.0896403e-03
  -1.0317391e-02
  -1.7706963e-02
  -2.6888929e-02
  -2.8280762e-02
  -1.8200919e-02
   2.2550828e-03
   2.8916984e-02
   4.4960291e-02
   5.1748162e-02
   5.2458920e-02
   4.4698881e-02
   1.7132568e-02
  -1.3719157e-02
  -3.2259302e-02
  -4.1627648e-02
  -3.2443551e-02
  -5.0154696e-03
   2.1099464e-02
   3.8353881e-02
   4.8026440e-02
   4.7871628e-02
   4.1877168e-02
   2.1059531e-02
  -1.8581881e-03
  -1.6030761e-02
  -3.3172431e-02
  -4.7118395e-02
  -5.6457468e-02
  -6.0246429e-02
  -5.2704012e-02
  -3.9408210e-02
  -2.3513811e-02
  -5.7492282e-03
   1.0262288e-02
   2.1139315e-02
   2.6342330e-02
   2.0845516e-02
   8.0493852e-04
  -2.2272527e-02
  -3.5116930e-02
  -3.5328649e-02
  -3.0598187e-02
  -2.3033221e-02
  -1.7514842e-02
  -1.5246697e-02
  -1.4145301e-02
  -1.4566114e-02
  -1.3958181e-02
  -1.3158702e-02
  -1.3631338e-02
  -1.6871568e-02
  -1.9997166e-02
  -1.5786981e-02
  -5.3306615e-03
   6.0807951e-03
   1.8681591e-02
   2.5930373e-02
   3.2718326e-02
   3.1250399e-02
   1.6847871e-02
   1.9301085e-03
  -6.9464801e-03
  -1.0323869e-02
  -6.2098188e-03
   1.2146191e-03
   8.4190565e-03
   2.4063444e-02
   3.9773101e-02
   5.1169503e-02
   5.7470635e-02
   5.6109797e-02
   5.0026698e-02
   4.7649577e-02
   4.5575275e-02
   3.6957948e-02
   1.8413704e-02
   1.4074700e-03
  -7.3302797e-03
  -1.0263600e-02
  -4.9033210e-03
  -2.5661255e-05
  -8.9791845e-03
  -2.7731785e-02
  -5.2906055e-02
  -7.5909921e-02
  -8.5878903e-02
  -8.0712623e-02
  -5.0027681e-02
  -2.2296798e-02
  -1.0969848e-02
  -1.0170369e-03
   7.4829681e-03
   1.5070483e-02
   2.1144153e-02
   1.7380283e-02
   6.2739166e-03
  -1.2485990e-03
  -5.0350753e-04
   2.8552667e-03
   7.2912897e-03
   1.4156124e-02
   1.7637839e-02
   1.2888764e-02
   2.3828930e-03
  -1.0391271e-02
  -2.4649155e-02
  -3.4583779e-02
  -3.4379031e-02
  -2.3991367e-02
  -1.1273487e-02
   8.8562696e-04
   7.3966898e-03
   5.7296307e-03
   6.9154685e-03
   1.0914008e-02
   1.0923110e-02
   1.0629393e-02
   1.1708158e-02
   8.1458230e-03
  -2.1478787e-04
  -6.2686688e-03
  -8.2694923e-03
  -6.5834834e-03
  -2.2612572e-03
   2.0785412e-03
   1.2027130e-02
   2.3447639e-02
   2.8382931e-02
   3.4563608e-02
   3.9741450e-02
   3.7736436e-02
   2.9814943e-02
   1.8818035e-02
   1.1031921e-02
   1.1941770e-02
   1.7254171e-02
   1.3440938e-02
   1.9413586e-03
  -9.4110676e-03
  -1.7436288e-02
  -1.7287626e-02
  -9.7554590e-03
   3.3437120e-03
   1.2274354e-02
   1.2081741e-02
   7.5943377e-03
   2.9981973e-03
   4.6038236e-04
   2.8103646e-03
   1.0127566e-02
   1.6492164e-02
   1.2794303e-02
   5.8375974e-04
  -9.8955115e-03
  -1.1238966e-02
  -5.7433981e-03
   3.2900690e-03
   1.0495162e-02
   1.1167382e-02
   8.6395490e-03
   2.6725507e-03
  -3.4642490e-03
  -2.7243406e-03
   2.1840725e-03
   1.0938197e-02
   2.1139971e-02
   2.2525572e-02
   1.5079831e-02
  -9.9507781e-03
  -2.6766506e-02
  -2.6180548e-02
  -2.5273405e-02
  -2.3295697e-02
  -1.6485358e-02
  -3.1681052e-04
   1.0904578e-02
   1.3348937e-02
   1.2032952e-02
   1.0466053e-02
   4.4822862e-03
  -1.2678030e-02
  -3.0065939e-02
  -3.6290567e-02
  -3.7656816e-02
  -3.3566431e-02
  -2.3521027e-02
  -7.5223353e-03
   9.1379325e-03
   1.7313209e-02
   1.8014538e-02
   1.1338101e-02
   3.2290297e-03
  -5.6771438e-03
  -1.0578718e-02
  -1.2490254e-02
  -1.4432786e-02
  -1.1402962e-02
  -5.2886458e-03
  -2.3868453e-03
  -7.4925372e-03
  -1.4726830e-02
  -1.8467576e-02
  -2.0400842e-02
  -2.2255553e-02
  -1.8119331e-02
  -7.3513860e-03
   3.3362912e-04
   4.3837411e-03
   6.7677820e-03
   6.0739400e-03
   5.1417301e-03
   4.8200685e-03
   2.7946948e-03
  -1.7097063e-03
  -6.3362187e-03
  -7.6598786e-03
  -3.1949678e-03
   9.2765910e-03
   2.6320601e-02
   3.7990138e-02
   4.1744906e-02
   3.7850167e-02
   2.4338793e-02
   9.8454927e-03
   5.9873502e-04
  -3.3779708e-03
  -9.3921261e-03
  -1.1917663e-02
  -4.8048661e-03
   3.3526006e-03
   1.3748185e-02
   2.6512394e-02
   3.6813549e-02
   4.0162591e-02
   3.9456917e-02
   2.2667675e-02
   7.8489577e-03
   5.3751618e-03
   4.5674329e-03
   2.4122892e-03
  -1.3570659e-03
  -2.7778770e-03
  -9.8166294e-03
  -8.7467203e-03
  -5.1534804e-03
  -3.5114962e-03
  -5.6181627e-03
  -1.2638589e-02
  -1.2103142e-02
   7.2516765e-03
   2.9752133e-02
   3.8312554e-02
   1.8390990e-02
  -1.3096055e-02
  -2.1712317e-02
  -1.4497564e-02
   5.3632147e-03
   1.7392993e-02
   1.5313853e-02
   1.1722508e-02
   5.1754312e-03
  -8.9986180e-03
  -1.8423707e-02
  -2.1801776e-02
  -2.7243160e-02
  -2.9867668e-02
  -2.6389889e-02
  -2.2125176e-02
  -2.2724007e-02
  -2.7473738e-02
  -2.3049211e-02
  -1.0519434e-02
  -5.9795276e-03
  -9.7791564e-03
  -1.0264256e-02
  -3.5665414e-03
   5.6938468e-03
   1.2518708e-02
   9.3638368e-03
  -9.3141461e-03
  -3.0061429e-02
  -3.8676953e-02
  -3.5379159e-02
  -2.1890088e-02
  -3.3083053e-03
   2.0786888e-02
   4.0738627e-02
   5.4483614e-02
   6.4068435e-02
   6.4995094e-02
   5.1084389e-02
   3.3417441e-02
   2.3461087e-02
   1.2417440e-02
   2.2954831e-03
  -8.9639329e-03
  -2.2898171e-02
  -3.2545885e-02
  -2.7758599e-02
  -7.9900925e-03
   9.8430328e-03
   1.8702664e-02
   2.2568211e-02
   2.8706249e-02
   3.5653935e-02
   4.1321058e-02
   4.0803159e-02
   2.5738908e-02
   6.6015476e-03
  -1.1233636e-02
  -2.8408842e-02
  -3.7218619e-02
  -3.1825041e-02
  -1.2411208e-02
   8.3675618e-03
   2.0536630e-02
   1.6735862e-02
  -1.0913352e-02
  -3.5283222e-02
  -3.9764819e-02
  -2.9409053e-02
  -9.4541165e-03
  -8.8069068e-04
  -7.2566947e-03
  -1.4948307e-02
  -1.9708451e-02
  -2.4322229e-02
  -2.8454269e-02
  -3.5721829e-02
  -4.2899109e-02
  -4.3368711e-02
  -2.6856375e-02
  -6.3570871e-03
   4.2810387e-04
   9.9397904e-04
  -3.5966101e-05
  -2.8440576e-03
  -8.6012560e-03
  -9.2865948e-03
  -7.6736133e-03
  -3.8852100e-03
   2.3271836e-04
  -3.8341663e-03
  -1.0812494e-02
  -1.3728505e-02
  -1.0614305e-02
  -5.2434813e-03
  -2.7824525e-03
  -5.5345822e-03
  -5.8812941e-03
  -1.1896671e-03
   4.5030973e-03
   8.9839404e-03
   8.8169926e-03
   8.3205770e-03
   6.9910788e-03
   7.4522598e-03
   1.5184953e-02
   2.2570507e-02
   2.8084213e-02
   3.1114693e-02
   2.8667792e-02
   2.6810457e-02
   2.6633423e-02
   2.2725319e-02
   2.0285962e-02
   1.9248279e-02
   1.7295580e-02
   1.1935456e-02
   7.8776241e-03
   3.7177210e-03
  -2.0413387e-03
  -1.1027165e-02
  -2.4389713e-02
  -3.6063678e-02
  -3.4275303e-02
  -2.3855497e-02
  -1.1818117e-02
   1.6193281e-03
   5.1482079e-03
   3.0659112e-04
  -9.9530740e-03
  -1.1901673e-02
   6.6903432e-03
   3.5916902e-02
   5.2322640e-02
   5.0753773e-02
   4.1485956e-02
   2.5390006e-02
  -1.7311405e-03
  -2.0674141e-02
  -2.3120467e-02
  -1.5556977e-02
  -1.0433254e-02
  -1.1088008e-02
  -1.6405656e-02
  -3.3753714e-02
  -5.5583124e-02
  -5.3372541e-02
  -1.1673145e-02
   9.0289572e-03
   1.7826434e-03
  -1.5520898e-04
   1.2035084e-02
   3.0528243e-02
   4.4543495e-02
   4.8263660e-02
   4.5288693e-02
   3.4799680e-02
   9.9508601e-03
  -7.4550314e-03
  -2.4339039e-02
  -3.6462352e-02
  -3.2912005e-02
  -2.0704234e-02
  -1.8381642e-02
  -2.2606258e-02
  -1.6017314e-02
   1.5014233e-03
   2.0003726e-02
   3.3046154e-02
   4.2614248e-02
   4.2566443e-02
   3.5778325e-02
   3.2262090e-02
   3.1878913e-02
   2.4272784e-02
   5.1739389e-03
  -1.9309531e-02
  -3.5568821e-02
  -3.5216885e-02
  -2.6686804e-02
  -2.6655153e-02
  -3.0499298e-02
  -2.7590585e-02
  -1.7348468e-02
  -4.2525936e-03
   1.0055325e-03
  -8.4532497e-03
  -3.4053335e-02
  -4.5706800e-02
  -3.3194816e-02
  -8.0919422e-03
   1.3384360e-02
   1.1374344e-02
  -3.1931146e-03
  -7.0231400e-03
  -1.4514291e-03
   6.3216230e-03
   1.4460993e-02
   2.4270652e-02
   3.5885989e-02
   3.2096946e-02
   1.9826938e-02
   4.6028806e-03
  -1.1635672e-02
  -2.5537439e-02
  -1.9448928e-02
   5.2991907e-03
   2.1478623e-02
   3.0199186e-02
   3.5152763e-02
   3.5043706e-02
   3.0177292e-02
   2.1749544e-02
   4.2195484e-03
  -1.1682903e-02
  -1.1953414e-02
  -3.7913798e-04
   1.1841651e-02
   1.5243663e-02
   6.8886634e-03
  -8.0057049e-04
  -2.4344287e-03
  -5.7560996e-03
  -1.4541843e-02
  -2.8160225e-02
  -3.6016775e-02
  -2.8739868e-02
  -1.5102299e-02
  -9.3363675e-04
   7.9633038e-03
   1.1816887e-02
   1.8850343e-02
   2.2718103e-02
   1.7321327e-02
   1.6512991e-03
  -9.0665123e-03
  -6.4475063e-03
   1.1145242e-03
   7.1459893e-03
   9.9272447e-03
   6.0442732e-03
  -1.2921317e-03
  -5.6368090e-03
  -6.7982443e-03
  -1.4218279e-02
  -2.2163633e-02
  -2.3500692e-02
  -9.4383729e-03
   1.6742176e-02
   2.3647632e-02
   1.1727837e-02
  -1.3303182e-03
  -2.3420826e-03
   1.8433957e-03
  -8.2020900e-03
  -2.8673942e-02
  -4.3529509e-02
  -5.1131948e-02
  -4.5766331e-02
  -2.2478013e-02
   7.4343187e-04
   1.4217705e-02
   2.2445378e-02
   2.6732805e-02
   2.7213067e-02
   2.1264936e-02
   1.4648522e-02
   1.1428627e-02
   1.1677163e-02
   1.0347484e-02
   8.7476223e-03
   5.0995093e-03
   9.7713666e-04
  -1.4532413e-03
  -8.6593925e-03
  -1.6641646e-02
  -2.4812905e-02
  -3.0227557e-02
  -2.6074771e-02
  -1.0549035e-02
  -6.7796307e-04
  -4.7240408e-05
  -3.1743699e-03
  -4.4405657e-03
  -9.9544680e-04
   1.7354044e-03
  -2.1369647e-03
  -1.1720950e-02
  -2.0993031e-02
  -2.5653302e-02
  -1.4603013e-02
   4.7860066e-03
   1.7134372e-02
   2.1216721e-02
   1.9993148e-02
   1.7020641e-02
   1.3706940e-02
   2.5220845e-03
  -1.5097051e-02
  -2.4509676e-02
  -2.2279906e-02
  -1.6748571e-03
   2.4188490e-02
   3.5064779e-02
   3.6365267e-02
   3.5379159e-02
   3.3424493e-02
   2.5953988e-02
   1.5261621e-02
   3.8860136e-03
  -6.7577865e-03
  -1.6340222e-02
  -2.4868827e-02
  -3.0576376e-02
  -3.0804740e-02
  -2.5530633e-02
  -1.8037579e-02
  -1.3643309e-02
  -8.3616580e-03
   7.8151499e-05
   8.1792290e-03
   1.3099581e-02
   7.3418168e-03
  -4.5833733e-03
  -1.6432469e-02
  -2.3369495e-02
  -2.3555302e-02
  -2.0669877e-02
  -1.8799012e-02
  -1.3826083e-02
   2.4168729e-04
   1.4571198e-02
   2.1927069e-02
   2.3307751e-02
   1.6398276e-02
   9.0220694e-03
   8.8814429e-03
   1.2068703e-02
   1.6358343e-02
   1.8677491e-02
   2.0892009e-02
   2.2426601e-02
   2.1393509e-02
   1.7980016e-02
   1.4819980e-02
   1.3304330e-02
   1.3065716e-02
   1.1440435e-02
   7.4875353e-03
   1.8216990e-03
  -5.4399484e-03
  -1.3829855e-02
  -2.0129674e-02
  -2.1342670e-02
  -2.2645125e-02
  -2.4344041e-02
  -2.3858367e-02
  -1.6919127e-02
  -5.1205746e-03
   8.9693447e-04
   3.9335888e-03
   4.1641834e-03
  -9.7477512e-04
  -1.2313795e-02
  -1.9896718e-02
  -1.9018766e-02
  -1.5514584e-02
  -1.0535013e-02
  -8.1650105e-03
  -2.4001207e-03
   5.1278560e-03
   1.5056216e-02
   2.5040613e-02
   2.9922278e-02
   2.8792921e-02
   2.4134864e-02
   1.9890732e-02
   1.1745795e-02
  -2.0430361e-03
  -1.8139420e-02
  -2.8296751e-02
  -3.0176390e-02
  -2.5491274e-02
  -1.5321233e-02
   2.0575743e-03
   1.7296072e-02
   2.5968174e-02
   2.7493417e-02
   2.1149975e-02
   1.1128187e-02
   1.9887453e-03
  -1.4783737e-03
  -1.1843045e-03
   4.6624931e-03
   1.3751055e-02
   2.1833510e-02
   3.0619343e-02
   3.5455745e-02
   3.5837692e-02
   3.3895243e-02
   2.9216194e-02
   2.2477931e-02
   1.2952969e-02
   4.6665766e-03
  -1.8232406e-03
  -9.0850438e-03
  -1.6040765e-02
  -2.2210208e-02
  -2.6822346e-02
  -3.0977838e-02
  -3.4831413e-02
  -3.6722040e-02
  -3.5287978e-02
  -2.9396918e-02
  -2.1081179e-02
  -1.4876476e-02
  -1.1356469e-02
  -1.0502952e-02
  -1.0687284e-02
  -9.8554965e-03
  -9.8207293e-03
  -8.8300302e-03
  -5.4171447e-03
  -2.9953766e-03
  -2.6553557e-03
  -1.3693902e-03
  -9.2984845e-04
  -1.4705347e-03
  -1.9083545e-03
  -2.0040871e-03
  -2.9428979e-03
  -1.8785810e-03
   1.2733378e-03
   6.8273371e-03
   1.0969520e-02
   1.0416280e-02
   5.1232805e-03
  -9.7515231e-04
  -1.4999637e-03
  -1.7135356e-04
   1.3755483e-03
   2.8689193e-03
   4.5847754e-03
   5.2292219e-03
   6.4206601e-03
   7.6848634e-03
   5.9715574e-03
   1.4848187e-03
  -2.5920943e-03
  -1.3186909e-03
   3.6765909e-03
   8.0353964e-03
   1.0989938e-02
   1.2639737e-02
   1.2347414e-02
   1.0720247e-02
   8.4156126e-03
   3.9857395e-03
   6.9586158e-04
   6.5531278e-04
   4.2714121e-03
   9.2708512e-03
   1.3735065e-02
   1.6859351e-02
   1.6720118e-02
   1.4715760e-02
   1.3461684e-02
   1.3592553e-02
   1.4878526e-02
   1.6844427e-02
   1.6905925e-02
   1.4645652e-02
   1.0800441e-02
   7.6134104e-03
   6.3249931e-03
   7.7037885e-03
   9.2757710e-03
   1.2763963e-02
   1.7383727e-02
   1.9567087e-02
   1.7828730e-02
   1.2743136e-02
   5.9279345e-03
  -1.7562647e-03
  -7.9784734e-03
  -1.4061007e-02
  -1.8398042e-02
  -1.9310023e-02
  -1.7128304e-02
  -1.5276134e-02
  -1.4531265e-02
  -1.1122611e-02
  -4.9178429e-03
  -1.5024483e-03
  -3.1379382e-03
  -9.3659688e-03
  -1.7024248e-02
  -2.0877824e-02
  -2.3528653e-02
  -2.6690494e-02
  -2.9757873e-02
  -3.0208205e-02
  -2.6105274e-02
  -1.9608660e-02
  -1.1593115e-02
  -3.3242047e-03
   9.8614003e-04
   2.4971325e-03
   4.8781313e-04
  -3.7747096e-03
  -6.6739354e-03
  -7.2655915e-03
  -3.4762945e-03
   2.6322897e-03
   7.0890254e-03
   7.8698835e-03
   7.3250810e-03
   5.9037533e-03
   6.3207948e-03
   7.7465094e-03
   1.0371592e-02
   1.2813490e-02
   1.3088347e-02
   1.2531909e-02
   1.2083299e-02
   1.3130986e-02
   1.3152470e-02
   1.2223761e-02
   6.4842413e-03
   7.1294585e-04
  -3.7418858e-03
  -5.2744027e-03
  -3.3309367e-03
  -1.9394317e-04
   4.4845002e-03
   8.0480487e-03
   1.1207643e-02
   1.1606316e-02
   9.7351235e-03
   6.8401534e-03
   2.2414957e-03
  -3.7907074e-03
  -1.0378233e-02
  -1.4181544e-02
  -1.5165273e-02
  -1.4554962e-02
  -1.3457010e-02
  -1.1387218e-02
  -7.6529744e-03
  -3.4294655e-03
   7.0957246e-04
   2.5929061e-03
   1.2896308e-03
  -5.0444477e-03
  -1.1041433e-02
  -1.4644750e-02
  -1.8355157e-02
  -2.1974300e-02
  -2.4181685e-02
  -2.3996123e-02
  -2.1148417e-02
  -1.4457549e-02
  -6.5078977e-03
   2.8577348e-03
   9.9768534e-03
   1.3138284e-02
   1.3534580e-02
   9.9480721e-03
   5.5268498e-03
   3.3295756e-03
   2.3709868e-03
   1.1363931e-03
  -1.2766505e-03
  -1.3946620e-03
   3.8089519e-04
   2.7193387e-03
   4.5116333e-03
   6.1809884e-03
   6.5966113e-03
   4.1468080e-03
   9.7019963e-05
  -5.2315834e-03
  -7.0365221e-03
  -7.4815003e-03
  -8.3647739e-03
  -7.7993571e-03
  -7.5476070e-03
  -5.9308864e-03
  -5.5128773e-04
   5.3845096e-03
   9.7570989e-03
   1.2200228e-02
   9.7111801e-03
   4.7657121e-03
   7.4511037e-05
  -4.2879839e-03
  -7.1015054e-03
  -8.9054683e-03
  -9.5343925e-03
  -1.1304892e-02
  -1.1702090e-02
  -1.1690282e-02
  -1.0326903e-02
  -6.5212634e-03
  -3.2040613e-03
   1.8633622e-05
  -2.3298157e-04
  -1.8278161e-03
  -2.0810831e-03
  -1.9889256e-03
  -2.0782542e-03
  -1.5712363e-03
   1.2885238e-03
   5.4279521e-03
   9.4377170e-03
   1.2980028e-02
   1.5886691e-02
   1.7875797e-02
   1.8290871e-02
   1.8839765e-02
   1.9381115e-02
   1.9199900e-02
   1.9308055e-02
   1.9263202e-02
   2.1590222e-02
   2.4137324e-02
   2.3252730e-02
   1.8233882e-02
   9.2281302e-03
   5.0081472e-04
  -5.2063034e-03
  -8.6534887e-03
  -9.2386260e-03
  -9.6823988e-03
  -1.1389924e-02
  -1.1537520e-02
  -1.1633376e-02
  -1.1264959e-02
  -9.1426064e-03
  -6.5402623e-03
  -3.5430900e-03
  -1.9713453e-04
   3.2558840e-03
   6.3400726e-03
   7.0598177e-03
   5.0111647e-03
   1.6954140e-03
  -2.5821725e-03
  -6.7133764e-03
  -1.0310093e-02
  -1.3533022e-02
  -1.4414828e-02
  -1.4318972e-02
  -1.3007825e-02
  -9.8975614e-03
  -7.5961088e-03
  -7.0769635e-03
  -9.3303817e-03
  -1.3006513e-02
  -1.6698471e-02
  -2.0253327e-02
  -2.0490219e-02
  -1.7382415e-02
  -1.3902423e-02
  -9.9489741e-03
  -7.5587834e-03
  -4.0887863e-03
   8.5659969e-04
   6.8483040e-03
   1.3054154e-02
   1.9959201e-02
   2.5837141e-02
   2.6263694e-02
   2.1661888e-02
   8.0798393e-03
  -4.5913271e-03
  -1.3753843e-02
  -1.9953953e-02
  -2.3127191e-02
  -2.5689873e-02
  -2.3787849e-02
  -1.7304271e-02
  -5.3949807e-03
   6.9299657e-03
   1.7453344e-02
   2.7028325e-02
   3.4345083e-02
   3.6261293e-02
   3.3033034e-02
   2.3008376e-02
   1.2526989e-02
   4.1357629e-03
  -4.3139936e-03
  -1.0845048e-02
  -1.7539277e-02
  -2.2300570e-02
  -2.3234526e-02
  -1.7710817e-02
  -7.0584647e-03
   1.4227135e-05
   2.7963102e-03
   2.3692239e-03
   1.7071233e-03
   3.3250083e-03
   4.7087235e-03
   7.6205114e-03
   1.0299843e-02
   1.2374391e-02
   1.0600858e-02
   8.2134057e-03
   7.3941807e-03
   5.4985523e-03
   5.5441678e-03
   4.7484105e-03
   2.8444594e-03
   1.3035131e-03
  -2.1818094e-04
  -2.1053545e-03
  -3.3736003e-03
  -3.9459623e-03
  -3.4142876e-03
  -2.8976514e-03
  -4.2929612e-03
  -5.6397446e-03
  -6.0514480e-03
  -5.5330734e-03
  -6.9032344e-03
  -7.0096103e-03
  -4.6394435e-03
  -5.2668507e-03
  -7.0434263e-03
  -6.8511493e-03
  -3.9556790e-03
  -4.6051273e-04
   5.1925278e-03
   1.2867937e-02
   1.9052959e-02
   2.4111412e-02
   2.6609644e-02
   2.4795603e-02
   1.6630084e-02
   6.9022504e-03
  -2.3505202e-03
  -8.6659523e-03
  -1.2169396e-02
  -1.3877167e-02
  -1.3621006e-02
  -1.2190634e-02
  -1.0176436e-02
  -8.8004290e-03
  -6.6113873e-03
  -6.7524894e-03
  -4.8820836e-03
  -2.0054974e-03
   1.4847039e-04
   4.3733438e-04
  -1.5612818e-03
  -2.3479618e-03
  -5.2665555e-03
  -6.3685176e-03
  -4.0354548e-03
  -1.3301870e-03
   2.2875949e-03
   2.8827196e-03
   1.4270594e-03
  -6.0986706e-04
  -1.8229372e-03
  -2.1895746e-03
  -3.7580722e-03
  -4.7494519e-03
  -6.6424236e-03
  -8.6951436e-03
  -1.1200263e-02
  -1.1274061e-02
  -1.1372950e-02
  -1.1278571e-02
  -1.1420099e-02
  -8.8123187e-03
  -3.4269973e-03
   1.8872728e-03
   5.1775386e-03
   5.4434743e-03
   4.5167500e-03
   1.2088792e-03
   3.9928569e-04
   1.7634641e-03
   4.9668613e-03
   5.3617223e-03
   5.3568107e-03
   5.2983871e-03
   5.4298462e-03
   5.1172045e-03
   3.4337622e-03
   1.5571409e-03
   5.5706121e-04
   6.1585865e-04
   5.0760989e-04
   4.2742246e-04
   1.0870549e-03
   2.9232430e-03
   2.9431029e-03
   2.9269001e-03
   3.0238299e-03
   2.9322710e-03
   1.5751968e-03
  -3.6004066e-04
  -1.7146753e-03
  -1.5284580e-03
  -1.8297676e-03
  -1.4977744e-03
  -2.0724241e-03
  -1.9613005e-03
  -1.1554658e-03
   1.7337153e-03
   3.3909018e-03
   3.2889948e-03
   2.8212129e-03
   9.0655283e-04
   1.4660166e-03
   1.3979173e-03
   1.3203390e-03
   1.0793881e-03
   7.4953825e-04
   4.7508869e-04
   1.4337422e-03
   5.4363733e-04
  -9.9849712e-04
  -1.0398815e-03
  -4.4601304e-04
   1.3108027e-03
   1.2223597e-03
   1.4104794e-03
   1.1836977e-03
   2.8462879e-03
   3.4437659e-03
   3.3120690e-03
   3.0657800e-03
   1.3310644e-03
  -3.7175980e-04
  -3.0602205e-03
  -5.3096946e-03
  -7.7978073e-03
  -8.7145771e-03
  -8.1683806e-03
  -6.0331297e-03
  -2.0155668e-03
   1.2837188e-03
   3.2659698e-03
   3.2506854e-03
   2.4532472e-04
  -2.6818820e-03
  -4.2596044e-03
  -3.9454785e-03
  -1.9140369e-03
   6.6948449e-04
   2.8785787e-03
   5.2805116e-03
   7.3037698e-03
   7.8480639e-03
   9.0726621e-03
   8.8481518e-03
   7.3789619e-03
   6.8307400e-03
   5.4191537e-03
   4.9209424e-03
   4.9121112e-03
   4.6999170e-03
   4.6561957e-03
   4.4688632e-03
   3.1762312e-03
   1.3231926e-03
  -1.4499450e-04
  -1.6425253e-03
  -1.2516658e-03
  -1.8435925e-04
   3.6791738e-04
   1.4606211e-03
   2.6461309e-03
   2.6475167e-03
   2.6467787e-03
   1.9644657e-03
   2.6121264e-04
  -8.2323472e-04
  -1.8517677e-03
  -2.3641810e-03
  -3.0524881e-03
  -2.9776650e-03
  -2.1406546e-03
  -8.8654533e-04
   4.5890639e-04
   1.3642571e-03
   1.9911970e-03
   1.3994261e-03
   4.6843537e-04
  -6.7755964e-04
  -1.2381853e-03
  -1.7544115e-03
  -2.1676730e-03
  -3.0015838e-03
  -3.3201458e-03
  -2.8162849e-03
  -1.8026427e-03
  -6.3047232e-04
   1.6135965e-04
   7.9682237e-04
   1.2647116e-03
   1.7936312e-03
   1.7434484e-03
   1.7000551e-03
   1.0873583e-03
   9.5232408e-04
   8.1463560e-04
   7.2761857e-04
   9.9129770e-04
   1.5015299e-03
   2.3859843e-03
   2.9189709e-03
   3.1597742e-03
   3.1765346e-03
   2.9289418e-03
   2.8559801e-03
   2.4917698e-03
   2.0964331e-03
   1.8960138e-03
   1.6368101e-03
   1.1430349e-03
   7.9645174e-04
   9.0460948e-04
   7.6739167e-04
   6.1690003e-04
   3.6044245e-04
  -1.1162134e-04
  -4.6985230e-04
  -8.1278163e-04
  -1.0206284e-03
  -1.1653383e-03
  -1.4223281e-03
  -1.5722367e-03
  -1.5467846e-03
  -1.3628058e-03
  -1.2415554e-03
  -1.1490945e-03
  -1.0323869e-03
  -9.9929250e-04
  -1.0673016e-03
  -1.1167054e-03
  -1.1637558e-03
  -1.3210032e-03
  -1.4967576e-03
  -1.6244612e-03
  -1.5792475e-03
  -1.5091147e-03
  -1.4283385e-03
  -1.3914969e-03
  -1.3662907e-03
  -1.2785857e-03
  -1.1829269e-03
  -1.0425956e-03
  -9.6771509e-04
  -9.0467508e-04
  -8.8223224e-04
  -8.4628434e-04
  -8.2340692e-04
  -8.1593035e-04
  -7.9239038e-04
  -7.7384326e-04
  -7.4526780e-04
  -7.0923135e-04
  -6.6402342e-04
  -6.1944360e-04
  -5.7561980e-04
  -5.3965961e-04
  -5.0607735e-04
  -4.7256971e-04
  -4.3890956e-04
  -4.0772574e-04
