   1.0538111e-03
   1.5697465e-03
   2.3591820e-03
   2.6589323e-03
   2.6654933e-03
   2.3732472e-03
   2.7771765e-03
   4.0842348e-03
   5.0817746e-03
   5.7406175e-03
   5.1976291e-03
   3.2668177e-03
   3.5119003e-03
   5.1609674e-03
   3.8141870e-03
   7.0758481e-04
  -1.9539342e-04
   6.6242312e-05
  -1.3764725e-03
  -3.3248812e-03
  -4.9821024e-03
  -5.5459894e-03
  -3.3263695e-03
   5.9471308e-04
   5.9263579e-03
   9.5496688e-03
   9.9730715e-03
   1.1555900e-02
   1.2172841e-02
   9.6043366e-03
   6.7365013e-03
   3.7849246e-03
   5.7529219e-04
   3.8598832e-03
   2.0438069e-02
   3.8435541e-02
   4.2986925e-02
   3.0642451e-02
   2.7166605e-03
  -1.9646099e-02
  -2.4318767e-02
  -2.5131656e-02
  -2.0232604e-02
  -1.3027716e-02
  -1.9496727e-02
  -3.2515576e-02
  -3.8415837e-02
  -2.6786991e-02
   3.0494672e-03
   2.0423144e-02
   1.6452039e-02
   1.8357508e-02
   2.1002019e-02
   1.4085311e-02
   1.1447780e-02
   1.5447812e-02
   1.5632190e-02
   6.4886937e-03
  -9.4244025e-03
  -2.0885871e-02
  -2.1316861e-02
  -2.1550164e-02
  -2.1606341e-02
  -1.1568812e-02
   3.9265409e-03
   1.3334048e-02
   1.7503974e-02
   2.5714178e-02
   3.3781655e-02
   2.9893075e-02
   1.6766651e-02
   8.5853741e-03
   7.8817992e-03
   7.5707086e-03
  -7.6786607e-04
  -1.4124551e-02
  -1.8714651e-02
  -1.5413121e-02
  -7.7011525e-03
   4.4121575e-03
   1.5490427e-02
   2.6069686e-02
   3.8802578e-02
   4.9862947e-02
   5.5322176e-02
   4.4771383e-02
  -2.5521751e-03
  -5.2657542e-02
  -5.1463362e-02
  -4.0710709e-02
  -4.9767572e-02
  -3.4492881e-02
   2.0750899e-03
   2.9464621e-02
   4.9147109e-02
   5.7553534e-02
   4.9699656e-02
   1.1022617e-02
  -3.8555441e-02
  -3.1735597e-02
  -1.1988966e-02
  -4.0777786e-02
  -6.6189070e-02
  -6.3737405e-02
  -6.3306016e-02
  -6.5712194e-02
  -5.3775003e-02
  -2.6978580e-02
   1.4491211e-04
   1.1762267e-02
   9.7000890e-03
   8.2094704e-03
   2.6955941e-02
   5.7492117e-02
   6.2742360e-02
   5.6582595e-02
   5.3309447e-02
   2.3619489e-02
  -5.6467306e-03
   1.5055265e-03
   1.3735211e-02
   1.6441453e-02
   2.1548696e-02
   2.4630465e-02
   2.0150749e-02
   1.8152189e-02
   3.3873047e-02
   5.6943343e-02
   6.3823138e-02
   6.0408290e-02
   5.7481636e-02
   4.6382489e-02
   3.2302607e-02
   2.0926473e-02
   6.4433958e-03
  -7.7849987e-03
  -1.4662068e-02
  -1.1875606e-02
  -3.3169158e-03
  -1.8248864e-03
  -1.4487312e-02
  -2.9453931e-02
  -3.7038872e-02
  -4.1910759e-02
  -4.2550925e-02
  -3.0271012e-02
  -1.4078394e-02
  -1.0214381e-02
  -4.1597174e-03
   2.5638716e-02
   5.9703772e-02
   7.4235166e-02
   7.8498538e-02
   6.4508162e-02
   8.9678597e-03
  -5.5416084e-02
  -1.1714873e-01
  -2.1091944e-01
  -2.8851076e-01
  -2.9384967e-01
  -2.5263924e-01
  -2.0655063e-01
  -1.8036565e-01
  -1.6943839e-01
  -1.5056754e-01
  -1.2329864e-01
  -1.0419888e-01
  -9.0293400e-02
  -8.9226246e-02
  -1.0596762e-01
  -1.1285349e-01
  -9.9200597e-02
  -4.8517214e-02
   4.1029954e-02
   1.1432206e-01
   1.5186044e-01
   1.9368337e-01
   2.4131999e-01
   2.6470471e-01
   2.7102043e-01
   2.4021113e-01
   1.6207921e-01
   6.0673663e-02
  -1.8276303e-02
  -1.5080922e-02
   1.4792764e-02
   5.1880916e-02
   1.2153053e-01
   1.6953586e-01
   2.0875306e-01
   2.5062064e-01
   2.6287267e-01
   2.6175332e-01
   2.1951158e-01
   1.3026605e-01
   2.8835564e-02
  -1.0502183e-01
  -1.5280330e-01
  -1.0653861e-01
  -8.1789084e-02
   7.1723132e-02
   2.1257540e-01
   1.4784861e-01
   8.1113074e-02
   2.3534176e-03
  -1.0656041e-01
  -1.3378906e-01
  -1.1096737e-01
  -5.0112389e-02
   2.4341196e-02
   3.2391903e-02
   4.3035766e-03
  -1.6368612e-02
  -3.9019111e-02
  -2.7944698e-02
  -2.1869618e-02
  -7.8296049e-02
  -1.2816654e-01
  -1.2788063e-01
  -1.1756942e-01
  -8.1946505e-02
  -1.1610023e-02
   1.9980667e-02
  -6.4029819e-03
  -6.2868129e-02
  -1.1422186e-01
  -1.1299016e-01
  -8.2448535e-02
  -2.3916305e-02
   6.6881640e-02
   1.0160237e-01
   7.9806959e-02
   2.8730966e-02
  -1.0805099e-01
  -2.4805704e-01
  -2.4579738e-01
  -1.7685271e-01
  -1.3031825e-01
  -5.2573067e-02
  -7.6663982e-03
  -2.7900259e-02
  -2.5591972e-02
  -4.5818832e-02
  -1.1237850e-01
  -1.3447702e-01
  -1.0459464e-01
  -8.5559650e-02
  -8.5940731e-02
  -1.0359037e-01
  -1.6177967e-01
  -1.9804673e-01
  -1.7279895e-01
  -1.4607946e-01
  -1.0791222e-01
  -5.8132702e-02
  -4.1106254e-02
  -5.4654760e-02
  -4.1531564e-02
   2.8904947e-02
   8.4690164e-02
   1.1915600e-01
   1.8503610e-01
   2.3487850e-01
   2.3207175e-01
   2.2283399e-01
   2.2195361e-01
   2.0366800e-01
   1.7499363e-01
   1.5808100e-01
   1.1444489e-01
   2.2574974e-02
  -4.7276709e-02
  -1.5193004e-01
  -3.5486878e-01
  -4.3993290e-01
  -3.7104901e-01
  -3.0789601e-01
  -1.8635102e-01
  -5.4610741e-02
  -2.6249746e-02
  -2.7473063e-02
  -2.8484668e-02
  -3.4718637e-02
  -3.8127825e-02
  -3.4720523e-02
   2.5687767e-02
   1.2194452e-01
   1.8978515e-01
   2.6569200e-01
   3.2170339e-01
   3.0921240e-01
   2.7714959e-01
   1.5520738e-01
  -1.2919156e-02
  -5.4983647e-02
  -2.3860757e-02
   8.0416521e-02
   2.2289688e-01
   2.8277568e-01
   3.3555480e-01
   3.7090857e-01
   3.3044856e-01
   2.5066256e-01
   1.5124648e-01
   7.2980616e-02
   4.0686813e-02
   6.2879868e-02
   1.1792325e-01
   1.5890269e-01
   1.9351233e-01
   2.0573481e-01
   1.6097097e-01
   1.1322409e-01
   9.3762119e-02
   7.3164030e-02
   6.0444763e-02
   6.1932195e-02
   7.6533811e-02
   6.5949269e-02
  -1.7304609e-04
  -7.0530000e-02
  -1.4813180e-01
  -1.8875363e-01
  -1.4944966e-01
  -1.2843590e-01
  -1.3753783e-01
  -1.4404493e-01
  -1.9235567e-01
  -3.1401260e-01
  -3.9902012e-01
  -3.6695522e-01
  -3.4982752e-01
  -3.1189758e-01
  -1.4976995e-01
   4.4120317e-02
   2.7941135e-01
   4.3586007e-01
   3.9193930e-01
   3.9789658e-01
   4.3391064e-01
   3.0557766e-01
   1.6659957e-01
   8.5533867e-02
  -2.9976502e-02
  -1.2208371e-01
  -1.7552605e-01
  -2.4340986e-01
  -2.7894809e-01
  -2.9437161e-01
  -3.2765648e-01
  -3.4126682e-01
  -3.4420144e-01
  -3.3611028e-01
  -2.9458542e-01
  -2.5103149e-01
  -2.2198295e-01
  -2.0901550e-01
  -2.0041120e-01
  -1.6543431e-01
  -1.2145171e-01
  -9.9205837e-02
  -8.5506827e-02
  -6.1618191e-02
  -3.2561063e-02
  -1.6900218e-02
  -2.4640108e-02
  -8.2389423e-03
   7.7152805e-02
   1.6609125e-01
   2.2322597e-01
   2.8658649e-01
   3.2033041e-01
   3.1864091e-01
   2.9091086e-01
   2.0611987e-01
   1.1052550e-01
   1.8106996e-02
  -4.8082891e-02
  -3.2625415e-02
   1.9865378e-02
   7.3687859e-02
   9.8876321e-02
   5.9925545e-02
  -3.4224363e-02
  -1.4592266e-01
  -1.8532956e-01
  -1.4955991e-01
  -1.1214625e-01
  -7.8737290e-02
  -7.5451355e-02
  -1.0507486e-01
  -1.2367993e-01
  -1.2223337e-01
  -1.1402021e-01
  -1.2287773e-01
  -1.3824193e-01
  -1.3122735e-01
  -1.0216666e-01
  -6.8442647e-02
  -3.9125805e-02
  -2.7686661e-02
  -3.6476683e-02
  -2.7891036e-02
   1.3454053e-02
   4.9683935e-02
   5.2792325e-02
   1.4748912e-02
  -5.3342776e-02
  -1.3074356e-01
  -1.9133170e-01
  -1.5212121e-01
  -1.9067916e-02
   8.2753106e-02
   1.4924633e-01
   2.5262876e-01
   3.4712767e-01
   3.7085616e-01
   3.2252299e-01
   1.9696721e-01
   1.4891723e-02
  -1.4056594e-01
  -1.7363595e-01
  -1.5491224e-01
  -1.6615204e-01
  -1.3414478e-01
  -7.2216567e-02
  -2.6536919e-02
   2.2691311e-02
   4.4732395e-02
   3.5907786e-02
   7.8319945e-02
   1.6761704e-01
   2.2326580e-01
   2.6727460e-01
   3.3782493e-01
   3.9776871e-01
   4.0005562e-01
   3.0997750e-01
   1.8321119e-01
   1.0530356e-01
   3.7575698e-02
  -5.4827483e-02
  -1.2075034e-01
  -1.4554242e-01
  -1.6953964e-01
  -1.7838961e-01
  -1.5512479e-01
  -1.1980917e-01
  -5.7033059e-02
  -1.1562042e-02
  -2.7419192e-02
  -3.4410921e-02
   1.8147075e-02
   8.5337038e-02
   1.2941962e-01
   2.1310363e-01
   3.2648682e-01
   3.5128435e-01
   3.0781007e-01
   2.5864263e-01
   1.8713163e-01
   6.2280367e-02
  -2.5949786e-02
   2.5881242e-02
   1.0295335e-01
   1.5686649e-01
   1.8525117e-01
   1.7513365e-01
   1.5217005e-01
   3.1772070e-02
  -8.8467019e-02
  -9.6555667e-02
  -9.7882534e-02
  -1.0526121e-01
  -1.3089490e-01
  -1.8844676e-01
  -2.1734835e-01
  -2.4002247e-01
  -2.8943936e-01
  -3.2985535e-01
  -2.7272041e-01
  -1.3072071e-01
  -3.0110027e-02
   7.9234289e-03
   5.3921315e-03
  -3.6770354e-02
  -1.0687232e-01
  -1.8444603e-01
  -2.2964650e-01
  -2.4154428e-01
  -2.3609008e-01
  -1.7066548e-01
  -5.1934788e-02
   6.3411243e-02
   1.7000079e-01
   2.1439487e-01
   1.8231068e-01
   1.4250174e-01
   7.5934310e-02
  -1.5674742e-02
  -1.0838344e-01
  -2.5806199e-01
  -3.6718789e-01
  -3.4801854e-01
  -3.3674960e-01
  -2.6782379e-01
  -7.1933796e-02
   9.5578229e-03
  -3.2939000e-02
  -2.6082473e-02
  -5.3120583e-02
  -1.3514339e-01
  -1.2872622e-01
  -1.0371760e-01
  -1.2998789e-01
  -8.2963980e-02
  -3.9756329e-03
  -1.4215880e-02
  -3.4300454e-02
  -3.2967717e-02
  -6.8028237e-02
  -1.0290136e-01
  -1.1095500e-01
  -1.1697349e-01
  -1.3407309e-01
  -1.4825820e-01
  -1.3841297e-01
  -8.6773744e-02
   5.4936693e-03
   9.8954298e-02
   1.3428627e-01
   1.0978388e-01
   1.0810423e-01
   1.3870623e-01
   1.4420801e-01
   1.3266804e-01
   1.3302438e-01
   1.4904342e-01
   1.4045358e-01
   8.3059984e-02
   1.2589557e-02
  -5.4798766e-02
  -7.4253192e-02
  -1.6814968e-02
   6.6239587e-02
   1.2455382e-01
   1.6054126e-01
   1.9499934e-01
   1.9349346e-01
   1.6344632e-01
   1.3690647e-01
   1.0865678e-01
   9.2624116e-02
   8.7214356e-02
   1.3043500e-01
   2.1474283e-01
   2.2053032e-01
   1.8130180e-01
   1.6954970e-01
   1.2593602e-01
   8.6011791e-02
   9.8507188e-02
   9.3251705e-02
   5.7806541e-02
   3.3962134e-02
   1.7576732e-02
  -4.0899363e-03
  -2.7777006e-02
  -4.8572343e-02
  -8.0869919e-02
  -1.2429305e-01
  -1.4551035e-01
  -1.6009016e-01
  -1.6439860e-01
  -8.0454880e-02
   4.6198446e-02
   1.3713432e-01
   2.1889112e-01
   2.4164071e-01
   2.1060292e-01
   1.9165262e-01
   1.3915459e-01
   7.1351483e-02
   8.9446972e-03
  -8.2574933e-02
  -1.7649238e-01
  -2.5103568e-01
  -2.7746192e-01
  -2.7378317e-01
  -2.8846045e-01
  -2.8512128e-01
  -2.6807952e-01
  -2.3360614e-01
  -1.5667636e-01
  -9.5010590e-02
  -4.3450805e-02
   3.7077441e-02
   8.1439655e-02
   7.1259881e-02
   7.6410137e-02
   8.4371968e-02
   5.1745714e-02
  -7.7415873e-03
  -3.8648301e-02
  -3.4457036e-02
  -3.3789411e-02
   1.4043639e-02
   1.1118265e-01
   1.5176213e-01
   1.4351271e-01
   1.5326047e-01
   1.4061499e-01
   8.5087595e-02
   3.7959085e-02
  -1.6791050e-02
  -1.0575088e-01
  -1.4672549e-01
  -1.1545189e-01
  -8.6517174e-02
  -6.9229964e-02
  -5.6901420e-02
  -6.2231107e-02
  -6.8575544e-02
  -6.5274936e-02
  -5.7784531e-02
  -4.1833830e-02
  -1.8904248e-02
  -1.0574941e-02
  -1.6206076e-02
  -3.6443144e-02
  -1.1162598e-01
  -1.7655736e-01
  -1.6194526e-01
  -1.5274523e-01
  -1.5721109e-01
  -1.2752386e-01
  -9.4468105e-02
  -7.0570246e-02
  -3.4046399e-02
   1.9737512e-02
   7.2744379e-02
   1.0518596e-01
   1.1673054e-01
   1.2270228e-01
   1.1771804e-01
   9.0911556e-02
   5.2860241e-02
   2.1867522e-02
   7.8430203e-03
   9.1792151e-03
   2.3281169e-02
   4.2551973e-02
   5.1993270e-02
   4.7107549e-02
   2.5530974e-02
  -2.1815956e-02
  -5.6994490e-02
  -3.9916895e-02
  -7.6149795e-03
   7.2369796e-03
   1.9982847e-03
  -3.1457646e-02
  -9.6008570e-02
  -1.6295016e-01
  -1.7986216e-01
  -1.7243527e-01
  -1.8251086e-01
  -1.7348272e-01
  -1.5472442e-01
  -1.6200416e-01
  -1.6740323e-01
  -1.3615961e-01
  -8.4517651e-02
  -4.1003332e-02
   2.4794804e-03
   2.6593096e-02
   1.4052799e-02
  -1.3749905e-03
  -1.0371677e-02
  -1.3278878e-03
   5.5503913e-02
   1.1789055e-01
   1.3241901e-01
   1.1863259e-01
   7.3109739e-02
  -3.3477922e-02
  -1.0922819e-01
  -8.5279394e-02
  -4.9221523e-02
  -4.1766124e-02
  -3.3522151e-02
  -3.7973758e-02
  -6.5771096e-02
  -7.9939645e-02
  -7.6119400e-02
  -6.0290695e-02
  -3.6252185e-03
   6.5122964e-02
   1.1066070e-01
   1.6099424e-01
   2.1134286e-01
   2.2554222e-01
   2.3435447e-01
   2.8073192e-01
   3.3446479e-01
   3.6435808e-01
   3.7513442e-01
   3.6765324e-01
   3.4270898e-01
   3.0544561e-01
   2.6824722e-01
   2.2915809e-01
   1.8532013e-01
   1.6571688e-01
   1.6171846e-01
   1.4285850e-01
   1.2932257e-01
   1.3692449e-01
   1.6288057e-01
   2.0322550e-01
   2.3354325e-01
   2.5090152e-01
   2.5397868e-01
   1.9617172e-01
   1.0514970e-01
   5.6899953e-02
   1.4430590e-02
  -4.1396991e-02
  -5.5133732e-02
  -5.7091542e-02
  -7.8324347e-02
  -7.8290389e-02
  -6.2132169e-02
  -5.6383879e-02
  -5.2178151e-02
  -3.6715226e-02
  -1.1978590e-02
   8.9023129e-03
   2.5137316e-02
   5.4943610e-02
   9.5322707e-02
   1.1194648e-01
   1.1455955e-01
   1.4001003e-01
   1.6972074e-01
   1.7638170e-01
   1.4798297e-01
   8.2918493e-02
   1.0911311e-02
  -6.6724847e-02
  -1.2516296e-01
  -1.2390233e-01
  -1.0795205e-01
  -9.3592540e-02
  -6.7603137e-02
  -4.8868530e-02
  -4.6374943e-02
  -5.9871045e-02
  -8.7511800e-02
  -1.1188695e-01
  -1.1470188e-01
  -1.1089547e-01
  -9.5426886e-02
  -5.7780339e-02
  -1.2661706e-02
   1.9490585e-02
   1.4421576e-02
  -7.9203685e-03
  -1.7983365e-02
  -2.2988127e-02
  -2.1819520e-02
   2.1625206e-03
   3.2557290e-02
   4.5006781e-02
   3.8573887e-02
  -3.6103148e-03
  -6.5199684e-02
  -9.4995497e-02
  -1.0329083e-01
  -1.2333679e-01
  -1.3894519e-01
  -1.2878721e-01
  -1.1626310e-01
  -1.0819730e-01
  -8.2560889e-02
  -5.0623013e-02
  -2.0670050e-02
  -1.9850579e-04
   8.5572227e-04
  -1.7660557e-03
  -6.2887204e-03
  -1.2626575e-02
  -1.8237734e-02
  -2.0071430e-02
   2.7880765e-03
   4.9138934e-02
   8.5831941e-02
   9.4843945e-02
   9.3777840e-02
   7.3546159e-02
   2.0811143e-02
  -6.0453357e-03
   9.5576552e-03
   2.6018750e-02
   5.8306055e-02
   1.0824845e-01
   1.3039056e-01
   1.3113365e-01
   1.3109592e-01
   1.0338956e-01
   5.3255156e-02
   1.8055578e-03
  -4.1279187e-02
  -5.0879582e-02
  -4.6256510e-02
  -4.7581281e-02
  -3.5515595e-02
  -1.5256999e-02
  -8.5520452e-04
   1.3733324e-02
   2.2263486e-02
   1.8510339e-02
   1.9917090e-02
   2.3441316e-02
   1.7255621e-02
   1.2195479e-02
   1.0684381e-02
   6.4746076e-03
   1.0340339e-04
   9.4831159e-03
   3.9218455e-02
   6.9144231e-02
   1.0155751e-01
   1.2928840e-01
   1.2536084e-01
   9.2440912e-02
   6.1833886e-02
   5.4203877e-02
   6.0192386e-02
   7.1543072e-02
   8.4191489e-02
   8.5554200e-02
   7.8343422e-02
   6.5476376e-02
   4.9580175e-02
   4.4280463e-02
   5.0892998e-02
   6.0059280e-02
   6.5072657e-02
   6.0982637e-02
   3.2282484e-02
  -2.7913046e-02
  -8.7565043e-02
  -1.1138388e-01
  -1.1354522e-01
  -1.1200832e-01
  -8.9791999e-02
  -4.1367435e-02
  -1.5438401e-03
   3.8245629e-03
   3.1010117e-03
  -2.3973111e-03
  -4.4866968e-02
  -9.2841487e-02
  -1.0334700e-01
  -1.0005897e-01
  -1.0585841e-01
  -1.0652016e-01
  -1.1097743e-01
  -1.2984305e-01
  -1.4434782e-01
  -1.4979929e-01
  -1.5506463e-01
  -1.6015347e-01
  -1.5412220e-01
  -1.3800967e-01
  -1.1634653e-01
  -8.1165268e-02
  -4.3623109e-02
  -1.6160631e-02
  -6.4571466e-03
  -1.3975808e-02
  -1.6736257e-02
  -1.3060332e-02
  -1.7019385e-02
  -2.2118222e-02
  -1.6204315e-02
  -6.7961579e-03
  -3.0895667e-03
   2.6305713e-04
  -3.9712939e-03
  -2.2254891e-02
  -4.0262132e-02
  -5.5634294e-02
  -7.3982788e-02
  -9.4289512e-02
  -1.1358065e-01
  -1.2438298e-01
  -1.3187255e-01
  -1.3759065e-01
  -1.3041530e-01
  -1.2358036e-01
  -1.2151921e-01
  -1.0927430e-01
  -8.8937606e-02
  -6.6566168e-02
  -4.9279586e-02
  -4.0020026e-02
  -3.5111247e-02
  -4.0463363e-02
  -5.3142174e-02
  -6.2050209e-02
  -7.0238634e-02
  -9.3324442e-02
  -1.2951374e-01
  -1.4519572e-01
  -1.4337499e-01
  -1.5215013e-01
  -1.5424000e-01
  -1.4223217e-01
  -1.3541358e-01
  -1.2914021e-01
  -1.2018899e-01
  -1.1479265e-01
  -1.0986605e-01
  -1.1029115e-01
  -1.1652680e-01
  -1.1896253e-01
  -1.2012024e-01
  -1.1695085e-01
  -1.0626339e-01
  -9.5705885e-02
  -7.9023835e-02
  -5.6594753e-02
  -4.5592238e-02
  -4.4640793e-02
  -4.9188404e-02
  -5.9864966e-02
  -6.5383307e-02
  -6.3552315e-02
  -5.3367301e-02
  -3.9875391e-02
  -3.0419630e-02
  -2.8044265e-02
  -4.1856258e-02
  -6.5702761e-02
  -8.0097067e-02
  -7.9252735e-02
  -7.5079916e-02
  -6.3292391e-02
  -4.4084892e-02
  -2.8941211e-02
  -1.2091866e-02
   8.5674938e-03
   2.8994453e-02
   4.3308266e-02
   5.1467554e-02
   5.7652473e-02
   5.1169271e-02
   3.9123500e-02
   3.7154161e-02
   3.1263123e-02
   1.2782214e-02
  -8.0553400e-04
  -1.9818550e-03
   2.2888559e-03
   1.4909834e-02
   3.2894981e-02
   4.6412673e-02
   4.8922192e-02
   3.7237588e-02
   1.9210099e-02
   9.8614092e-03
   1.2643218e-02
   1.8231026e-02
   2.2452978e-02
   3.0244810e-02
   3.8391941e-02
   3.4225830e-02
   2.6378869e-02
   2.8413608e-02
   3.6299558e-02
   4.3208489e-02
   4.6465916e-02
   5.1906280e-02
   5.5507896e-02
   4.8644032e-02
   4.1627777e-02
   4.6164908e-02
   5.8011125e-02
   6.7954033e-02
   7.2551952e-02
   6.7708993e-02
   6.2090665e-02
   6.3498863e-02
   6.4075934e-02
   6.5495871e-02
   6.8180837e-02
   6.7773345e-02
   6.2232575e-02
   5.4490421e-02
   4.3963734e-02
   2.2194732e-02
   1.5826818e-03
  -1.3056622e-03
   2.5920230e-03
  -1.7135323e-03
  -8.0813742e-03
  -1.4475846e-02
  -2.3531451e-02
  -2.9907329e-02
  -3.6789639e-02
  -5.0850656e-02
  -6.8275374e-02
  -7.7342717e-02
  -8.0910794e-02
  -8.0465571e-02
  -7.1010439e-02
  -6.5856829e-02
  -6.4838097e-02
  -5.7792496e-02
  -4.8308228e-02
  -3.8496749e-02
  -2.9589133e-02
  -1.6172286e-02
   3.9590523e-03
   1.9494484e-02
   3.3148406e-02
   4.6088188e-02
   5.0779386e-02
   5.6858030e-02
   6.7328540e-02
   7.7247552e-02
   8.8170413e-02
   9.5075361e-02
   9.8758727e-02
   1.0133490e-01
   9.5746760e-02
   8.9944390e-02
   9.1382772e-02
   9.0203265e-02
   8.4965809e-02
   8.1793276e-02
   7.9511401e-02
   7.0322061e-02
   5.4479731e-02
   4.2723229e-02
   3.3972615e-02
   1.3986016e-02
  -1.9425122e-02
  -4.3008306e-02
  -4.8791182e-02
  -5.5218626e-02
  -5.6780682e-02
  -4.8618249e-02
  -4.7957960e-02
  -4.9782874e-02
  -4.5528934e-02
  -4.2913350e-02
  -4.2573982e-02
  -4.3565255e-02
  -4.2806237e-02
  -3.0165995e-02
  -4.3002437e-03
   1.5213022e-02
   1.6295519e-02
   6.4145946e-03
  -2.0205647e-02
  -4.4742456e-02
  -3.9031478e-02
  -2.3851953e-02
  -8.0483179e-03
   1.5562745e-02
   2.7625873e-02
   2.1162794e-02
   1.3213519e-02
   9.3435538e-03
   1.1653895e-02
   2.5539778e-02
   5.1042244e-02
   7.7407908e-02
   8.8973869e-02
   9.5203436e-02
   1.0532536e-01
   1.0466234e-01
   9.0830854e-02
   7.9724789e-02
   7.3194634e-02
   7.1942599e-02
   7.9737366e-02
   8.5380429e-02
   8.8559669e-02
   8.7069721e-02
   6.4783806e-02
   2.6931835e-02
  -6.9536002e-03
  -2.1313298e-02
  -2.4274957e-02
  -2.6503800e-02
  -1.3314848e-02
   6.2885946e-03
   1.4100801e-02
   1.5346463e-02
   1.4292474e-02
   1.6343395e-02
   2.7420869e-02
   3.7022103e-02
   4.2123728e-02
   4.5273412e-02
   2.3629341e-02
  -6.9341689e-03
  -6.0791048e-03
   5.8806617e-03
   2.1333002e-02
   5.9729135e-02
   8.8780604e-02
   8.8464713e-02
   8.6255574e-02
   8.6158312e-02
   7.5803510e-02
   6.2105338e-02
   5.8536003e-02
   5.6566035e-02
   5.0533717e-02
   5.4781577e-02
   6.2745714e-02
   6.5418313e-02
   6.9077783e-02
   6.8937550e-02
   6.3254032e-02
   5.8494499e-02
   5.3743142e-02
   5.3172149e-02
   5.8723819e-02
   5.9082681e-02
   5.0678351e-02
   4.2751527e-02
   3.7863290e-02
   3.6346302e-02
   3.9814183e-02
   4.0929757e-02
   3.8343101e-02
   3.5408272e-02
   3.3973034e-02
   3.5648701e-02
   3.6798443e-02
   3.5297595e-02
   3.0515005e-02
   2.4090495e-02
   1.9262146e-02
   1.6626691e-02
   1.5331161e-02
   1.3062512e-02
   9.7164810e-03
   5.0575640e-03
  -3.6931549e-03
  -1.2681473e-02
  -1.6412107e-02
  -2.0499738e-02
  -2.0812526e-02
  -1.1204710e-02
  -1.0232282e-03
   1.2518162e-02
   3.0953311e-02
   4.0671301e-02
   4.3850961e-02
   4.6273069e-02
   4.2115553e-02
   3.8152560e-02
   3.6657791e-02
   3.2660421e-02
   4.0524990e-02
   5.7900029e-02
   6.3601784e-02
   6.8015031e-02
   7.4276250e-02
   6.6637018e-02
   5.2833410e-02
   3.6325131e-02
   1.9950587e-02
   1.2261676e-02
   4.2418867e-03
  -3.9851914e-03
  -5.0538957e-03
  -7.1257156e-03
  -1.6874687e-02
  -2.9357717e-02
  -3.4340071e-02
  -3.4090838e-02
  -3.9019321e-02
  -4.4483371e-02
  -4.5513422e-02
  -4.7704954e-02
  -4.8932044e-02
  -4.3304074e-02
  -3.7321015e-02
  -3.4857821e-02
  -2.9919696e-02
  -2.2836575e-02
  -1.8906952e-02
  -1.9119880e-02
  -1.7626746e-02
  -7.8342374e-03
   1.0881441e-03
   9.9094950e-04
   3.7236120e-03
   1.0305333e-02
   1.1646726e-02
   1.1841669e-02
   1.3531548e-02
   1.1005135e-02
   5.8685459e-03
   3.7118945e-03
   1.8578024e-03
  -1.7443290e-03
  -4.5291649e-04
   7.6605289e-03
   1.4389966e-02
   1.9916398e-02
   2.6829124e-02
   3.0210853e-02
   3.2880517e-02
   3.2948642e-02
   2.5107760e-02
   2.0332863e-02
   1.9508612e-02
   1.4883171e-02
   1.5100836e-02
   2.1476798e-02
   2.5022447e-02
   2.9225450e-02
   3.2760617e-02
   3.0949538e-02
   3.1998874e-02
   3.4045980e-02
   2.8303770e-02
   2.1272004e-02
   1.8060189e-02
   1.3362933e-02
   7.4213994e-03
   2.5947480e-03
  -2.7107284e-03
  -7.9908413e-03
  -1.3677462e-02
  -2.6310115e-02
  -4.6365091e-02
  -6.0993956e-02
  -6.9275660e-02
  -7.5502502e-02
  -7.4598639e-02
  -7.4352760e-02
  -7.8506294e-02
  -8.0678121e-02
  -8.3042795e-02
  -8.4431918e-02
  -7.8660361e-02
  -7.0592884e-02
  -6.2685554e-02
  -4.9260302e-02
  -4.2138611e-02
  -4.1768430e-02
  -3.6695312e-02
  -3.8424641e-02
  -4.5408195e-02
  -4.6168262e-02
  -4.2788210e-02
  -3.6097069e-02
  -2.9075574e-02
  -2.6066332e-02
  -2.7686452e-02
  -2.9872323e-02
  -2.4321073e-02
  -8.1435672e-03
   5.7236596e-03
   1.3635350e-02
   2.1057567e-02
   1.0679665e-02
  -8.8785006e-03
  -1.4244807e-02
  -2.6574860e-02
  -4.4894218e-02
  -4.6455645e-02
  -4.8061720e-02
  -5.6773974e-02
  -6.0278747e-02
  -6.3561957e-02
  -6.4305673e-02
  -5.6994280e-02
  -5.3915655e-02
  -4.8107625e-02
  -2.7351695e-02
  -1.0129361e-02
  -6.9313391e-03
  -8.9097542e-03
  -1.2588446e-02
  -1.7147837e-02
  -2.4220876e-02
  -3.3690262e-02
  -3.5514966e-02
  -3.4496863e-02
  -3.9584235e-02
  -4.2385328e-02
  -4.3501741e-02
  -4.5408195e-02
  -4.1772622e-02
  -3.4459552e-02
  -2.4566533e-02
  -1.5344619e-02
  -1.0673775e-02
  -6.2358763e-03
  -1.1751409e-02
  -2.7595269e-02
  -3.6435179e-02
  -4.0876305e-02
  -4.3080833e-02
  -3.3899668e-02
  -2.1816795e-02
  -1.9865147e-02
  -2.2082378e-02
  -2.4116069e-02
  -3.0895038e-02
  -3.9293498e-02
  -4.4175236e-02
  -4.2201076e-02
  -2.7238503e-02
  -5.7818489e-03
   3.2355849e-03
   2.2171255e-03
   5.4240769e-04
  -1.2049713e-02
  -2.8797834e-02
  -3.1535204e-02
  -3.0590466e-02
  -3.2878631e-02
  -3.0440382e-02
  -3.0466374e-02
  -3.4694741e-02
  -3.3647082e-02
  -2.9152503e-02
  -2.7238503e-02
  -2.6385577e-02
  -2.4756864e-02
  -2.5664499e-02
  -2.8327456e-02
  -2.8607083e-02
  -2.5033556e-02
  -1.9384059e-02
  -1.4376739e-02
  -1.1463648e-02
  -1.5069058e-02
  -2.1403433e-02
  -2.5599938e-02
  -3.4772927e-02
  -5.0069628e-02
  -6.3111912e-02
  -6.7896179e-02
  -6.4681514e-02
  -5.3617791e-02
  -4.1928785e-02
  -4.0495015e-02
  -4.6751832e-02
  -5.4416846e-02
  -5.9543625e-02
  -6.1368120e-02
  -6.0028885e-02
  -5.3688851e-02
  -4.1118831e-02
  -2.4557938e-02
  -1.4477732e-02
  -4.1472871e-03
   9.5000947e-03
   6.9989820e-03
  -5.4134284e-03
  -1.2747125e-02
  -1.9619163e-02
  -2.8033785e-02
  -3.1375477e-02
  -2.3505458e-02
  -5.7188384e-03
   1.2216210e-02
   2.3644643e-02
   3.2700877e-02
   3.9475444e-02
   3.8805932e-02
   3.6709776e-02
   3.9295594e-02
   4.2726583e-02
   4.1588160e-02
   3.5504905e-02
   2.7457971e-02
   1.3897202e-02
  -4.7455930e-03
  -1.5258613e-02
  -1.6974275e-02
  -1.8616278e-02
  -1.6400977e-02
  -1.1427783e-02
  -7.5084109e-03
  -3.0204564e-03
  -2.7763171e-03
  -4.9217750e-03
  -3.5505953e-03
  -3.3758597e-03
  -8.2687497e-03
  -1.2738006e-02
  -1.3307260e-02
  -1.4046532e-02
  -1.3208971e-02
  -9.7043233e-03
  -8.4147679e-03
  -3.3908472e-03
   8.2449583e-03
   1.5126283e-02
   1.7766748e-02
   2.3189567e-02
   2.6985287e-02
   2.9472167e-02
   3.7080586e-02
   4.7225563e-02
   5.3429976e-02
   5.7536556e-02
   6.0485638e-02
   6.0241016e-02
   6.5515784e-02
   7.6320003e-02
   8.0583794e-02
   8.1574857e-02
   7.8816105e-02
   6.6439351e-02
   5.4188365e-02
   4.8670234e-02
   4.5584901e-02
   4.7088055e-02
   5.4816793e-02
   5.8767419e-02
   5.9242827e-02
   5.7133046e-02
   5.0636009e-02
   4.7531182e-02
   4.5418676e-02
   4.0173255e-02
   3.7340928e-02
   3.8069762e-02
   3.7657867e-02
   3.5923088e-02
   3.4974997e-02
   3.6206279e-02
   4.0490613e-02
   4.4806179e-02
   4.9263236e-02
   5.1161935e-02
   4.5873123e-02
   4.1435350e-02
   4.0364005e-02
   3.6116354e-02
   3.1001523e-02
   3.0822511e-02
   3.5781388e-02
   4.0143699e-02
   4.3366958e-02
   4.9094915e-02
   5.5658609e-02
   5.9124184e-02
   5.2902793e-02
   3.7442592e-02
   1.9093531e-02
   6.1433101e-03
   3.5599442e-03
  -2.4628369e-03
  -1.1799935e-02
  -7.5872892e-03
   3.0418582e-04
   5.5746229e-03
   1.7376549e-02
   2.4049411e-02
   2.6249117e-02
   3.3416295e-02
   3.1251804e-02
   2.2931111e-02
   2.0217113e-02
   1.0135733e-02
  -4.0105968e-03
  -6.4502712e-03
  -4.9504714e-03
  -7.3947992e-03
  -1.0002522e-02
  -1.0527274e-02
  -9.4757584e-03
  -5.0897190e-03
   9.5532952e-04
   4.7535794e-03
   9.8756211e-03
   1.0577456e-02
   1.1824837e-03
  -1.4548058e-02
  -3.4351600e-02
  -4.5554507e-02
  -5.0966154e-02
  -6.0625661e-02
  -6.6811628e-02
  -6.6311695e-02
  -6.0686869e-02
  -5.5156580e-02
  -5.0340451e-02
  -4.6264475e-02
  -4.7920439e-02
  -4.9699237e-02
  -4.7001274e-02
  -4.2991956e-02
  -3.9039024e-02
  -3.9143832e-02
  -4.6762312e-02
  -5.3471270e-02
  -5.6012021e-02
  -6.0682048e-02
  -5.6314497e-02
  -3.9557823e-02
  -2.7436170e-02
  -1.9402924e-02
  -1.0627638e-02
  -4.6557518e-03
  -4.7414636e-03
  -9.8901265e-03
  -1.2897189e-02
  -1.6317130e-02
  -2.0508227e-02
  -1.8657384e-02
  -1.6211631e-02
  -1.6862781e-02
  -1.6894559e-02
  -1.8964806e-02
  -2.2890446e-02
  -2.4902337e-02
  -2.2883738e-02
  -1.4097427e-02
   1.0750515e-02
   4.6463820e-02
   5.6759301e-02
   5.1609883e-02
   5.5613332e-02
   4.1575793e-02
   1.2566164e-02
   2.1931035e-03
   5.9813401e-03
   5.3945840e-03
   8.5522129e-03
   1.3488179e-02
   1.3379954e-02
   1.6987209e-02
   2.3315546e-02
   2.9723287e-02
   3.5510355e-02
   3.9548390e-02
   4.4085311e-02
   4.8594353e-02
   5.1421229e-02
   5.4010611e-02
   5.1918438e-02
   4.3692911e-02
   3.5003924e-02
   2.5579605e-02
   1.6734056e-02
   9.0004759e-03
   6.1440856e-03
   1.1177418e-02
   1.3830292e-02
   1.0821700e-02
   4.3452481e-03
  -2.3720524e-03
  -4.8896828e-03
  -7.7324481e-03
  -1.2863231e-02
  -1.6502619e-02
  -1.9159204e-02
  -2.2448995e-02
  -2.5145701e-02
  -3.0718961e-02
  -4.3276404e-02
  -5.4262150e-02
  -5.7178742e-02
  -5.8660934e-02
  -6.0529657e-02
  -5.6848178e-02
  -4.7100632e-02
  -3.1861156e-02
  -7.3946944e-03
   1.9302497e-02
   3.2841529e-02
   3.0574745e-02
   1.9733446e-02
   6.8083785e-03
  -2.0921799e-04
  -2.6123977e-04
   2.4538863e-03
   8.9474431e-03
   1.0473738e-02
   4.0112885e-04
  -1.0661407e-02
  -1.8436491e-02
  -2.0188689e-02
  -1.4055944e-02
  -9.9028502e-03
  -4.2235663e-03
   5.5463038e-03
   8.7125688e-03
   9.4118885e-03
   1.5310284e-02
   2.4892275e-02
   3.1416562e-02
   3.0703240e-02
   2.8126435e-02
   2.2617526e-02
   6.5560642e-03
  -7.1671776e-03
  -7.9596714e-03
  -8.5230134e-03
  -4.8945459e-03
   7.9555210e-03
   1.4617923e-02
   1.1039659e-02
   5.6059604e-03
   1.8288251e-03
   8.9943970e-06
  -3.3372485e-05
  -1.8045097e-03
  -5.6843776e-03
  -3.2969813e-03
   6.5645327e-03
   1.4208921e-02
   2.0234721e-02
   2.6841072e-02
   2.9450367e-02
   3.4952777e-02
   4.6527752e-02
   5.2736987e-02
   5.8152826e-02
   6.8600278e-02
   7.0135293e-02
   6.4278842e-02
   6.3539318e-02
   6.2707564e-02
   5.7410367e-02
   5.0973700e-02
   4.3645747e-02
   3.9876020e-02
   3.9639364e-02
   3.7306551e-02
   3.6109646e-02
   3.0690453e-02
   1.6181383e-02
   7.2175063e-03
   5.9240521e-03
   8.6632882e-03
   1.8608774e-02
   3.3142327e-02
   4.4482952e-02
   4.8131731e-02
   5.0660534e-02
   4.9264704e-02
   3.8915561e-02
   2.9837108e-02
   3.2187528e-02
   3.6747716e-02
   3.4535642e-02
   3.0724620e-02
   2.5832821e-02
   2.0481816e-02
   1.5429744e-02
   1.1943207e-02
   1.2728909e-02
   1.4005594e-02
   1.3268397e-02
   1.0866307e-02
   4.8601480e-03
  -2.6916533e-03
  -8.2863364e-03
  -1.1212151e-02
  -1.0840943e-02
  -9.2040546e-03
  -1.0198324e-02
  -1.3927261e-02
  -1.6782414e-02
  -1.9296041e-02
  -2.1637783e-02
  -2.1801912e-02
  -2.2559672e-02
  -2.5612515e-02
  -3.1799110e-02
  -3.9667662e-02
  -4.5796403e-02
  -4.8042016e-02
  -4.3561272e-02
  -3.6127883e-02
  -2.7630065e-02
  -1.9623251e-02
  -1.6894705e-02
  -1.7090172e-02
  -1.7935258e-02
  -1.9545505e-02
  -2.5902832e-02
  -3.2837965e-02
  -3.3476454e-02
  -3.2471557e-02
  -3.0094726e-02
  -2.7027420e-02
  -2.4036624e-02
  -2.2007126e-02
  -2.7109170e-02
  -3.4584063e-02
  -4.0991804e-02
  -4.8974596e-02
  -5.3382603e-02
  -5.5502865e-02
  -5.9455587e-02
  -6.2537565e-02
  -6.0007505e-02
  -5.2345634e-02
  -4.7582119e-02
  -4.4019073e-02
  -3.4559748e-02
  -2.4224230e-02
  -1.9059322e-02
  -1.4200222e-02
  -9.1690488e-03
  -8.1352455e-03
  -6.6107948e-03
  -2.7620423e-03
  -4.7628234e-05
   1.0528364e-03
   1.6635180e-04
  -3.4644852e-03
  -1.0619840e-02
  -1.9324779e-02
  -2.3362081e-02
  -3.1249708e-02
  -5.3690109e-02
  -6.7262302e-02
  -5.9967887e-02
  -5.6808770e-02
  -5.3522626e-02
  -4.0420601e-02
  -3.9546294e-02
  -4.5790744e-02
  -4.1349408e-02
  -2.9418505e-02
  -1.5636089e-02
  -5.4918247e-03
   2.7829829e-03
   9.6731115e-03
   9.7051198e-03
   6.5369682e-03
   3.5530059e-03
   3.1268154e-03
   1.0301267e-02
   1.7207221e-02
   1.9837918e-02
   2.4862929e-02
   2.7293422e-02
   2.5361605e-02
   2.5785657e-02
   2.6519102e-02
   2.5320310e-02
   2.4306190e-02
   2.3659526e-02
   2.3339023e-02
   2.2585455e-02
   2.0706503e-02
   1.8722763e-02
   2.0882622e-02
   2.7400326e-02
   3.1664537e-02
   3.5797109e-02
   4.3608645e-02
   4.3933130e-02
   3.4761189e-02
   2.6817595e-02
   1.5099264e-02
   4.6285646e-03
   5.6186421e-03
   4.8453072e-03
  -2.4701315e-04
  -1.5475356e-03
  -2.2798005e-03
  -3.8371608e-03
   8.4562928e-04
   1.0487762e-02
   2.0129473e-02
   2.9070753e-02
   3.3253843e-02
   2.6937495e-02
   9.5711335e-03
  -2.9375115e-03
  -7.2174434e-03
  -1.0555488e-02
  -1.1238249e-02
  -1.3879028e-02
  -1.8993440e-02
  -2.3456827e-02
  -2.5433293e-02
  -2.4773842e-02
  -2.3279283e-02
  -2.0282115e-02
  -1.6893972e-02
  -1.4783415e-02
  -1.4359698e-02
  -1.4966891e-02
  -1.6395757e-02
  -1.7857365e-02
  -1.7016094e-02
  -1.5741903e-02
  -1.5573645e-02
  -1.6018051e-02
  -1.8835159e-02
  -2.2339366e-02
  -2.5064160e-02
  -2.5977246e-02
  -2.2527392e-02
  -2.0011501e-02
  -1.3688215e-02
   4.0052935e-03
   1.7554491e-02
   2.0544197e-02
   2.3235893e-02
   2.4602167e-02
   2.1409092e-02
   1.8795751e-02
   1.5912237e-02
   1.0361552e-02
   6.3546865e-03
   3.7588484e-03
   2.7424851e-03
   4.5522855e-03
   5.7362784e-03
   5.5039614e-03
   5.2487125e-03
   4.9678066e-03
   5.7669871e-03
   1.1336621e-02
   2.0075140e-02
   2.6586179e-02
   2.9884062e-02
   2.9319148e-02
   2.7849742e-02
   2.9435275e-02
   3.2471348e-02
   3.4483867e-02
   3.5388568e-02
   3.5988488e-02
   3.5982200e-02
   3.5795223e-02
   3.4827846e-02
   3.1929282e-02
   2.4551440e-02
   1.2002884e-02
   3.8754366e-03
   2.9708404e-03
   4.6623756e-03
   1.0488432e-02
   1.5276389e-02
   1.5282426e-02
   1.7639449e-02
   2.1859347e-02
   2.2632828e-02
   2.2459476e-02
   2.3054365e-02
   2.2076718e-02
   2.0063486e-02
   1.7862102e-02
   1.5472023e-02
   1.6604849e-02
   2.0208330e-02
   2.0039045e-02
   1.3770615e-02
   3.3021798e-03
  -1.0206772e-02
  -2.0325002e-02
  -1.8678597e-02
  -1.3865969e-02
  -1.2217992e-02
  -1.0929527e-02
  -1.2197701e-02
  -1.3610364e-02
  -9.6397407e-03
  -4.5804998e-03
  -1.5454520e-03
   1.0974321e-03
  -6.8683076e-05
  -2.8043427e-03
  -4.1583339e-03
  -9.2717395e-03
  -1.8409011e-02
  -2.7165976e-02
  -3.3892122e-02
  -3.7538177e-02
  -3.4898487e-02
  -2.8366654e-02
  -2.3587837e-02
  -1.6409068e-02
  -7.7447315e-03
  -6.0968383e-03
  -1.0221319e-02
  -1.4078813e-02
  -1.9204649e-02
  -2.4721019e-02
  -2.2188862e-02
  -1.4971167e-02
  -1.1862169e-02
  -9.8320840e-03
  -5.8462009e-03
  -2.9329209e-03
  -1.6610592e-03
  -1.7727278e-03
  -3.6380260e-03
  -5.9651997e-03
  -7.4695481e-03
  -7.2101907e-03
  -3.6337498e-03
   7.0106786e-04
   2.0644310e-03
   2.3805209e-03
   4.7205649e-04
  -3.8444974e-03
  -6.7625356e-03
  -1.0222011e-02
  -1.4589059e-02
  -1.7645716e-02
  -1.8585570e-02
  -1.5458440e-02
  -1.0947931e-02
  -8.5557973e-03
  -1.0680671e-02
  -1.8246076e-02
  -2.3645691e-02
  -2.3923222e-02
  -1.9029075e-02
  -1.3046875e-02
  -1.2208035e-02
  -1.5224236e-02
  -2.4436780e-02
  -3.2436761e-02
  -3.3096212e-02
  -3.4070086e-02
  -3.3497416e-02
  -2.7546009e-02
  -2.2471005e-02
  -2.0756748e-02
  -1.8314474e-02
  -1.8100184e-02
  -2.1630866e-02
  -2.3139260e-02
  -2.3327914e-02
  -2.3644853e-02
  -2.3609218e-02
  -2.5378164e-02
  -2.8736835e-02
  -3.2104730e-02
  -3.3428452e-02
  -3.0043579e-02
  -2.5152199e-02
  -2.1679077e-02
  -1.6314007e-02
  -1.2146073e-02
  -1.3822201e-02
  -1.7212525e-02
  -2.0106122e-02
  -2.1899802e-02
  -1.7818104e-02
  -1.0311328e-02
  -5.2495300e-03
  -3.4404632e-03
  -5.0969298e-03
  -7.8458082e-03
  -1.0057421e-02
  -1.5502774e-02
  -2.2501399e-02
  -2.4660860e-02
  -2.3023133e-02
  -1.7771339e-02
  -8.7787235e-03
  -3.2324197e-03
  -1.9777822e-03
  -2.1573431e-03
  -5.1787009e-03
  -9.5209515e-03
  -1.0098715e-02
  -3.5155895e-03
   3.1955064e-03
   7.3568797e-03
   1.6312791e-02
   2.5604130e-02
   2.8593039e-02
   2.8630141e-02
   2.7637611e-02
   2.4040397e-02
   1.6120867e-02
   7.4653139e-03
   2.8812716e-03
  -1.0336608e-03
  -5.3317412e-03
  -8.1190422e-03
  -9.8082088e-03
  -4.8697065e-03
   7.1579545e-03
   1.6239594e-02
   2.5456560e-02
   3.7162545e-02
   3.9981456e-02
   3.7082472e-02
   3.8459018e-02
   4.1983705e-02
   4.5088322e-02
   4.7830933e-02
   5.0258701e-02
   5.2193663e-02
   5.1481179e-02
   4.9180229e-02
   4.5756367e-02
   3.6798443e-02
   2.5685251e-02
   2.0948357e-02
   1.9698000e-02
   1.9581496e-02
   2.2839509e-02
   2.7910531e-02
   3.1766829e-02
   3.1571887e-02
   3.2652665e-02
   3.7454121e-02
   4.0417457e-02
   4.4954377e-02
   5.2004590e-02
   5.3474205e-02
   5.0375667e-02
   4.6034108e-02
   3.9603519e-02
   3.2816165e-02
   2.8512547e-02
   2.8069629e-02
   2.9522684e-02
   3.0379593e-02
   2.9260455e-02
   2.2831125e-02
   1.2340701e-02
   3.9306075e-03
  -3.4884023e-03
  -1.1300986e-02
  -1.6009624e-02
  -1.7866798e-02
  -1.8382662e-02
  -1.2748676e-02
  -1.6446107e-03
   6.5267809e-03
   1.0363837e-02
   1.0988009e-02
   1.1692590e-02
   1.4198378e-02
   1.5245575e-02
   1.4825296e-02
   1.0423011e-02
   2.7659830e-03
  -2.2428453e-03
  -7.6299879e-03
  -1.5330574e-02
  -2.1644491e-02
  -2.6497092e-02
  -3.0105835e-02
  -2.9147263e-02
  -2.4038092e-02
  -2.1434665e-02
  -2.1861862e-02
  -2.1665033e-02
  -2.1526267e-02
  -1.9734746e-02
  -1.1607319e-02
  -2.1345579e-03
   3.7740456e-03
   8.8717929e-03
   9.5430240e-03
   5.6943134e-03
   2.0913435e-03
  -3.9087026e-04
   6.6657351e-04
   2.8405014e-03
   2.7053622e-03
   3.4525371e-03
   4.1227831e-03
   2.6283494e-04
  -8.6808121e-03
  -1.7943307e-02
  -2.2665738e-02
  -2.6230461e-02
  -3.0232862e-02
  -3.1581320e-02
  -3.0160126e-02
  -2.7841358e-02
  -2.4880327e-02
  -1.9078208e-02
  -1.3255757e-02
  -1.1145431e-02
  -9.8301346e-03
  -7.3608205e-03
  -1.1186997e-03
   9.0823937e-03
   1.5544634e-02
   1.5992981e-02
   1.1171989e-02
   3.4454940e-03
  -4.5541720e-03
  -9.4109662e-03
  -4.7534955e-03
   8.8102287e-04
   2.3085808e-03
   6.7672310e-03
   1.1525820e-02
   1.2560085e-02
   1.1782159e-02
   9.4840172e-03
   3.1944793e-03
  -3.6199361e-03
  -3.9286161e-03
  -4.4085730e-04
   2.3727232e-03
   6.0543282e-03
   9.8565880e-03
   9.9757336e-03
   8.0725704e-03
   8.0448382e-03
   8.0046759e-03
   6.2560413e-03
   7.8212622e-03
   1.5178142e-02
   2.4120470e-02
   2.8218666e-02
   2.1051488e-02
   9.4511076e-03
  -3.3728203e-03
  -1.8917832e-02
  -2.3402956e-02
  -1.9964044e-02
  -1.9832657e-02
  -1.8299549e-02
  -1.3546745e-02
  -1.0231150e-02
  -1.3811322e-02
  -1.9067078e-02
  -1.9542025e-02
  -1.8778039e-02
  -1.6811530e-02
  -1.4596815e-02
  -1.3286864e-02
  -1.2332547e-02
  -1.3102842e-02
  -1.4048083e-02
  -1.5482022e-02
  -1.7872541e-02
  -1.9670750e-02
  -2.1238675e-02
  -2.3941459e-02
  -2.8643137e-02
  -3.2366330e-02
  -2.8812507e-02
  -1.7401598e-02
  -6.5490840e-04
   1.4261598e-02
   1.2993381e-02
   2.4471367e-03
  -8.2043977e-04
  -5.1007238e-03
  -1.3771202e-02
  -1.5452613e-02
  -1.5838431e-02
  -2.0422033e-02
  -2.1779274e-02
  -2.0235601e-02
  -1.9521441e-02
  -1.9228167e-02
  -2.0315486e-02
  -2.2209614e-02
  -1.9641341e-02
  -1.3104016e-02
  -7.1152139e-03
   1.0772734e-03
   7.7716252e-03
   6.8131787e-03
   5.9574858e-03
   7.6909861e-03
   8.3584442e-03
   1.1218440e-02
   1.5080419e-02
   1.8316381e-02
   2.4003924e-02
   2.7602396e-02
   2.7542865e-02
   2.9882595e-02
   3.3337479e-02
   3.2696475e-02
   2.7410807e-02
   1.7938906e-02
   6.1690089e-03
  -2.0779742e-03
  -7.8063795e-03
  -1.1536490e-02
  -9.3414367e-03
  -5.0313411e-03
  -1.7828396e-03
   9.2962645e-05
  -1.1750738e-03
  -4.1107511e-03
  -5.8649824e-03
  -5.9084148e-04
   1.1745749e-02
   2.0532606e-02
   2.6537548e-02
   2.8508983e-02
   2.2594678e-02
   1.7842964e-02
   1.4748283e-02
   1.1238814e-02
   9.0698167e-03
   6.5022768e-03
   2.8725726e-03
  -1.0785164e-03
  -4.1308533e-03
  -2.8758635e-03
   3.7365663e-03
   1.0524717e-02
   1.7848058e-02
   2.6497721e-02
   3.2815536e-02
   3.6289496e-02
   3.4975835e-02
   2.9936675e-02
   2.5493243e-02
   2.0466094e-02
   1.5342355e-02
   1.2495167e-02
   1.0001411e-02
   7.1550199e-03
   3.1724906e-03
  -1.1001592e-03
  -3.1593687e-03
  -2.5146120e-03
   3.0603672e-04
   2.5115935e-03
   5.2947860e-03
   8.2860639e-03
   6.4066082e-03
   3.7124814e-03
   2.5764276e-03
  -2.1568400e-03
  -5.1497110e-03
  -3.6229756e-03
  -4.5002170e-03
  -5.8172529e-03
  -6.2773173e-03
  -9.9373739e-03
  -1.3815452e-02
  -1.4965172e-02
  -1.2790955e-02
  -7.0052495e-03
  -1.9284407e-03
   2.8773518e-04
   1.1618282e-03
   1.0075615e-03
  -3.9489908e-04
  -2.0932112e-03
  -3.6773918e-03
  -4.2463096e-03
  -2.7500942e-03
  -1.8353693e-03
  -3.1534575e-03
  -6.1269181e-03
  -1.1515989e-02
  -1.7308172e-02
  -1.9435435e-02
  -2.0552917e-02
  -2.3395620e-02
  -2.4764410e-02
  -2.3983172e-02
  -2.2594888e-02
  -2.0603707e-02
  -1.6644361e-02
  -1.1375002e-02
  -9.6605765e-03
  -1.1193097e-02
  -1.3452502e-02
  -1.7872332e-02
  -2.0022191e-02
  -1.7980200e-02
  -1.6678445e-02
  -1.4315804e-02
  -1.0769590e-02
  -1.0916908e-02
  -1.0568883e-02
  -6.5348511e-03
  -4.4384433e-03
  -3.9072563e-03
  -2.5883757e-03
  -4.9163669e-03
  -9.2490171e-03
  -9.9550445e-03
  -7.7722960e-03
  -3.4457036e-03
   3.9738093e-03
   1.1504251e-02
   1.4404912e-02
   1.4823933e-02
   1.5578340e-02
   1.5829376e-02
   1.6145267e-02
   1.7308738e-02
   1.9952641e-02
   2.3543818e-02
   2.6972501e-02
   2.7281055e-02
   2.3872914e-02
   1.9083113e-02
   9.8279336e-03
  -9.6466161e-04
  -4.4869693e-03
  -4.6347693e-03
  -6.4290162e-03
  -5.9849664e-03
  -2.6514910e-03
   7.2098763e-04
   3.9876439e-03
   8.0880819e-03
   1.1746881e-02
   1.4327647e-02
   1.6275794e-02
   1.7185128e-02
   1.6739778e-02
   1.5556645e-02
   1.4634692e-02
   1.3417517e-02
   1.1513369e-02
   9.2467533e-03
   6.4592427e-03
   2.8211329e-03
  -9.8218967e-04
  -4.1886443e-03
  -8.2027207e-03
  -1.3316525e-02
  -1.7862501e-02
  -2.1477637e-02
  -2.3087275e-02
  -2.2863196e-02
  -2.3481352e-02
  -2.3933913e-02
  -2.2554222e-02
  -1.9913443e-02
  -1.6513184e-02
  -1.3019856e-02
  -8.9133596e-03
  -4.3100537e-03
  -2.4141432e-03
  -4.2901821e-03
  -5.7159038e-03
  -5.1945478e-03
  -5.3626176e-03
  -4.3194445e-03
   1.5584964e-04
   4.4753146e-03
   7.6921180e-03
   1.0178453e-02
   8.2817458e-03
   3.6011965e-03
  -2.6702097e-04
  -2.6720333e-03
  -1.0238822e-03
   2.4895629e-03
   4.2816298e-03
   6.1459303e-03
   7.2325567e-03
   4.3441162e-03
  -1.2894694e-04
  -1.3560748e-03
   1.6888689e-04
   1.0391359e-03
   7.2629719e-04
  -1.9807755e-05
  -1.6448266e-03
  -4.0708613e-03
  -6.8175178e-03
  -8.8317143e-03
  -9.4089119e-03
  -8.5555248e-03
  -6.4563710e-03
  -4.5714025e-03
  -2.9732300e-03
  -1.4172197e-03
  -4.2429976e-03
  -1.0134538e-02
  -1.2156009e-02
  -1.2958585e-02
  -1.1231457e-02
  -2.9549725e-03
   6.2304892e-03
   1.4811336e-02
   1.7592977e-02
   1.0893305e-02
   5.7532573e-03
   3.5012099e-03
  -7.6604451e-04
  -3.5359012e-03
  -4.9137257e-03
  -5.3379039e-03
  -3.8724601e-03
  -2.6690987e-03
  -7.7898827e-04
   2.1041846e-03
   3.2597536e-03
   3.0846826e-03
   4.3533603e-03
   8.0498481e-03
   1.1893863e-02
   1.4557239e-02
   1.6675573e-02
   1.7217995e-02
   1.6706282e-02
   1.7643536e-02
   1.9460380e-02
   1.9953920e-02
   1.7970033e-02
   1.3584246e-02
   1.0218217e-02
   8.6826567e-03
   6.4850464e-03
   4.7830094e-03
   3.4391636e-03
   2.2384015e-05
  -4.1677876e-03
  -7.1004989e-03
  -1.0054863e-02
  -1.3842157e-02
  -1.7662234e-02
  -2.1085027e-02
  -2.4272442e-02
  -2.7206222e-02
  -2.6182040e-02
  -2.1093621e-02
  -1.7950183e-02
  -1.3855908e-02
  -6.9992336e-03
  -4.0063626e-03
  -3.5167424e-03
  -4.8594772e-03
  -9.8176624e-03
  -1.5535683e-02
  -2.1305752e-02
  -2.4434684e-02
  -2.3626406e-02
  -2.2767402e-02
  -2.2938867e-02
  -2.1823293e-02
  -2.0083504e-02
  -1.9308366e-02
  -1.7113837e-02
  -1.3082908e-02
  -9.7115340e-03
  -9.5720348e-03
  -1.2626218e-02
  -1.4380072e-02
  -1.3347527e-02
  -1.0099616e-02
  -5.8973471e-03
  -1.4731912e-03
   4.8333172e-03
   6.6230993e-03
   2.1056728e-03
   7.7421113e-04
   5.1532326e-04
  -3.0436399e-03
  -4.3565884e-03
  -2.8110504e-03
  -1.0115317e-03
   7.7747066e-04
   1.8486547e-03
   2.2934046e-03
   1.3265714e-03
  -8.5174796e-04
  -2.7530288e-03
  -4.8556203e-03
  -6.4777728e-03
  -7.4295535e-03
  -8.3696377e-03
  -8.4284139e-03
  -9.3183370e-03
  -1.3937155e-02
  -1.9418436e-02
  -2.3624520e-02
  -2.3166719e-02
  -1.3022916e-02
  -3.3371856e-03
   3.1611085e-03
   1.3895923e-02
   1.8616614e-02
   1.5686816e-02
   1.5952797e-02
   1.5330491e-02
   1.0153467e-02
   3.9621337e-03
  -3.9026867e-03
  -4.5044512e-03
   5.8937417e-03
   1.1590319e-02
   1.5576600e-02
   2.5722772e-02
   2.9063626e-02
   2.5430359e-02
   2.4918896e-02
   2.6610495e-02
   3.0243972e-02
   3.4271736e-02
   3.5975282e-02
   3.5551020e-02
   3.1008650e-02
   2.5894028e-02
   2.1246640e-02
   1.4408643e-02
   9.8444932e-03
   7.0578421e-03
   3.8515405e-03
   3.2189624e-03
   4.9816412e-03
   5.4904831e-03
   5.7675740e-03
   6.5192347e-03
   3.1867655e-03
  -2.7548524e-03
  -5.3991117e-03
  -5.8743522e-03
  -6.3156980e-03
  -5.8035231e-03
  -3.0710576e-03
   1.2561992e-03
   4.9733404e-03
   8.8418597e-03
   1.3510796e-02
   1.8022144e-02
   2.2411684e-02
   2.4826666e-02
   2.2899250e-02
   1.9020375e-02
   1.6484110e-02
   1.3254436e-02
   7.0095886e-03
   4.5333363e-04
  -5.4512641e-03
  -1.0910535e-02
  -1.3726449e-02
  -1.4588682e-02
  -1.3101878e-02
  -9.5665639e-03
  -6.9925887e-03
  -2.5948109e-03
   4.3111227e-03
   8.9639608e-03
   1.0745945e-02
   9.7082011e-03
   6.2639019e-03
   4.0624347e-03
   2.0781398e-03
  -8.8857113e-04
  -3.7397734e-04
   2.1198219e-03
   2.3721572e-03
   3.0499284e-03
   3.3358441e-03
   1.2635253e-03
  -1.1948468e-04
  -3.4206336e-03
  -8.9953822e-03
  -1.1104032e-02
  -1.2201935e-02
  -1.4827371e-02
  -1.5408069e-02
  -1.4556674e-02
  -1.2907061e-02
  -9.2588691e-03
  -6.4243837e-03
  -4.6314573e-03
  -2.4480800e-03
  -1.3938370e-03
  -1.3582296e-03
  -9.9571826e-04
   2.0544763e-04
   1.0062535e-03
   8.9558068e-04
  -9.5195052e-04
  -5.9704610e-03
  -1.0224233e-02
  -1.2921273e-02
  -1.6450362e-02
  -1.7635424e-02
  -1.7088537e-02
  -1.7769431e-02
  -1.7900776e-02
  -1.7480329e-02
  -1.7487477e-02
  -1.5402011e-02
  -1.1074937e-02
  -8.1622230e-03
  -5.9539014e-03
  -1.8521574e-03
   1.1426169e-03
   6.6204791e-04
  -7.6436339e-05
  -2.2320082e-05
  -7.1901515e-04
   2.2713111e-04
   3.4350132e-03
   4.8129006e-03
   5.1762064e-03
   5.2776814e-03
   1.7843363e-03
  -3.4100061e-03
  -9.3613082e-03
  -1.5354848e-02
  -1.7286162e-02
  -1.5478836e-02
  -1.2207553e-02
  -9.7497050e-03
  -7.5196882e-03
  -3.2185432e-03
   1.9781385e-04
  -3.3976388e-04
  -1.4849863e-03
  -9.7320554e-04
  -6.1258700e-04
   1.5597268e-03
   4.9566969e-03
   7.1174358e-03
   1.0590348e-02
   1.3511069e-02
   1.3781221e-02
   1.4124446e-02
   1.4354918e-02
   1.4081202e-02
   1.4004881e-02
   1.3917786e-02
   1.2973300e-02
   1.0249492e-02
   7.5081803e-03
   5.6856353e-03
   3.7000512e-03
   2.2874306e-03
   2.5958380e-04
  -3.9000874e-03
  -7.4587739e-03
  -8.8475613e-03
  -8.9716118e-03
  -7.5202122e-03
  -5.1863099e-03
  -3.2766696e-03
  -1.1657270e-03
   4.1508925e-04
   1.0640634e-03
   1.4251096e-03
   1.4044142e-03
   3.1083482e-03
   7.1935053e-03
   9.7163552e-03
   8.7449125e-03
   7.2144250e-03
   5.7686850e-03
   2.2042551e-03
  -2.7732357e-04
   5.8037118e-05
  -1.8143973e-04
  -4.8127958e-04
  -2.3176991e-04
  -2.8354077e-04
  -2.0234469e-04
   2.2587132e-05
   7.6135122e-04
   2.1899593e-03
   3.4745467e-03
   3.6405414e-03
   3.2870246e-03
   3.5235339e-03
   4.4710595e-03
   6.4709183e-03
   8.3055162e-03
   8.8480853e-03
   9.3743673e-03
   9.1482130e-03
   7.5414463e-03
   6.3496976e-03
   4.9340165e-03
   3.2109551e-03
   2.8784418e-03
   3.7546142e-03
   4.6764408e-03
   4.9478092e-03
   5.2447507e-03
   5.8524893e-03
   6.6654836e-03
   7.8499795e-03
   8.7391900e-03
   9.5264225e-03
   1.0767158e-02
   1.1432185e-02
   1.0912569e-02
   1.0059978e-02
   9.3386697e-03
   8.2910737e-03
   6.7717796e-03
   5.4017109e-03
   4.2679419e-03
   2.6099661e-03
   8.3940160e-04
  -1.1804525e-04
  -1.0668450e-03
  -2.2087199e-03
  -2.8064389e-03
  -3.1880022e-03
  -3.3993995e-03
  -3.3246506e-03
  -3.4074069e-03
  -3.6678962e-03
  -3.8917238e-03
  -4.2233147e-03
  -4.3545970e-03
  -3.8806561e-03
  -3.3699905e-03
  -3.1287438e-03
  -3.1502504e-03
  -3.6263504e-03
  -4.1223639e-03
  -4.3588522e-03
  -4.3472395e-03
  -4.0699809e-03
  -3.7129845e-03
  -3.2273680e-03
  -2.8449872e-03
  -2.7712025e-03
  -2.6633343e-03
  -2.4123824e-03
  -2.1606760e-03
  -1.9612372e-03
  -1.8204048e-03
  -1.8192184e-03
  -1.9819032e-03
  -2.0906434e-03
  -2.0840468e-03
  -2.1807152e-03
  -2.3291021e-03
  -2.2114868e-03
  -1.8405196e-03
  -1.5072181e-03
  -1.1902416e-03
  -1.1289416e-03
  -1.4648485e-03
  -1.5453577e-03
  -1.3945497e-03
  -1.4290797e-03
  -1.4924696e-03
  -1.4963223e-03
  -1.4936015e-03
  -1.5180175e-03
  -1.6070476e-03
  -1.6937718e-03
  -1.7340558e-03
  -1.7548727e-03
  -1.7357599e-03
  -1.6968113e-03
  -1.7096691e-03
  -1.7512505e-03
  -1.7485276e-03
  -1.7058792e-03
  -1.6275815e-03
  -1.5031411e-03
  -1.3444558e-03
  -1.2567274e-03
  -1.3071169e-03
  -1.3514758e-03
  -1.3392992e-03
  -1.3345074e-03
  -1.3379975e-03
  -1.3380185e-03
  -1.3100096e-03
  -1.2583939e-03
  -1.2157266e-03
  -1.1645280e-03
  -1.0739950e-03
  -9.4701407e-04
  -8.0886898e-04
  -6.8766294e-04
  -5.8730107e-04
  -5.0047828e-04
  -4.2794498e-04
  -3.6754004e-04
  -3.1349694e-04
  -2.6348894e-04
  -2.1581816e-04
  -1.6912900e-04
  -1.2234510e-04
  -7.4307273e-05
  -2.2987079e-05
