   3.1105073e-03
   3.9096669e-03
   4.4437465e-03
   3.9627625e-03
   4.1141050e-03
   3.9298738e-03
   4.0982790e-03
   5.3813153e-03
   7.0147242e-03
   7.8269428e-03
   7.4555877e-03
   4.3054421e-03
  -5.6246581e-04
  -2.6785104e-03
  -1.5129805e-03
   1.3158223e-03
   6.9388852e-03
   1.2250881e-02
   1.0404796e-02
   5.7957464e-03
   3.9937227e-03
   5.4086492e-03
   1.1013750e-02
   1.5531805e-02
   1.3882235e-02
   7.1962094e-03
  -2.5975988e-03
  -1.8140430e-02
  -3.0833411e-02
  -2.4236388e-02
  -7.7899456e-03
   2.4027401e-03
   5.4720160e-03
   1.7163789e-03
  -4.3809876e-03
  -2.2420907e-03
   1.2064113e-02
   2.7989975e-02
   2.4923089e-02
   2.3100690e-03
  -1.3266573e-02
  -1.3584958e-02
  -4.2636448e-03
   5.9404231e-03
  -4.0181849e-03
  -2.4764200e-02
  -3.3053241e-02
  -3.1430187e-02
  -2.3217027e-02
  -1.5173111e-02
  -1.4344626e-02
  -1.5051995e-02
  -1.2105722e-02
  -2.5423441e-03
   7.5764731e-03
   9.1407926e-03
  -2.1944660e-03
  -1.7952279e-02
  -1.3201865e-02
   9.7916282e-03
   2.3499589e-02
   2.6590581e-02
   2.1625416e-02
   7.9144154e-03
   1.3405800e-03
  -3.5664003e-03
  -1.4711873e-02
  -1.5548700e-02
  -8.6063147e-03
  -8.7095923e-03
  -7.3179122e-03
   1.6576509e-03
  -3.6722352e-03
  -2.9048324e-02
  -4.5258530e-02
  -3.5217941e-02
  -1.5261338e-02
  -4.9935054e-03
   4.4592581e-03
   1.8159903e-02
   2.4033690e-02
   2.4755187e-02
   2.7673036e-02
   2.5390322e-02
   1.5312883e-02
   9.3382505e-03
   7.8343422e-03
   8.7425858e-03
   1.6613674e-02
   2.2579586e-02
   1.3128416e-02
  -6.4725952e-03
  -2.0427693e-02
  -8.6927392e-03
   2.6257711e-02
   4.9438685e-02
   3.5857478e-02
  -4.5947956e-03
  -2.6179525e-02
  -3.3726736e-02
  -4.8757434e-02
  -3.5491909e-02
  -1.2362732e-02
  -1.6353415e-02
  -2.8513385e-02
  -2.9148101e-02
   4.3964153e-03
   4.9926251e-02
   6.9004836e-02
   8.5189049e-02
   7.9911557e-02
   4.4179848e-02
   2.6157096e-02
   1.3212199e-02
   3.2753490e-04
   1.3187821e-02
   3.3360956e-02
   4.4604529e-02
   4.7481504e-02
   2.8092058e-02
   1.9756189e-03
  -7.3271562e-03
  -1.7706358e-02
  -3.6684622e-02
  -3.3332239e-02
   1.7302387e-04
   2.0869081e-02
   3.1431864e-02
   4.6137238e-02
   2.9763952e-02
   1.6079741e-03
  -6.8800880e-03
  -9.2253725e-03
  -5.7851398e-03
  -4.5945859e-03
  -5.7998548e-03
  -6.0901096e-03
  -3.5342243e-02
  -8.5417111e-02
  -1.0699599e-01
  -1.0281940e-01
  -9.5119380e-02
  -8.1777136e-02
  -6.5939417e-02
  -3.5098251e-02
  -9.0473879e-03
  -1.1393762e-02
   1.3050418e-02
   7.2857572e-02
   1.0657466e-01
   1.1372759e-01
   1.1613062e-01
   1.1463711e-01
   1.1946875e-01
   1.2692981e-01
   1.3969897e-01
   1.3118396e-01
   8.0324500e-02
   8.9284729e-03
  -1.2354997e-01
  -2.4619775e-01
  -2.2873048e-01
  -1.6105586e-01
  -1.2474960e-01
  -4.0004724e-02
   1.0259868e-01
   1.7252037e-01
   1.3662558e-01
   9.5484740e-02
   7.8998261e-02
   5.4425231e-02
   4.7796556e-02
   8.0038374e-02
   7.7325738e-02
   1.5477389e-02
  -3.0650626e-02
  -4.4587760e-02
  -3.3369970e-02
   1.9636415e-02
   1.0420391e-01
   1.8487512e-01
   1.6697688e-01
   5.3802463e-02
  -1.3107747e-01
  -3.6510641e-01
  -3.5870265e-01
  -1.5968372e-01
  -8.0039842e-02
   6.9581279e-03
   1.2042816e-01
   8.6177178e-02
  -7.0465228e-04
  -1.3533917e-02
   2.1693960e-02
   7.4649576e-02
   1.1584785e-01
   1.2343824e-01
   8.4617008e-02
   9.8971067e-03
  -3.8509116e-02
  -6.7243017e-02
  -5.6834343e-02
  -8.4434224e-03
  -2.4169940e-04
  -1.1622851e-03
   1.6953482e-02
   2.2337899e-02
   1.7221412e-03
  -5.5172301e-02
  -1.2002172e-01
  -1.5960092e-01
  -1.8007114e-01
  -1.5840737e-01
  -9.5735860e-02
  -2.6013300e-02
   9.1898007e-02
   2.2123253e-01
   2.0470077e-01
   4.2962610e-02
  -1.3362305e-01
  -2.3232539e-01
  -2.2016558e-01
  -1.7568766e-01
  -1.5138357e-01
  -1.3250475e-01
  -6.5847396e-02
   1.5951414e-02
  -1.2264715e-02
  -6.8539490e-02
  -6.4415302e-02
  -7.3863727e-02
  -5.5385061e-02
   2.4852867e-02
   7.1757509e-02
   1.0954324e-01
   1.6466565e-01
   1.7972570e-01
   1.8190130e-01
   1.9768179e-01
   2.0279893e-01
   1.9628470e-01
   1.9310442e-01
   1.6872486e-01
   7.9710535e-02
  -5.1940028e-02
  -1.8160302e-01
  -2.1713664e-01
  -1.3801743e-01
  -1.0718129e-01
  -1.0825054e-01
  -6.1333324e-02
  -9.6260947e-02
  -1.7817454e-01
  -1.8468416e-01
  -1.5494012e-01
  -1.1650898e-01
  -6.2035746e-02
   3.2782208e-02
   9.1278593e-02
   6.7158123e-02
   6.1965315e-02
   5.9463342e-02
   4.4734071e-02
   6.9522168e-02
   1.0212243e-01
   1.1380557e-01
   1.1327356e-01
   8.5641190e-02
   3.9303559e-02
   2.0814811e-02
   5.7462561e-02
   1.0141372e-01
   1.1075063e-01
   1.0783047e-01
  -7.5304415e-02
  -3.4060653e-01
  -3.4193340e-01
  -3.0965469e-01
  -3.5565903e-01
  -3.0117993e-01
  -2.0725305e-01
  -6.6348168e-02
   1.3509979e-01
   2.9899364e-01
   3.5234501e-01
   2.9521846e-01
   2.0320474e-01
   1.3321576e-01
  -7.3830817e-03
  -1.2151607e-01
  -3.0668653e-02
   5.6219121e-02
   6.2326482e-02
   6.2339059e-02
   4.5247420e-03
  -6.5876952e-02
  -1.1911534e-01
  -1.3039497e-01
  -8.8675167e-02
  -6.5500692e-02
  -5.3101508e-02
  -2.9802731e-02
  -3.4267753e-02
  -4.6741980e-02
  -3.0983915e-02
   3.6179448e-03
   5.1976711e-02
   1.0474807e-01
   1.4457882e-01
   1.5136575e-01
   9.5587033e-02
  -5.3152445e-02
  -2.0171815e-01
  -1.8475773e-01
  -4.6417704e-02
   9.1910375e-02
   1.9834250e-01
   2.5419039e-01
   2.5887740e-01
   2.1960172e-01
   1.2232875e-01
  -7.3927659e-02
  -2.2410217e-01
  -2.1064065e-01
  -1.8784809e-01
  -1.4722123e-01
  -3.7512603e-02
   1.4098705e-02
  -1.3282043e-02
  -3.8817880e-02
  -6.8314782e-02
  -1.1399380e-01
  -1.2716353e-01
  -9.6182132e-02
  -6.4329569e-02
  -1.9712275e-02
   6.3267028e-02
   9.2046625e-02
   6.5394836e-02
   9.1541451e-02
   1.4162407e-01
   1.1570867e-01
   3.8064521e-02
  -3.2116049e-02
  -1.3634365e-01
  -2.2368084e-01
  -1.9171949e-01
  -1.1848544e-01
  -8.8764463e-02
  -4.4408958e-02
   3.9784418e-02
   1.3116991e-01
   2.0376316e-01
   2.1740914e-01
   1.8985034e-01
   1.6247266e-01
   1.4969134e-01
   1.0725424e-01
  -8.6978328e-03
  -8.1478014e-02
  -6.8457320e-02
  -7.0726200e-02
  -5.0666823e-02
   6.1838707e-03
   3.3640374e-02
   7.1187354e-02
   1.3829202e-01
   1.8519562e-01
   1.5104609e-01
   6.1561385e-02
   5.9548656e-03
  -7.5226857e-02
  -1.6247852e-01
  -1.4414890e-01
  -1.0189374e-01
  -9.2724312e-02
  -7.8807721e-02
  -4.1786456e-02
   3.5677209e-02
   9.5236975e-02
   9.0757069e-02
   7.3056497e-02
   5.5795279e-02
   3.6618383e-02
   2.6610075e-02
   2.6363777e-02
   7.2249477e-03
  -7.0871883e-02
  -1.4620166e-01
  -1.7120713e-01
  -1.5299929e-01
  -1.1511713e-01
  -3.3731137e-02
   1.1997791e-01
   1.5911713e-01
   4.4503494e-02
  -2.6132361e-02
  -9.4975374e-02
  -2.4163861e-01
  -2.8248012e-01
  -1.8991176e-01
  -1.3909401e-01
  -1.1521879e-01
  -1.3344194e-02
   7.5659923e-02
   1.5917058e-02
  -8.8807015e-02
  -1.5467558e-01
  -2.1374296e-01
  -1.9112418e-01
  -8.2472012e-02
   8.6505645e-03
   1.4027499e-01
   2.9730414e-01
   3.0848713e-01
   2.3794937e-01
   2.1378069e-01
   1.4752979e-01
  -3.3731347e-02
  -2.1308896e-01
  -2.8683593e-01
  -3.0073764e-01
  -3.1299387e-01
  -2.9239703e-01
  -2.4991843e-01
  -2.2805552e-01
  -1.7099416e-01
  -8.7547016e-02
  -4.8213062e-02
  -2.9398173e-02
  -1.3749444e-02
  -1.2113792e-02
   6.6096419e-03
   4.4933416e-02
   8.0460959e-02
   1.3020422e-01
   1.9064374e-01
   2.1568819e-01
   1.8891462e-01
   1.6249320e-01
   1.6743593e-01
   1.6139670e-01
   1.4174335e-01
   1.3517232e-01
   1.3472814e-01
   1.2909388e-01
   9.1544805e-02
   3.3971147e-03
  -5.0262055e-02
   4.2852142e-03
   6.8312266e-02
   1.1407974e-01
   2.2048210e-01
   3.0138745e-01
   2.9298186e-01
   2.5648778e-01
   2.2314632e-01
   1.7622763e-01
   8.6073418e-02
   3.5385424e-02
   5.7118792e-02
   4.3340756e-02
  -2.0031771e-02
  -6.6212337e-02
  -8.0072332e-02
  -9.7881695e-02
  -1.0723349e-01
  -8.0956281e-02
  -7.5749848e-02
  -1.4677412e-01
  -2.4122567e-01
  -2.8301045e-01
  -3.0742438e-01
  -2.9326903e-01
  -2.0826591e-01
  -1.3670859e-01
   2.8468108e-02
   1.8587897e-01
   5.9594352e-02
  -5.9339250e-02
  -3.0567409e-02
  -4.6641993e-02
  -2.1348723e-02
   3.9214473e-02
   4.9489831e-02
   6.4605004e-02
   8.5601154e-02
   1.0018872e-01
   1.0264752e-01
   7.1216281e-02
   4.1443525e-02
   5.4331533e-02
   1.0675640e-01
   1.4287087e-01
   9.9585032e-02
   2.1832306e-03
  -1.4084556e-01
  -2.4026772e-01
  -1.6043351e-01
  -3.7209709e-02
   3.6141298e-02
   7.1933586e-02
   4.3755586e-02
   2.6006382e-02
   3.5674065e-02
   4.6745543e-02
   6.6560508e-02
   5.7054649e-02
   1.9262859e-02
  -7.3354361e-04
  -9.5551817e-03
  -1.7706148e-02
  -4.3556032e-03
   2.3017054e-02
   4.7325759e-02
   6.3129101e-02
   4.1636581e-02
  -1.0109217e-02
  -6.4177808e-02
  -1.2384280e-01
  -1.4215818e-01
  -8.4372177e-02
  -9.5979014e-03
   4.8110979e-02
   9.4274839e-02
   7.0177845e-02
  -3.8050896e-02
  -1.3170674e-01
  -1.6758455e-01
  -1.5367781e-01
  -7.3772544e-02
   3.8710557e-02
   1.0826920e-01
   1.1786247e-01
   3.6178819e-02
  -1.1450568e-01
  -1.7411743e-01
  -1.2988057e-01
  -7.4726505e-02
   6.4523254e-02
   2.6346798e-01
   3.2517044e-01
   2.6385577e-01
   2.0343197e-01
   7.4185696e-02
  -1.1141804e-01
  -7.2058307e-02
   8.8430965e-02
   1.2106686e-01
   1.8545282e-01
   2.9222515e-01
   3.0578309e-01
   2.5568705e-01
   2.1565885e-01
   1.7762682e-01
   1.0628644e-01
   2.1438858e-02
  -5.4834820e-02
  -1.0087836e-01
  -1.2626994e-01
  -1.2469426e-01
  -7.0630196e-02
  -1.7908323e-02
   2.3840634e-02
   8.5355275e-02
   1.4487396e-01
   1.5899450e-01
   8.8983302e-02
   1.3034109e-02
  -1.6203456e-02
  -9.4257022e-02
  -1.7705645e-01
  -1.6768265e-01
  -1.7157689e-01
  -1.9906127e-01
  -1.5309131e-01
  -1.0727206e-01
  -6.5599421e-02
   1.0918312e-01
   2.5618803e-01
   1.7591740e-01
   9.3912833e-02
   7.9438874e-02
  -2.5053260e-02
  -1.0960235e-01
  -1.0833481e-01
  -8.3006322e-02
  -1.5964452e-02
   3.7605882e-02
   6.9542920e-02
   1.2624416e-01
   1.5289280e-01
   1.2702770e-01
   8.9815266e-02
   6.8530895e-02
   4.9832552e-02
   6.4974137e-03
  -6.2922000e-02
  -1.1675632e-01
  -1.3243977e-01
  -1.2432722e-01
  -8.5435977e-02
  -4.1632389e-02
  -2.2942221e-02
   3.3656934e-03
   2.1871295e-02
  -1.5343193e-02
  -5.8591551e-02
  -6.2578650e-02
  -6.3170395e-02
  -5.2472242e-02
  -1.3857039e-02
   1.6967128e-02
   4.1633647e-02
   6.3283378e-02
   4.6489183e-02
   2.1800445e-03
  -2.4066599e-02
  -4.2501036e-02
  -6.5541777e-02
  -4.4156580e-02
   1.5188476e-02
   8.2396340e-02
   1.7674853e-01
   2.3469195e-01
   2.2075880e-01
   1.9826389e-01
   1.8210337e-01
   1.5343403e-01
   1.0272633e-01
   2.6341767e-02
  -1.2496697e-01
  -2.7065151e-01
  -2.7770507e-01
  -2.6203002e-01
  -2.5281951e-01
  -1.8739008e-01
  -1.1440905e-01
  -2.4741352e-02
   4.9583529e-02
   6.5189832e-02
   7.5412577e-02
   8.0429307e-02
   6.0872588e-02
   7.2628462e-02
   1.1589711e-01
   1.3527146e-01
   1.3222009e-01
   1.1379760e-01
   8.8362840e-02
   8.4604641e-02
   9.9565957e-02
   1.1751115e-01
   9.9903647e-02
   3.6811020e-02
  -7.6357524e-03
  -4.1563425e-02
  -8.8641000e-02
  -6.2148099e-02
   3.3198085e-02
   1.3079638e-01
   2.0338900e-01
   1.8264837e-01
   1.3195199e-01
   1.3075781e-01
   1.1773188e-01
   9.9150079e-02
   1.1167671e-01
   9.9923351e-02
   4.7001064e-02
   1.1674312e-02
  -2.5678543e-02
  -8.8468067e-02
  -1.1381668e-01
  -8.6160618e-02
  -5.0983971e-02
  -3.7562702e-02
  -2.5918344e-02
  -1.4116460e-02
  -3.5382489e-02
  -6.1167937e-02
  -6.8589588e-02
  -9.2354969e-02
  -1.2895847e-01
  -1.5731988e-01
  -1.8723686e-01
  -2.2131637e-01
  -2.2829029e-01
  -1.8119385e-01
  -1.3110200e-01
  -1.1525401e-01
  -1.0408506e-01
  -1.1007776e-01
  -1.3400056e-01
  -1.3695028e-01
  -1.1493225e-01
  -8.3584232e-02
  -5.4114580e-02
  -3.2325874e-02
  -5.8703486e-02
  -1.1402189e-01
  -1.2817786e-01
  -1.1978800e-01
  -9.3574094e-02
  -2.9863310e-02
   3.6261617e-02
   7.9867747e-02
   1.2245640e-01
   1.5782820e-01
   1.7190221e-01
   1.9179977e-01
   2.1714922e-01
   2.3007202e-01
   2.3965145e-01
   2.3867255e-01
   2.1386035e-01
   1.6311638e-01
   8.5324042e-02
   4.2937456e-02
   4.6869007e-02
   3.7392494e-02
   3.5242257e-02
   4.4123042e-02
   1.9500290e-02
  -2.6370275e-02
  -6.7773554e-02
  -1.1494629e-01
  -1.4641715e-01
  -1.6045343e-01
  -1.7844809e-01
  -1.6787697e-01
  -1.4929831e-01
  -1.5678557e-01
  -1.5578969e-01
  -1.4829342e-01
  -1.5441000e-01
  -1.4743588e-01
  -1.1627232e-01
  -7.5162924e-02
  -2.1437390e-02
   4.2209042e-02
   8.6100039e-02
   1.0067902e-01
   8.7079782e-02
   4.2128130e-02
  -5.7547456e-03
  -5.0328084e-02
  -7.6348091e-02
  -7.7239377e-02
  -8.1185601e-02
  -7.9179789e-02
  -8.9101944e-02
  -1.1926249e-01
  -1.3397793e-01
  -1.4061457e-01
  -1.5915151e-01
  -1.5831786e-01
  -1.2864992e-01
  -1.0030276e-01
  -4.0448061e-02
   4.8642355e-02
   8.4773801e-02
   6.9378162e-02
   3.9091428e-02
  -7.0530209e-04
  -2.7902775e-02
  -4.8242827e-02
  -5.8342528e-02
  -5.0937436e-02
  -6.1699522e-02
  -8.7038907e-02
  -1.0563601e-01
  -1.0044718e-01
  -5.8007143e-02
  -2.4723325e-02
  -1.2422325e-02
   1.0708026e-02
   2.0072143e-02
   1.0767116e-02
   1.7022403e-02
   2.9319567e-02
   2.9396705e-02
   1.9480440e-02
   5.3495795e-03
  -2.5703488e-03
  -1.0121710e-02
  -1.0922337e-02
   6.1507095e-03
   1.6934742e-02
   2.0700612e-02
   4.3621222e-02
   6.2883012e-02
   5.8826740e-02
   5.8711032e-02
   5.4909233e-02
   3.5344549e-02
   1.0087312e-02
  -1.8668179e-02
  -3.1707089e-02
  -3.0118412e-02
  -3.8774070e-02
  -4.1503895e-02
  -1.8935188e-02
   6.1736624e-04
   8.5102688e-03
   1.5515707e-02
  -1.3244480e-03
  -3.1894695e-02
  -5.0933034e-02
  -6.7574210e-02
  -7.7210031e-02
  -7.5446534e-02
  -6.4133998e-02
  -4.9355258e-02
  -4.7957541e-02
  -5.4008934e-02
  -3.8274766e-02
  -6.9820241e-03
   1.8017407e-02
   5.5865709e-02
   8.9916511e-02
   9.2632710e-02
   8.5868623e-02
   7.4625260e-02
   6.2856181e-02
   5.4862070e-02
   5.4226096e-02
   6.9173577e-02
   8.6204218e-02
   8.1039079e-02
   4.6019644e-02
   1.7469325e-02
  -2.7688757e-02
  -8.5715604e-02
  -8.3127480e-02
  -6.9172319e-02
  -8.1680922e-02
  -8.0758823e-02
  -6.1182191e-02
  -2.1124854e-02
   2.7382299e-02
   4.9103719e-02
   4.7147167e-02
   3.6084283e-02
   2.0871659e-02
   1.2056441e-02
   4.6183354e-03
   1.0484114e-02
   2.9773385e-02
   4.1012346e-02
   5.8617334e-02
   8.0281528e-02
   8.6013468e-02
   7.8999519e-02
   5.9204467e-02
   3.0683326e-02
   4.5225201e-03
  -1.1789391e-02
  -6.7753641e-03
   1.3448792e-02
   1.9849992e-02
   1.8881002e-02
   2.3066313e-02
   1.3515052e-02
  -7.2496404e-04
  -6.9085958e-03
  -1.7705142e-02
  -2.7666748e-02
  -3.2275776e-02
  -3.1522627e-02
  -1.6696828e-02
   1.3241985e-03
   1.3137429e-02
   2.0034035e-02
   2.0565683e-02
   1.7791420e-02
   1.6837732e-02
   1.8243603e-02
   1.7200744e-02
   1.2657996e-02
  -2.6491852e-04
  -1.5840758e-02
  -1.4736545e-02
  -1.2179590e-02
  -2.2243782e-02
  -2.8028335e-02
  -2.4817862e-02
  -2.0616536e-02
  -2.0426771e-02
  -2.5547743e-02
  -3.3712272e-02
  -4.2113457e-02
  -5.2576002e-02
  -5.4954510e-02
  -4.2384071e-02
  -3.4679439e-02
  -3.3953749e-02
  -2.5416314e-02
  -9.9835522e-03
   1.1743862e-02
   3.1789677e-02
   3.5244772e-02
   4.1821253e-02
   6.7199207e-02
   8.8908050e-02
   1.0448647e-01
   1.1470356e-01
   1.0632250e-01
   7.3935415e-02
   1.7886544e-02
  -1.3988510e-02
   1.1317483e-02
   3.5534670e-02
   2.9531698e-02
   2.2899459e-02
   1.0036669e-02
  -1.4652447e-02
  -3.4817366e-02
  -4.0221047e-02
  -3.0855211e-02
  -2.5544599e-02
  -2.7770298e-02
  -2.6461667e-02
  -2.6515329e-02
  -2.2845798e-02
  -1.0300093e-02
  -3.7532098e-03
  -2.6309067e-03
  -1.1252984e-03
  -7.6062595e-03
  -1.6742734e-02
  -2.2324693e-02
  -3.0463859e-02
  -3.4470452e-02
  -2.3943136e-02
  -1.0179648e-02
  -2.6251004e-03
   6.1615466e-03
   1.2222058e-02
   7.1482074e-03
  -1.0612504e-03
  -3.7995558e-03
  -6.8076868e-03
  -1.2769847e-02
  -1.6592985e-02
  -1.8709453e-02
  -2.2336222e-02
  -2.8924861e-02
  -3.5640526e-02
  -3.9020578e-02
  -4.1673683e-02
  -4.4986868e-02
  -4.8207402e-02
  -5.0130207e-02
  -4.4044646e-02
  -3.3458218e-02
  -2.3190825e-02
  -1.1391561e-02
  -1.0060775e-02
  -1.7813576e-02
  -2.1929568e-02
  -2.5304799e-02
  -3.0569715e-02
  -4.1322367e-02
  -5.2837183e-02
  -4.5311353e-02
  -2.7999617e-02
  -8.6823632e-03
   3.7098822e-02
   7.2886499e-02
   6.7570646e-02
   6.5964362e-02
   6.7777956e-02
   5.0109035e-02
   3.0328866e-02
   2.1759779e-02
   2.4189434e-02
   2.9188976e-02
   2.5233949e-02
   6.3436607e-03
  -2.0932615e-02
  -3.2993919e-02
  -3.4166090e-02
  -3.9785675e-02
  -3.7147663e-02
  -3.2242866e-02
  -3.8528610e-02
  -4.6383118e-02
  -4.9888520e-02
  -4.1084035e-02
  -2.1562112e-02
   8.5909079e-03
   5.0033364e-02
   6.3173749e-02
   6.3258224e-02
   8.0372502e-02
   8.2032448e-02
   7.4593189e-02
   8.4941703e-02
   1.0464180e-01
   1.1983013e-01
   1.2773935e-01
   1.2073672e-01
   1.0035181e-01
   7.1907174e-02
   3.4894085e-02
   2.0203677e-02
   3.3503076e-02
   4.6016290e-02
   5.2316498e-02
   4.9430300e-02
   4.0192958e-02
   2.5241704e-02
  -2.4368865e-03
  -2.5824855e-02
  -2.9587875e-02
  -2.9044761e-02
  -3.6906605e-02
  -4.2420544e-02
  -3.7065284e-02
  -3.0688986e-02
  -2.6840024e-02
  -1.6668132e-02
  -4.5989669e-03
   5.3407337e-03
   2.4572611e-02
   4.6155894e-02
   4.8100289e-02
   3.8990394e-02
   3.5438247e-02
   3.3025781e-02
   2.9114982e-02
   3.1801416e-02
   4.0995786e-02
   4.6828341e-02
   4.6832743e-02
   4.1791068e-02
   2.3448652e-02
  -6.4998034e-03
  -1.8509500e-02
  -6.6208145e-03
   5.9510716e-03
   1.7553821e-02
   3.3771803e-02
   3.9353448e-02
   3.1672502e-02
   3.5133047e-02
   4.7867406e-02
   5.2734681e-02
   5.1821595e-02
   4.7956702e-02
   2.6258760e-02
  -3.2025076e-03
  -1.2610267e-02
  -1.7212587e-02
  -2.0246941e-02
  -2.4970881e-02
  -5.3839984e-02
  -8.4916340e-02
  -8.8214222e-02
  -6.0710346e-02
  -2.9134267e-02
  -8.6867861e-03
   1.4123335e-02
   2.9228594e-02
   3.2034299e-02
   3.0246906e-02
   3.0504314e-02
   3.5269087e-02
   2.1201573e-02
  -2.7164928e-02
  -7.4575372e-02
  -8.4642582e-02
  -6.2648452e-02
  -2.7189453e-02
   5.3741674e-04
   1.0939567e-02
   1.3092760e-02
   1.7988144e-02
   1.7144609e-02
   1.1173498e-02
   1.3829370e-02
   1.5714821e-02
   1.1620755e-02
   6.0458598e-03
  -4.9805931e-04
   1.6296944e-03
   1.8580958e-02
   2.8989003e-02
   2.2708500e-02
   2.0864050e-02
   2.2506430e-02
   1.6797737e-02
   1.7399103e-02
   3.1270879e-02
   4.3221904e-02
   5.2819156e-02
   6.4460789e-02
   6.8394645e-02
   7.0441751e-02
   7.6166983e-02
   7.8868719e-02
   7.9893320e-02
   8.1207820e-02
   7.6044777e-02
   6.6077344e-02
   5.0383213e-02
   1.9398082e-02
  -9.0672594e-04
   4.2323282e-03
   9.3758765e-05
  -9.0074142e-03
   1.6729696e-03
   1.8851656e-02
   3.5310382e-02
   4.5686146e-02
   3.7779654e-02
   2.6040130e-02
   2.2641423e-02
   1.5953007e-02
   1.2456011e-02
   2.5788172e-02
   3.9444002e-02
   4.3741961e-02
   4.2302949e-02
   2.4165119e-02
  -2.9595631e-03
  -1.7313664e-02
  -2.0357514e-02
  -2.2073993e-02
  -2.2316099e-02
  -3.7501703e-02
  -6.7124794e-02
  -7.3678007e-02
  -7.2376084e-02
  -8.5658798e-02
  -8.6673967e-02
  -7.4311046e-02
  -6.5278080e-02
  -5.7434682e-02
  -5.0792173e-02
  -4.8399620e-02
  -4.8332124e-02
  -5.2330961e-02
  -6.2429194e-02
  -7.8708363e-02
  -9.4256183e-02
  -9.9922094e-02
  -1.0324786e-01
  -1.0455166e-01
  -9.8219176e-02
  -9.3256526e-02
  -9.0087138e-02
  -8.5130776e-02
  -8.1167993e-02
  -7.7003769e-02
  -6.7604394e-02
  -5.3902449e-02
  -4.7837431e-02
  -4.7202295e-02
  -4.6494633e-02
  -5.3778357e-02
  -6.4172777e-02
  -7.3964971e-02
  -7.0787408e-02
  -4.8918628e-02
  -3.9607502e-02
  -4.0496692e-02
  -3.9005696e-02
  -5.0702667e-02
  -6.5546178e-02
  -7.1900047e-02
  -7.2015336e-02
  -6.1257023e-02
  -4.5160849e-02
  -3.1791354e-02
  -2.3235264e-02
  -2.0823594e-02
  -2.5883128e-02
  -3.4691596e-02
  -4.0154389e-02
  -4.8003237e-02
  -5.4529829e-02
  -4.9506600e-02
  -4.3248945e-02
  -4.2666423e-02
  -3.9773098e-02
  -3.2206603e-02
  -2.4885568e-02
  -2.0402560e-02
  -1.6852929e-02
  -1.1285475e-02
  -4.6065340e-03
  -2.4736950e-04
   1.3577370e-03
   3.8682678e-03
   6.9381935e-03
   8.6096056e-03
   7.2565787e-03
   6.3891053e-04
  -6.6245666e-03
  -1.0507864e-02
  -1.3083348e-02
  -9.7300850e-03
   2.6364825e-03
   1.3993960e-02
   2.5212568e-02
   4.1535547e-02
   5.0474605e-02
   5.0834515e-02
   5.5728411e-02
   6.3010039e-02
   6.4598087e-02
   6.0049637e-02
   5.5751259e-02
   5.3651959e-02
   5.0762617e-02
   5.1825787e-02
   5.4531925e-02
   5.5210451e-02
   5.8874951e-02
   6.3059718e-02
   6.2805035e-02
   5.4564416e-02
   3.4315755e-02
   1.4942052e-02
   1.1761889e-02
   1.6330064e-02
   1.7949722e-02
   1.7319345e-02
   1.8729115e-02
   2.1135544e-02
   1.9546825e-02
   1.6801405e-02
   1.7063131e-02
   2.1757473e-02
   2.8730757e-02
   3.2511594e-02
   3.6256167e-02
   4.1424450e-02
   3.7607350e-02
   2.8850238e-02
   1.9585520e-02
  -1.4047014e-03
  -1.8553624e-02
  -2.4054442e-02
  -3.6211729e-02
  -4.6853914e-02
  -5.2546865e-02
  -5.2450652e-02
  -3.7388511e-02
  -2.5276710e-02
  -1.3092760e-02
   3.3202068e-03
   4.3273470e-03
   7.0656607e-03
   2.5510851e-02
   4.3545760e-02
   5.6186212e-02
   6.5462542e-02
   7.0931204e-02
   7.7382754e-02
   8.4035115e-02
   8.4457072e-02
   8.2182532e-02
   8.2994583e-02
   8.4540708e-02
   8.4733345e-02
   8.5275621e-02
   8.4907745e-02
   7.8971431e-02
   6.8983875e-02
   5.8661563e-02
   5.5694244e-02
   6.9127881e-02
   8.2575771e-02
   8.7179769e-02
   9.0029913e-02
   8.2384602e-02
   6.3866528e-02
   3.9915637e-02
   2.2143376e-02
   1.6461493e-02
   3.8659201e-03
  -1.2496948e-02
  -1.7547218e-02
  -1.6046307e-02
  -1.5585949e-02
  -1.8625963e-02
  -2.5813536e-02
  -3.5539282e-02
  -4.1386300e-02
  -4.0480341e-02
  -3.3324064e-02
  -2.5644376e-02
  -2.3452635e-02
  -2.0617709e-02
  -1.8049352e-02
  -2.2090972e-02
  -2.5678753e-02
  -2.5523637e-02
  -2.4745125e-02
  -2.2573298e-02
  -2.1235950e-02
  -1.9774195e-02
  -1.3324511e-02
   7.4720635e-04
   1.8827990e-02
   3.5920573e-02
   5.5836782e-02
   6.0144593e-02
   4.2449051e-02
   3.6171902e-02
   3.1081806e-02
   1.1630984e-02
   3.4087694e-03
   4.4672654e-03
   1.2261906e-03
  -3.4838746e-04
   2.6976483e-03
   7.5939341e-03
   1.1713217e-02
   1.5620766e-02
   2.1077690e-02
   2.6399412e-02
   3.0110656e-02
   3.3698647e-02
   3.6635781e-02
   3.5470947e-02
   3.3073573e-02
   3.3330143e-02
   3.4888635e-02
   3.7767915e-02
   3.9978941e-02
   3.4135067e-02
   2.0856504e-02
   1.3649646e-03
  -3.1198981e-02
  -5.5129959e-02
  -5.2450652e-02
  -4.1019683e-02
  -2.7188405e-02
  -1.1379613e-02
  -1.8737457e-03
   2.1293175e-04
  -1.5584733e-03
  -4.5605234e-03
  -7.5156426e-03
  -1.1841376e-02
  -1.7204287e-02
  -2.2025572e-02
  -2.1973587e-02
  -1.2757123e-02
  -4.6272650e-03
  -5.7079803e-03
  -1.4904279e-02
  -3.0203306e-02
  -4.1083615e-02
  -4.4745600e-02
  -4.5003637e-02
  -3.9191834e-02
  -3.2683059e-02
  -3.0774719e-02
  -3.3013414e-02
  -3.9691767e-02
  -4.7475634e-02
  -5.4100117e-02
  -6.2185411e-02
  -6.3725038e-02
  -5.2849131e-02
  -4.4844329e-02
  -3.8482495e-02
  -2.7892084e-02
  -2.2854392e-02
  -2.3521808e-02
  -2.9227755e-02
  -3.7950490e-02
  -4.9309142e-02
  -5.6866414e-02
  -5.2370578e-02
  -5.1049790e-02
  -5.6241550e-02
  -6.0194272e-02
  -6.6311066e-02
  -7.1281052e-02
  -7.5199188e-02
  -7.6471555e-02
  -7.1555859e-02
  -6.6142954e-02
  -5.6645060e-02
  -4.5207803e-02
  -4.0357716e-02
  -3.7749050e-02
  -3.3599080e-02
  -2.9575298e-02
  -2.3578614e-02
  -1.3595146e-02
  -6.6441866e-03
  -4.8059414e-03
  -4.9026371e-03
  -1.0405613e-02
  -1.8024240e-02
  -2.7823959e-02
  -4.4521521e-02
  -5.5955006e-02
  -5.7233661e-02
  -5.3653216e-02
  -4.7072334e-02
  -4.1551058e-02
  -3.7972500e-02
  -4.2301482e-02
  -5.1548676e-02
  -5.5180686e-02
  -6.0353790e-02
  -7.0199645e-02
  -7.7552962e-02
  -8.1994717e-02
  -7.8297516e-02
  -6.7254546e-02
  -5.3109474e-02
  -2.9888464e-02
  -1.4888223e-02
  -1.4016243e-02
  -1.0405613e-02
  -7.3090455e-03
  -4.7277757e-03
   9.1715642e-05
   3.7771479e-03
   6.8738624e-03
   4.8263370e-03
  -1.8015038e-03
  -6.7942714e-03
  -1.1267448e-02
  -9.5334027e-03
  -1.5794768e-03
   1.5036777e-03
   3.7134876e-03
   1.0358471e-02
   1.6669494e-02
   2.0171438e-02
   2.1151055e-02
   1.8486904e-02
   1.4567050e-02
   1.2662650e-02
   1.2998244e-02
   1.8443995e-02
   2.8222019e-02
   3.6259102e-02
   3.7309067e-02
   3.5563388e-02
   3.7286638e-02
   3.8696932e-02
   3.9715244e-02
   4.2775633e-02
   4.4998187e-02
   4.6546199e-02
   4.6264475e-02
   4.1267029e-02
   3.6071706e-02
   3.2124643e-02
   2.9284771e-02
   3.0828380e-02
   3.1760122e-02
   2.6709852e-02
   2.0823007e-02
   1.9286420e-02
   1.9010524e-02
   2.2803665e-02
   3.1688643e-02
   4.0730413e-02
   5.0734319e-02
   5.5612075e-02
   5.4681800e-02
   5.3049943e-02
   5.1604433e-02
   5.3157895e-02
   5.4684525e-02
   5.2720217e-02
   4.6238273e-02
   3.8887892e-02
   3.4877525e-02
   3.3587760e-02
   4.0100518e-02
   5.1749278e-02
   6.1214471e-02
   6.7555344e-02
   6.6719816e-02
   5.8989611e-02
   5.1970003e-02
   4.7324501e-02
   3.8860432e-02
   2.8643557e-02
   2.2318405e-02
   1.9802409e-02
   1.9056178e-02
   1.8224067e-02
   1.9181905e-02
   2.4002247e-02
   3.3275852e-02
   4.0598145e-02
   4.3863957e-02
   4.6665470e-02
   4.2143432e-02
   2.9468184e-02
   1.7510577e-02
   1.3678510e-02
   1.4065397e-02
   7.7395540e-03
  -2.9631056e-03
  -1.4085709e-02
  -1.9723531e-02
  -1.5777202e-02
  -1.3778455e-02
  -1.0805225e-02
  -1.6462436e-03
   1.1076635e-03
  -1.2464961e-03
  -1.5845684e-03
  -1.4484084e-03
   3.8158220e-03
   1.2634414e-02
   1.8837570e-02
   2.4337003e-02
   2.1572802e-02
   1.4455576e-03
  -2.6189796e-02
  -4.2490346e-02
  -4.5483028e-02
  -4.1106673e-02
  -3.0787715e-02
  -1.8029963e-02
  -5.3448212e-03
  -6.4240692e-03
  -1.8386121e-02
  -2.7075003e-02
  -3.7106578e-02
  -4.4464715e-02
  -4.4949347e-02
  -4.2692206e-02
  -4.1060348e-02
  -4.1517729e-02
  -3.9888387e-02
  -3.0406634e-02
  -1.5161394e-02
   1.3037862e-03
   1.5552306e-02
   1.8206061e-02
   9.4381324e-03
   2.4075613e-03
   1.9361735e-03
  -4.3704859e-04
  -2.6680506e-03
  -9.8540517e-04
  -1.7669822e-03
  -3.3506639e-03
  -4.0182687e-03
  -5.6560795e-03
  -7.5337534e-03
  -9.8186895e-03
  -8.3621125e-03
  -1.4135346e-03
   2.7877411e-03
   8.8796534e-03
   2.0296998e-02
   2.3918191e-02
   2.2076508e-02
   2.1516625e-02
   2.0205144e-02
   1.9528232e-02
   1.8602171e-02
   1.5935169e-02
   9.8386240e-03
   1.4520997e-03
  -3.4224992e-03
  -6.1475024e-03
  -9.6469095e-03
  -5.2514584e-03
   6.4239644e-03
   1.5730689e-02
   3.3501818e-02
   5.2782264e-02
   5.8179866e-02
   5.8054306e-02
   4.7196007e-02
   2.5402480e-02
  -1.5844154e-03
  -2.7214188e-02
  -3.4560377e-02
  -2.3548220e-02
  -7.0385365e-03
   7.1368672e-03
   1.5399685e-02
   1.1350393e-02
   1.7012949e-03
  -1.5155692e-03
  -4.1253194e-03
  -5.0628253e-03
   6.4485523e-03
   1.7414070e-02
   1.9607635e-02
   2.3409245e-02
   2.0088912e-02
   4.0450366e-03
  -9.3917444e-03
  -1.3993436e-02
  -1.0832705e-02
  -4.7871598e-04
   1.3628265e-02
   2.6251213e-02
   2.3940201e-02
   9.6003749e-03
  -1.8601144e-03
  -8.0951670e-03
  -1.1077914e-02
  -1.4223301e-02
  -1.3677168e-02
  -8.4518070e-03
  -5.9946926e-03
  -8.4783443e-03
  -1.2533967e-02
  -1.3883598e-02
  -1.5256706e-02
  -1.7297985e-02
  -1.6533160e-02
  -1.6884686e-02
  -1.9800188e-02
  -2.1115421e-02
  -1.7249773e-02
  -6.6589645e-03
   5.0536861e-03
   1.2664830e-02
   1.7922241e-02
   1.7315530e-02
   7.2728448e-03
  -6.6140229e-03
  -1.8836417e-02
  -2.1105150e-02
  -1.6493187e-02
  -1.9511882e-02
  -2.7097851e-02
  -3.1600604e-02
  -3.4988622e-02
  -3.9118259e-02
  -4.3186689e-02
  -4.4249231e-02
  -3.8314383e-02
  -2.7365740e-02
  -2.0681034e-02
  -1.9133149e-02
  -1.4982298e-02
  -1.2892263e-02
  -2.0041811e-02
  -2.7333040e-02
  -2.9431082e-02
  -2.9934579e-02
  -2.2870532e-02
  -1.2551134e-02
  -9.8114788e-03
  -6.8378086e-03
  -6.2411796e-03
  -1.6328387e-02
  -2.8020998e-02
  -2.6344702e-02
  -9.8833979e-03
   3.1859270e-03
   1.2406772e-02
   2.4893114e-02
   2.9882385e-02
   2.2036262e-02
   8.7669850e-03
   1.3700876e-03
   1.1765034e-03
   4.9872379e-03
   9.7128336e-03
   1.1834626e-02
   1.0763071e-02
   6.1456578e-03
   2.5730109e-03
   4.1424870e-03
   9.1259308e-03
   1.1646747e-02
   1.1536448e-02
   1.3590157e-02
   1.6014404e-02
   1.7380720e-02
   1.9098604e-02
   1.7702774e-02
   1.1546656e-02
   3.0019683e-03
  -7.3921371e-03
  -1.2641017e-02
  -7.5751525e-03
  -2.0246501e-03
   1.0759948e-03
   1.1309811e-02
   1.9108477e-02
   1.2179674e-02
   4.4667833e-03
   2.4917848e-03
  -5.0224534e-03
  -1.4196407e-02
  -1.1533513e-02
  -5.2265142e-03
  -6.5412234e-03
  -8.0007351e-03
  -6.4634770e-03
  -4.8966001e-03
  -3.8658782e-03
  -4.0210776e-03
  -4.1253194e-03
  -1.6954152e-03
   4.0622461e-03
   9.5071588e-03
   7.9556468e-03
  -1.0923553e-03
  -1.0846603e-02
  -1.8670862e-02
  -2.0745114e-02
  -1.2043466e-02
  -2.4526706e-03
   4.5030678e-03
   2.1332583e-02
   3.4415323e-02
   3.4299405e-02
   3.6523218e-02
   3.0558395e-02
   1.3769420e-02
  -6.0505132e-03
  -3.5125920e-02
  -5.7844691e-02
  -5.6030258e-02
  -2.9696246e-02
   7.0855113e-03
   3.1717150e-02
   3.6606225e-02
   2.9482857e-02
   1.2322234e-02
  -8.7306587e-03
  -2.3834974e-02
  -3.0950796e-02
  -2.3438800e-02
  -1.0548026e-02
  -6.8547036e-03
  -3.3595097e-03
   2.7756673e-03
   5.2513536e-03
   5.0737253e-03
   7.5290790e-04
  -1.1275518e-02
  -2.2762371e-02
  -2.0677827e-02
  -1.0365891e-02
  -1.2966781e-03
   1.4011505e-02
   3.0579147e-02
   3.5008325e-02
   3.1142384e-02
   2.4335117e-02
   1.6867455e-02
   4.5529353e-03
  -8.0971583e-03
  -1.2101928e-02
  -1.3546075e-02
  -1.2408595e-02
  -2.0983992e-03
   1.3921999e-02
   2.2058062e-02
   2.1235740e-02
   1.8236413e-02
   5.8824015e-03
  -1.0472355e-02
  -1.9621385e-02
  -1.8464894e-02
  -5.3913559e-03
   1.3037924e-02
   2.9052097e-02
   3.4144709e-02
   3.0483143e-02
   2.6419325e-02
   1.7905116e-02
  -1.4111681e-05
  -9.7071111e-03
  -1.5276850e-04
   8.6182208e-03
   1.8275716e-02
   3.3146939e-02
   3.4505248e-02
   2.9026524e-02
   2.8638316e-02
   2.8772470e-02
   2.7076051e-02
   2.2491757e-02
   1.2853274e-02
   2.5756730e-03
  -2.1132400e-03
  -6.5987419e-03
  -1.9141785e-02
  -3.9309009e-02
  -5.4884289e-02
  -6.0264493e-02
  -6.2664802e-02
  -5.8674140e-02
  -4.9344777e-02
  -4.4019701e-02
  -3.7847360e-02
  -2.9227546e-02
  -1.9979870e-02
  -7.5966800e-03
   8.5664248e-04
   1.6162434e-03
  -2.9579281e-03
  -1.3851757e-02
  -2.0834578e-02
  -2.0435994e-02
  -2.1577204e-02
  -1.4968505e-02
  -2.0342149e-03
   2.3979399e-03
   1.6744076e-03
  -1.3831341e-03
  -5.9133617e-03
  -9.8613882e-03
  -1.0761268e-02
  -3.3152179e-03
   3.4960114e-03
   5.4976310e-03
   6.1129158e-03
  -2.5849590e-04
  -1.1609666e-02
  -2.2261389e-02
  -2.5057872e-02
  -1.8366102e-02
  -1.3195555e-02
  -8.9981492e-03
  -7.0285797e-04
   4.5869140e-03
   4.5031097e-03
   5.0535184e-03
   6.7753641e-03
   6.8432795e-03
   7.1552505e-03
   9.1333303e-03
   1.1103885e-02
   1.0673754e-02
   6.5243493e-03
   2.6225850e-03
   2.3384720e-04
  -6.6512087e-04
   2.7456084e-03
   6.9762387e-03
   1.1471341e-02
   2.1597537e-02
   3.8132227e-02
   5.2776185e-02
   5.3276956e-02
   4.4079442e-02
   3.5680563e-02
   2.0518582e-02
  -5.2355696e-03
  -2.5014900e-02
  -3.4231490e-02
  -4.6317089e-02
  -5.9818641e-02
  -5.9205725e-02
  -4.4203325e-02
  -2.4125292e-02
   3.1715054e-03
   2.4067228e-02
   2.3493301e-02
   2.1050440e-02
   3.0165785e-02
   3.8518130e-02
   4.3049181e-02
   4.2821538e-02
   3.1667472e-02
   1.8086328e-02
   1.1481046e-02
   1.1412188e-02
   1.4376467e-02
   1.6427304e-02
   1.5125193e-02
   1.3129610e-02
   1.5415972e-02
   2.4068486e-02
   3.4549477e-02
   4.1742856e-02
   4.2608359e-02
   3.7017701e-02
   3.2895190e-02
   2.8033994e-02
   1.5793930e-02
   5.3538347e-03
   4.3682849e-04
  -6.4434587e-03
  -8.3262472e-03
   8.1560393e-04
   7.7844327e-03
   1.2566939e-02
   2.0536986e-02
   2.5864053e-02
   2.6431273e-02
   1.9406550e-02
   1.2269117e-02
   1.3700981e-02
   1.5076499e-02
   1.2307288e-02
   1.1592478e-02
   7.3122107e-03
  -6.6441656e-03
  -1.7769851e-02
  -2.0698076e-02
  -1.7502549e-02
  -1.0407730e-02
  -6.6026617e-03
  -3.2160907e-03
   1.5852056e-03
   6.5032830e-03
   1.2932928e-02
   1.8200003e-02
   1.9481153e-02
   1.3945434e-02
   3.4567504e-03
  -6.6155112e-03
  -1.2209482e-02
  -1.1249232e-02
  -1.0233582e-02
  -1.6427095e-02
  -2.3348456e-02
  -1.7772932e-02
  -6.0174568e-03
  -7.3637551e-04
   7.1852884e-03
   1.2989713e-02
   5.3504180e-03
   2.5868665e-04
   4.1490479e-04
  -4.8212643e-03
  -9.0625012e-03
  -8.7893720e-03
  -9.2679035e-03
  -9.9540384e-03
  -1.1825801e-02
  -1.8672414e-02
  -2.6657239e-02
  -3.0033099e-02
  -2.6278044e-02
  -2.0986088e-02
  -1.9551583e-02
  -1.6720221e-02
  -1.3568399e-02
  -1.2623996e-02
  -1.0288983e-02
  -8.5573904e-03
  -8.6439197e-03
  -8.6481749e-03
  -1.1304026e-02
  -1.5882367e-02
  -1.9667082e-02
  -2.5213406e-02
  -2.8891322e-02
  -2.5074641e-02
  -1.7742139e-02
  -1.1848565e-02
  -9.7884001e-03
  -1.5435152e-02
  -2.2542274e-02
  -2.3912322e-02
  -2.7758559e-02
  -3.0460714e-02
  -2.0384323e-02
  -1.1676198e-02
  -1.1958739e-02
  -1.2156910e-02
  -1.5680402e-02
  -1.8716160e-02
  -1.2257127e-02
  -2.4906319e-03
   4.9232004e-03
   1.3975158e-02
   2.4763152e-02
   3.1071954e-02
   3.0334107e-02
   2.9605063e-02
   3.2782836e-02
   3.4595592e-02
   3.5304512e-02
   3.6872857e-02
   3.8122585e-02
   3.6402269e-02
   3.0794842e-02
   2.4308286e-02
   1.1866550e-02
  -5.6662668e-03
  -1.5617475e-02
  -2.0154354e-02
  -2.3879203e-02
  -2.6659125e-02
  -2.7261980e-02
  -1.7839380e-02
  -6.4189756e-03
  -2.4803189e-03
  -4.4665527e-03
  -1.1235901e-02
  -1.5849143e-02
  -1.5872389e-02
  -7.8135274e-03
   3.3806599e-03
   6.6579793e-03
   9.8655386e-03
   9.4977051e-03
   5.9067798e-04
  -4.9458808e-03
  -7.9892482e-03
  -1.2247338e-02
  -1.3285187e-02
  -9.0299478e-03
  -3.3297862e-03
   1.0129109e-03
   3.8931492e-03
  -7.2288046e-04
  -8.9093769e-03
  -1.2932593e-02
  -1.8991511e-02
  -2.6643404e-02
  -2.9644471e-02
  -3.0647272e-02
  -3.1330410e-02
  -2.5930082e-02
  -1.4837055e-02
  -6.0172053e-03
   2.0677240e-03
   9.4478795e-03
   1.0093894e-02
   1.1136669e-02
   1.5010030e-02
   1.2999586e-02
   7.5011791e-03
   3.0672007e-03
  -1.4964250e-04
  -1.4872501e-03
  -1.7534892e-03
  -2.5265181e-03
  -5.3222666e-03
  -1.0644072e-02
  -1.8192666e-02
  -2.4220667e-02
  -2.6273642e-02
  -2.3580081e-02
  -1.8725048e-02
  -1.2434106e-02
   2.5394095e-03
   1.5777202e-02
   1.9319183e-02
   1.7277401e-02
   8.6864926e-03
   2.4304723e-03
  -3.2896658e-03
  -5.5067284e-03
   7.2168775e-03
   1.6812976e-02
   1.7942553e-02
   2.5811649e-02
   2.9016672e-02
   1.9037250e-02
   9.8021718e-03
  -1.8048597e-03
  -1.7749748e-02
  -2.4794804e-02
  -2.1906720e-02
  -1.3191740e-02
  -1.9126043e-04
   1.7168170e-02
   2.8433522e-02
   2.7431349e-02
   3.0170606e-02
   3.7067589e-02
   4.0174093e-02
   3.8684564e-02
   2.8755910e-02
   1.9646979e-02
   1.1519804e-02
  -2.7306838e-03
  -7.5717567e-03
  -5.7534040e-03
  -1.2482464e-02
  -1.8497783e-02
  -2.1309106e-02
  -1.8386141e-02
  -1.8511953e-03
   1.8251967e-02
   3.1952758e-02
   3.7123557e-02
   3.0781426e-02
   1.8349605e-02
   1.1944863e-02
   1.5482001e-02
   2.5367264e-02
   2.9173255e-02
   2.8481733e-02
   3.1016615e-02
   2.5495968e-02
   1.5652020e-02
   1.1169369e-02
   7.9645135e-03
   8.8318611e-03
   1.1487586e-02
   1.0956923e-02
   1.0244503e-02
   3.8018406e-03
  -6.1575010e-03
  -1.1788448e-02
  -1.0077125e-02
   2.4863977e-03
   1.2913350e-02
   1.8435129e-02
   2.8896143e-02
   2.8903270e-02
   1.6614575e-02
   1.1702547e-02
   6.9630120e-03
  -1.7184457e-03
  -1.0614118e-03
   1.3650820e-03
  -2.3723668e-03
  -6.8278099e-03
  -1.1828694e-02
  -1.5353968e-02
  -1.6662577e-02
  -1.6076701e-02
  -1.1940901e-02
  -9.1663238e-03
  -6.9196635e-03
  -3.8169539e-03
  -7.7953118e-03
  -1.5636718e-02
  -1.9032093e-02
  -2.3584274e-02
  -2.5839319e-02
  -1.8544569e-02
  -1.3064357e-02
  -1.0945248e-02
  -5.2278976e-03
  -4.5571486e-03
  -1.0058595e-02
  -1.2432114e-02
  -1.2378578e-02
  -4.2771860e-03
   1.1053577e-02
   2.0266247e-02
   2.5171902e-02
   2.0094697e-02
   5.4195283e-03
  -6.2003674e-03
  -1.4966807e-02
  -1.3948893e-02
  -6.2331304e-03
  -5.4526056e-03
  -8.0414425e-03
  -6.6926288e-03
  -4.1618345e-03
  -3.6225983e-03
  -3.1031498e-03
  -2.3285991e-03
  -1.8995117e-03
  -1.2469132e-03
   1.3626169e-03
   5.6562681e-03
   9.4350091e-03
   9.6871557e-03
   3.1466241e-03
  -3.9559081e-03
  -7.2235642e-03
  -1.3389177e-02
  -1.9368484e-02
  -1.5503927e-02
  -9.6093045e-03
  -6.3770734e-03
   9.1440836e-04
   4.6897514e-03
   3.3255310e-03
   1.0466213e-04
  -6.4773954e-03
  -1.0574731e-02
  -1.3490757e-02
  -1.0622188e-02
   1.0392324e-03
   7.2353656e-03
   9.3318782e-03
   1.3787573e-02
   1.3048384e-02
   8.2011277e-03
   6.4949612e-03
   4.7498063e-03
   7.0208449e-05
  -5.3671034e-03
  -1.0678889e-02
  -1.9605979e-02
  -3.2978617e-02
  -3.9851914e-02
  -3.7712786e-02
  -3.3204583e-02
  -2.4866492e-02
  -1.5758106e-02
  -1.4525588e-02
  -1.5078386e-02
  -1.0628728e-02
  -5.2804273e-03
  -1.2639781e-03
  -8.2026998e-04
  -2.7713073e-03
  -4.1557137e-03
  -5.2964629e-03
  -6.7747771e-03
  -6.4994051e-03
  -2.5321778e-03
   6.9403106e-04
   3.7015395e-03
   9.8408250e-03
   1.6433195e-02
   1.9803562e-02
   1.6513834e-02
   1.1210223e-02
   6.5437178e-03
   1.0042056e-03
  -2.2595517e-04
  -3.2370313e-04
  -3.2934598e-03
  -5.8318003e-03
  -7.3643630e-03
  -4.9315850e-03
   1.1327461e-03
   4.6838822e-03
   8.3414444e-03
   1.2599346e-02
   7.9072256e-03
  -1.3340169e-03
  -5.9286637e-03
  -8.1905421e-03
  -6.9979968e-03
  -5.2901116e-03
  -6.9222417e-03
  -7.0140115e-03
  -5.8587988e-03
  -5.9122927e-03
  -1.4861203e-03
   1.0131247e-02
   1.7269267e-02
   1.7346846e-02
   2.1934808e-02
   2.3921336e-02
   1.5734588e-02
   1.0577645e-02
   7.2977681e-03
  -1.0647510e-03
  -7.0690775e-03
  -6.8551438e-03
  -3.2469251e-03
  -1.5441126e-03
  -1.4593168e-03
  -5.3156427e-04
  -6.8953481e-04
   7.6215404e-04
   6.2695616e-03
   1.1392043e-02
   1.3031070e-02
   1.4702713e-02
   1.5620137e-02
   1.0928520e-02
   5.0214682e-03
  -3.0629245e-03
  -1.8768690e-02
  -2.8161231e-02
  -2.6325627e-02
  -2.5355107e-02
  -2.3691597e-02
  -1.8880520e-02
  -9.1691326e-03
   6.0675550e-04
   3.0101852e-03
   5.4196750e-03
   5.7072257e-03
   2.5192864e-03
   2.9097584e-03
   5.0146557e-03
   6.7674825e-03
   8.4580535e-03
   1.0711967e-02
   1.0863749e-02
   6.4833905e-03
   3.4967870e-03
   2.9644052e-03
   2.5495339e-03
   4.9837793e-03
   7.7254259e-03
   9.5636292e-03
   1.3536977e-02
   1.6211149e-02
   1.7607210e-02
   1.9583172e-02
   1.6184108e-02
   9.3616017e-03
   5.0086397e-03
   9.3655425e-04
  -3.5170778e-03
  -6.2574458e-03
  -3.7095259e-03
   1.2226754e-03
   4.9072486e-03
   1.1355717e-02
   1.6344192e-02
   1.5314811e-02
   1.1682445e-02
   8.4678216e-03
   2.5894238e-03
  -6.7711927e-03
  -1.1119920e-02
  -1.2191832e-02
  -1.5437227e-02
  -1.3166649e-02
  -5.3402726e-03
   1.7663932e-03
   1.1325260e-02
   1.5530883e-02
   1.1932495e-02
   1.3807885e-02
   1.6263930e-02
   1.4391601e-02
   1.3647759e-02
   1.0808599e-02
   6.1689251e-03
   2.8959447e-03
  -1.9803038e-03
  -7.9037250e-03
  -1.2049608e-02
  -1.5508978e-02
  -1.9307088e-02
  -1.7170287e-02
  -8.9376750e-03
  -4.6051925e-03
  -1.1164904e-03
   5.1831866e-03
   7.6387499e-03
   4.6602166e-03
  -7.2601212e-05
  -3.4057509e-03
  -6.8506999e-03
  -8.0503092e-03
  -1.7909895e-03
   7.5098363e-03
   1.4140670e-02
   1.4872921e-02
   1.0326316e-02
   5.6364175e-03
   3.6064788e-03
   4.6921620e-03
   4.6608245e-03
   1.9867390e-03
  -9.7905591e-04
  -5.4682639e-03
  -1.0181199e-02
  -9.1638294e-03
  -3.3935303e-03
  -6.4436893e-04
   2.7780359e-04
   2.1621223e-04
  -4.7811229e-03
  -1.0952626e-02
  -1.4962825e-02
  -1.8888905e-02
  -2.3599156e-02
  -2.3853001e-02
  -1.8145649e-02
  -1.5072097e-02
  -1.4098705e-02
  -9.7296658e-03
  -6.3275412e-03
  -5.5389253e-03
  -4.2021645e-03
  -3.0014233e-03
  -2.5268745e-03
  -2.3907920e-03
  -1.3209872e-03
   2.5571639e-03
   5.8627186e-03
   6.9836801e-03
   7.9989115e-03
   6.2289380e-03
   2.5790059e-03
   8.1865384e-04
  -1.5050947e-03
  -3.9295175e-03
  -4.5428947e-03
  -5.7802139e-03
  -7.7653577e-03
  -8.8205838e-03
  -7.7421952e-03
  -5.4809876e-03
  -4.8298585e-03
  -4.8459151e-03
  -4.0158162e-03
  -4.1060138e-03
  -5.0736834e-03
  -5.8184268e-03
  -9.4550483e-03
  -1.4535146e-02
  -1.6248921e-02
  -1.8610451e-02
  -2.3529774e-02
  -2.4842806e-02
  -2.2438305e-02
  -2.2319034e-02
  -2.3855097e-02
  -2.3867674e-02
  -2.3795985e-02
  -2.4341825e-02
  -2.1451015e-02
  -1.4717742e-02
  -1.0126657e-02
  -6.7807302e-03
  -2.3585531e-03
  -1.3317950e-04
   1.5868909e-03
   3.1243419e-03
   5.6261254e-04
  -2.0374786e-03
  -2.1533185e-03
  -3.9243400e-03
  -5.8183639e-03
  -4.8092952e-03
  -3.3970309e-03
  -2.8164375e-03
  -3.8645786e-03
  -8.2103717e-03
  -1.1870554e-02
  -1.3172728e-02
  -1.3626735e-02
  -1.1761785e-02
  -9.9546462e-03
  -1.0333904e-02
  -1.0102928e-02
  -9.8446609e-03
  -1.1026872e-02
  -1.0813043e-02
  -9.3007084e-03
  -8.8407488e-03
  -8.4363373e-03
  -1.0405697e-02
  -1.6256069e-02
  -2.1359204e-02
  -2.0123771e-02
  -1.2413438e-02
  -5.8119916e-03
   1.7426207e-03
   1.0250644e-02
   1.0536372e-02
   6.0935263e-03
   3.9812296e-03
   5.0335630e-03
   6.8198235e-03
   7.9135140e-03
   9.6353807e-03
   1.2666926e-02
   1.2033991e-02
   5.5656932e-03
   1.9390682e-03
   1.7702522e-03
   2.2683555e-03
   6.2262969e-03
   9.4427439e-03
   1.2022903e-02
   1.6327590e-02
   1.7550488e-02
   1.6588415e-02
   1.6359682e-02
   1.5680276e-02
   1.4185968e-02
   1.4736084e-02
   1.8553499e-02
   2.0976026e-02
   2.1421040e-02
   2.2949767e-02
   2.2768659e-02
   1.9975615e-02
   1.8394736e-02
   1.9552212e-02
   2.2459057e-02
   2.4292565e-02
   2.5560949e-02
   2.5081558e-02
   1.9788009e-02
   1.5264944e-02
   1.2779007e-02
   7.9625431e-03
   6.3028066e-03
   1.0395782e-02
   1.2013114e-02
   1.2053045e-02
   1.5304498e-02
   1.8559389e-02
   2.0230340e-02
   1.8529519e-02
   1.4423924e-02
   9.7536877e-03
   1.6297112e-03
  -4.5544445e-03
  -7.5893016e-03
  -1.2024831e-02
  -1.2910101e-02
  -1.2304521e-02
  -1.6043079e-02
  -1.9708397e-02
  -2.1822664e-02
  -2.1108713e-02
  -1.3386369e-02
  -6.5874017e-03
  -4.7046761e-03
  -3.1231052e-04
   1.5451439e-03
  -3.3111094e-03
  -5.4947593e-03
  -4.3102423e-03
  -4.9659620e-03
  -5.3760540e-03
  -5.1109950e-03
  -5.1130283e-03
  -4.9885585e-03
  -4.7041101e-03
  -4.6891855e-03
  -4.8737730e-03
  -4.8358116e-03
  -5.4706535e-03
  -8.5073342e-03
  -1.1818758e-02
  -1.3804573e-02
  -1.4936832e-02
  -1.1403384e-02
  -5.6528514e-03
  -4.1435141e-03
  -3.2449338e-03
   1.8191052e-04
   4.2281149e-04
  -4.4866129e-03
  -9.1343993e-03
  -1.3604306e-02
  -1.7008422e-02
  -1.7696506e-02
  -1.9014967e-02
  -1.6391816e-02
  -1.0927263e-02
  -1.0022981e-02
  -8.8892958e-03
  -6.1052019e-03
  -5.4078946e-03
  -3.1996987e-03
   1.0354027e-03
   3.7282026e-03
   5.9739197e-03
   8.7401752e-03
   9.7873520e-03
   9.3852463e-03
   9.9724636e-03
   1.0510337e-02
   9.8772561e-03
   9.3780565e-03
   8.7346833e-03
   8.1375512e-03
   9.2165058e-03
   1.0775208e-02
   1.1584638e-02
   1.3782018e-02
   1.5467747e-02
   1.2618630e-02
   9.2804176e-03
   8.5614360e-03
   6.9839107e-03
   5.6123956e-03
   6.4146994e-03
   7.2902429e-03
   8.1267141e-03
   9.1159951e-03
   9.7268779e-03
   1.2362899e-02
   1.7647770e-02
   2.1659373e-02
   2.5099795e-02
   2.7896696e-02
   2.4778244e-02
   2.0242225e-02
   1.9323689e-02
   1.7091660e-02
   1.4572877e-02
   1.5042018e-02
   1.5014453e-02
   1.3133698e-02
   1.0801472e-02
   8.8490286e-03
   7.1483751e-03
   4.3751184e-03
   7.1785178e-04
  -1.1568666e-03
   5.3145108e-04
   2.4606779e-03
   1.7599328e-03
   1.0596992e-03
   1.1267909e-03
   4.5235891e-04
  -1.8150554e-04
  -2.1527525e-04
  -3.5159668e-04
  -4.6825407e-04
   8.8835733e-04
   2.7023018e-03
   2.6774204e-03
   2.6132152e-03
   2.8517578e-03
   1.6239992e-03
   5.2116315e-04
  -1.2737503e-04
  -1.3437075e-03
  -2.3690339e-03
  -3.2227774e-03
  -3.7138230e-03
  -2.8999065e-03
  -2.1076013e-03
  -1.8532495e-03
   4.7442934e-04
   3.9310686e-03
   4.3418733e-03
   1.4157314e-03
  -1.1162200e-03
  -2.7706155e-03
  -6.5034087e-03
  -9.8151051e-03
  -1.0579196e-02
  -1.0621308e-02
  -8.6615274e-03
  -5.9732489e-03
  -5.1586826e-03
  -4.8891588e-03
  -5.5300795e-03
  -6.5888900e-03
  -6.4998872e-03
  -6.2280157e-03
  -6.0756252e-03
  -7.4505989e-03
  -1.0762589e-02
  -1.2515520e-02
  -1.2117502e-02
  -9.7764520e-03
  -6.1344643e-03
  -3.2251251e-03
  -3.8398858e-04
   1.2215602e-03
   2.0368183e-03
   4.2445278e-03
   5.9312000e-03
   6.1178837e-03
   5.8987934e-03
   5.1603595e-03
   4.3347674e-03
   4.9757091e-03
   6.1627414e-03
   6.3104366e-03
   6.3986429e-03
   7.1102670e-03
   6.6665736e-03
   4.5168185e-03
   2.8247383e-03
   1.8096201e-03
   1.3434014e-03
   1.8867167e-03
   1.7306181e-03
   1.6349851e-04
  -1.2869352e-03
  -1.6041109e-03
  -1.6027819e-03
  -1.9614196e-03
  -2.6445527e-03
  -3.8254852e-03
  -4.8047885e-03
  -5.2736987e-03
  -5.7647442e-03
  -6.1022464e-03
  -6.2816144e-03
  -6.5398190e-03
  -6.4182000e-03
  -5.7828760e-03
  -5.3269829e-03
  -5.8421343e-03
  -7.0717396e-03
  -7.2989839e-03
  -6.6544787e-03
  -6.0011907e-03
  -4.8034889e-03
  -3.3802826e-03
  -2.1538216e-03
  -1.8068616e-03
  -2.0153054e-03
  -1.5928293e-03
  -1.2758360e-03
  -1.1277195e-03
  -1.8483613e-04
   1.3085654e-03
   3.0579986e-03
   4.6016081e-03
   4.8954892e-03
   4.4033117e-03
   4.2911673e-03
   4.3182497e-03
   4.0571105e-03
   3.8501780e-03
   3.7832267e-03
   3.5195303e-03
   2.9716579e-03
   2.3192921e-03
   1.6196853e-03
   9.1364536e-04
   6.2343671e-04
   8.1071989e-04
   9.2146611e-04
   7.3283511e-04
   3.1594525e-04
  -1.2722139e-04
  -5.8416941e-04
  -9.3672613e-04
  -8.7103888e-04
  -7.8499167e-04
  -4.7761969e-04
   5.4247686e-05
  -7.3257099e-05
  -5.5488401e-04
  -1.2599555e-03
  -2.2895686e-03
  -2.7848065e-03
  -2.5817099e-03
  -2.0737379e-03
  -1.2445928e-03
  -6.7111169e-04
  -7.9524187e-04
  -1.1075754e-03
  -1.6748310e-03
  -2.2548772e-03
  -2.3382833e-03
  -2.2360118e-03
  -1.9725627e-03
  -1.6328177e-03
  -1.3738397e-03
  -1.0594456e-03
  -7.2132302e-04
  -5.1909214e-04
  -4.5731003e-04
  -5.1038471e-04
  -1.0360944e-03
  -1.6862005e-03
  -1.6104664e-03
  -1.1954484e-03
  -9.0506579e-04
  -5.0700780e-04
  -2.5964878e-04
  -3.1096269e-04
  -3.3426985e-04
  -3.3807857e-04
  -3.6282369e-04
  -2.8401870e-04
  -1.8483718e-04
  -1.9002579e-04
  -2.1979666e-04
  -2.6652627e-04
  -3.6176513e-04
  -4.2369398e-04
  -4.3719951e-04
  -4.3254185e-04
  -4.4516071e-04
  -4.7404784e-04
  -4.9148157e-04
  -5.1203439e-04
  -5.4214358e-04
  -5.6886747e-04
  -5.9118944e-04
  -6.1869101e-04
  -6.4990068e-04
  -6.7775021e-04
  -7.1832342e-04
  -7.8637094e-04
  -8.6114712e-04
  -9.0160503e-04
  -8.9685934e-04
  -8.6171308e-04
  -8.0375017e-04
  -7.3440722e-04
  -6.6139600e-04
  -5.9049352e-04
  -5.3328731e-04
  -4.8718236e-04
  -4.4121575e-04
  -3.9220761e-04
  -3.3952072e-04
  -2.8599118e-04
  -2.3485754e-04
  -1.8568444e-04
